año,mes,distrito,total,hombres_total,mujeres_total,no_estudios_total,no_estudios_hombres,no_estudios_mujeres,estudios_primarios_incompletos_total,estudios_primarios_incompletos_hombres,estudios_primarios_incompletos_mujeres,estudios_primarios_total,estudios_primarios_hombres,estudios_primarios_mujeres,programa_fp_total,programa_fp_hombres,programa_fp_mujeres,educacion_general_total,educacion_general_hombres,educacion_general_mujeres,estudios_tecnico_profesionales_superiores_total,estudios_tecnico_profesionales_superiores_hombres,estudios_tecnico_profesionales_superiores_mujeres,estudios_universitarios_ciclo1_total,estudios_universitarios_ciclo1_hombres,estudios_universitarios_ciclo1_mujeres,estudios_universitarios_ciclo2y3_total,estudios_universitarios_ciclo2y3_hombres,estudios_universitarios_ciclo2y3_mujeres,otros_total,otros_hombres,otros_mujeres,otro_fp_total,otro_fp_hombres,otro_fp_mujeres,fecha
2013,Enero,MADRID,253669,127047,126622,4258,2444,1814,17379,9952,7427,35391,20107,15284,14734,6390,8344,121685,63534,58151,13738,6367,7371,13008,4848,8160,33014,13245,19769,462,160,302,0,0,0,Enero 2013
2013,Enero,CENTRO,12168,6397,5771,83,55,28,432,262,170,1826,1143,683,508,258,250,5349,2979,2370,604,300,304,691,274,417,2639,1115,1524,36,11,25,0,0,0,Enero 2013
2013,Enero,ARGANZUELA,11254,5327,5927,52,29,23,345,181,164,1550,938,612,591,255,336,4664,2354,2310,729,342,387,920,339,581,2351,874,1477,52,15,37,0,0,0,Enero 2013
2013,Enero,RETIRO,6672,3087,3585,25,17,8,97,55,42,652,328,324,293,146,147,2743,1319,1424,389,193,196,537,251,286,1914,772,1142,22,6,16,0,0,0,Enero 2013
2013,Enero,SALAMANCA,7853,3531,4322,23,11,12,176,84,92,535,243,292,326,144,182,3505,1697,1808,435,190,245,585,237,348,2235,911,1324,33,14,19,0,0,0,Enero 2013
2013,Enero,CHAMARTÍN,7207,3334,3873,18,10,8,216,106,110,274,139,135,279,132,147,3110,1484,1626,420,219,201,624,279,345,2231,956,1275,35,9,26,0,0,0,Enero 2013
2013,Enero,TETUÁN,12513,6279,6234,51,33,18,2087,1169,918,1576,857,719,618,277,341,5240,2685,2555,620,311,309,585,220,365,1712,721,991,24,6,18,0,0,0,Enero 2013
2013,Enero,CHAMBERÍ,8026,3694,4332,59,25,34,274,159,115,749,389,360,268,102,166,3206,1596,1610,359,171,188,607,234,373,2477,1005,1472,27,13,14,0,0,0,Enero 2013
2013,Enero,FUENCARRAL - EL PARDO,14111,6650,7461,28,18,10,746,383,363,2144,1207,937,802,338,464,5737,2794,2943,885,442,443,976,347,629,2737,1103,1634,56,18,38,0,0,0,Enero 2013
2013,Enero,MONCLOA - ARAVACA,6440,3083,3357,33,18,15,331,190,141,563,297,266,309,147,162,2685,1339,1346,365,175,190,478,201,277,1644,706,938,32,10,22,0,0,0,Enero 2013
2013,Enero,LATINA,20742,10679,10063,199,116,83,2185,1336,849,2604,1518,1086,1520,680,840,9941,5263,4678,1362,656,706,1055,385,670,1859,716,1143,17,9,8,0,0,0,Enero 2013
2013,Enero,CARABANCHEL,23759,12297,11462,224,129,95,1472,857,615,4954,2813,2141,1472,613,859,11970,6493,5477,1234,546,688,886,297,589,1531,540,991,16,9,7,0,0,0,Enero 2013
2013,Enero,USERA,13859,7161,6698,65,36,29,1088,602,486,2655,1538,1117,904,375,529,7497,4004,3493,582,241,341,380,115,265,681,245,436,7,5,2,0,0,0,Enero 2013
2013,Enero,PUENTE DE VALLECAS,26084,13922,12162,1980,1170,810,3224,1883,1341,3577,2008,1569,1575,716,859,13226,7175,6051,1000,448,552,562,177,385,937,344,593,3,1,2,0,0,0,Enero 2013
2013,Enero,MORATALAZ,7573,3759,3814,299,155,144,531,282,249,608,340,268,483,210,273,3894,2021,1873,508,256,252,425,163,262,816,329,487,9,3,6,0,0,0,Enero 2013
2013,Enero,CIUDAD LINEAL,16258,8163,8095,209,120,89,421,241,180,3271,1854,1417,905,392,513,7385,3836,3549,912,423,489,944,355,589,2179,932,1247,32,10,22,0,0,0,Enero 2013
2013,Enero,HORTALEZA,11179,5339,5840,47,22,25,472,267,205,638,373,265,758,299,459,5721,2894,2827,745,352,393,788,303,485,1987,822,1165,23,7,16,0,0,0,Enero 2013
2013,Enero,VILLAVERDE,16133,8560,7573,138,62,76,719,439,280,2828,1680,1148,1032,418,614,9680,5303,4377,702,298,404,443,150,293,585,207,378,6,3,3,0,0,0,Enero 2013
2013,Enero,VILLA DE VALLECAS,10019,4858,5161,164,86,78,1480,827,653,1658,898,760,639,261,378,4539,2218,2321,533,209,324,398,129,269,598,228,370,10,2,8,0,0,0,Enero 2013
2013,Enero,VICÁLVARO,6205,3111,3094,374,216,158,524,314,210,536,293,243,461,197,264,3205,1685,1520,394,159,235,287,94,193,419,151,268,5,2,3,0,0,0,Enero 2013
2013,Enero,SAN BLAS-CANILLEJAS,12813,6510,6303,156,101,55,434,253,181,1968,1128,840,855,355,500,6930,3702,3228,778,344,434,620,217,403,1058,404,654,14,6,8,0,0,0,Enero 2013
2013,Enero,BARAJAS,2801,1306,1495,31,15,16,125,62,63,225,123,102,136,75,61,1458,693,765,182,92,90,217,81,136,424,164,260,3,1,2,0,0,0,Enero 2013
2013,Febrero,MADRID,256787,128598,128189,4364,2476,1888,17666,10086,7580,35993,20352,15641,14917,6495,8422,123637,64517,59120,13916,6500,7416,12958,4806,8152,32873,13199,19674,463,167,296,0,0,0,Febrero 2013
2013,Febrero,CENTRO,12153,6366,5787,92,57,35,432,271,161,1848,1155,693,503,253,250,5394,2995,2399,609,303,306,697,261,436,2549,1060,1489,29,11,18,0,0,0,Febrero 2013
2013,Febrero,ARGANZUELA,11263,5336,5927,56,31,25,352,186,166,1536,910,626,585,256,329,4721,2375,2346,721,334,387,903,350,553,2328,874,1454,61,20,41,0,0,0,Febrero 2013
2013,Febrero,RETIRO,6751,3121,3630,26,19,7,107,64,43,664,335,329,305,148,157,2780,1334,1446,407,202,205,521,243,278,1921,772,1149,20,4,16,0,0,0,Febrero 2013
2013,Febrero,SALAMANCA,7945,3567,4378,24,12,12,190,92,98,552,239,313,338,148,190,3546,1700,1846,447,204,243,603,255,348,2211,899,1312,34,18,16,0,0,0,Febrero 2013
2013,Febrero,CHAMARTÍN,7226,3311,3915,19,8,11,237,115,122,269,133,136,281,135,146,3115,1463,1652,431,223,208,603,268,335,2238,959,1279,33,7,26,0,0,0,Febrero 2013
2013,Febrero,TETUÁN,12655,6329,6326,51,36,15,2099,1166,933,1597,854,743,624,278,346,5348,2756,2592,619,307,312,563,207,356,1732,720,1012,22,5,17,0,0,0,Febrero 2013
2013,Febrero,CHAMBERÍ,8069,3750,4319,65,29,36,268,149,119,768,394,374,277,110,167,3241,1626,1615,372,180,192,589,226,363,2460,1022,1438,29,14,15,0,0,0,Febrero 2013
2013,Febrero,FUENCARRAL - EL PARDO,14151,6725,7426,25,16,9,748,388,360,2198,1211,987,813,344,469,5782,2849,2933,879,438,441,938,335,603,2710,1124,1586,58,20,38,0,0,0,Febrero 2013
2013,Febrero,MONCLOA - ARAVACA,6470,3080,3390,33,17,16,343,199,144,572,301,271,312,145,167,2722,1351,1371,354,185,169,472,194,278,1633,680,953,29,8,21,0,0,0,Febrero 2013
2013,Febrero,LATINA,20950,10753,10197,204,119,85,2211,1342,869,2619,1502,1117,1514,686,828,10112,5349,4763,1382,659,723,1057,376,681,1836,712,1124,15,8,7,0,0,0,Febrero 2013
2013,Febrero,CARABANCHEL,24275,12555,11720,236,132,104,1475,856,619,5050,2845,2205,1520,639,881,12259,6642,5617,1265,571,694,911,311,600,1540,550,990,19,9,10,0,0,0,Febrero 2013
2013,Febrero,USERA,14011,7197,6814,67,35,32,1141,638,503,2627,1508,1119,900,374,526,7610,4020,3590,586,239,347,381,123,258,690,254,436,9,6,3,0,0,0,Febrero 2013
2013,Febrero,PUENTE DE VALLECAS,26638,14258,12380,2035,1180,855,3262,1889,1373,3670,2085,1585,1638,744,894,13519,7374,6145,1017,459,558,558,177,381,936,349,587,3,1,2,0,0,0,Febrero 2013
2013,Febrero,MORATALAZ,7662,3778,3884,296,155,141,519,272,247,621,341,280,491,215,276,3949,2034,1915,519,261,258,443,166,277,816,331,485,8,3,5,0,0,0,Febrero 2013
2013,Febrero,CIUDAD LINEAL,16554,8356,8198,214,126,88,423,240,183,3366,1935,1431,921,401,520,7550,3929,3621,932,436,496,959,365,594,2158,912,1246,31,12,19,0,0,0,Febrero 2013
2013,Febrero,HORTALEZA,11474,5510,5964,49,25,24,509,285,224,665,385,280,753,307,446,5899,3002,2897,762,368,394,785,290,495,2033,843,1190,19,5,14,0,0,0,Febrero 2013
2013,Febrero,VILLAVERDE,16217,8594,7623,145,67,78,744,447,297,2872,1706,1166,1031,417,614,9715,5319,4396,692,301,391,437,132,305,572,202,370,9,3,6,0,0,0,Febrero 2013
2013,Febrero,VILLA DE VALLECAS,10145,4898,5247,168,84,84,1512,855,657,1659,904,755,642,252,390,4591,2223,2368,553,222,331,406,134,272,602,220,382,12,4,8,0,0,0,Febrero 2013
2013,Febrero,VICÁLVARO,6351,3166,3185,367,211,156,534,313,221,580,321,259,470,201,269,3263,1705,1558,408,167,241,283,90,193,442,156,286,4,2,2,0,0,0,Febrero 2013
2013,Febrero,SAN BLAS-CANILLEJAS,12994,6619,6375,154,98,56,435,258,177,2026,1154,872,863,366,497,7028,3769,3259,779,349,430,639,220,419,1054,399,655,16,6,10,0,0,0,Febrero 2013
2013,Febrero,BARAJAS,2833,1329,1504,38,19,19,125,61,64,234,134,100,136,76,60,1493,702,791,182,92,90,210,83,127,412,161,251,3,1,2,0,0,0,Febrero 2013
2013,Marzo,MADRID,257657,129300,128357,4357,2475,1882,17853,10205,7648,36229,20510,15719,14952,6534,8418,124261,64937,59324,13972,6591,7381,12881,4815,8066,32705,13066,19639,447,167,280,0,0,0,Marzo 2013
2013,Marzo,CENTRO,12265,6500,5765,91,57,34,465,300,165,1884,1172,712,519,256,263,5411,3032,2379,613,311,302,708,290,418,2547,1070,1477,27,12,15,0,0,0,Marzo 2013
2013,Marzo,ARGANZUELA,11168,5286,5882,55,29,26,353,194,159,1560,923,637,569,250,319,4675,2329,2346,731,348,383,883,333,550,2280,854,1426,62,26,36,0,0,0,Marzo 2013
2013,Marzo,RETIRO,6782,3158,3624,28,21,7,107,60,47,683,351,332,300,154,146,2779,1340,1439,411,204,207,541,249,292,1912,774,1138,21,5,16,0,0,0,Marzo 2013
2013,Marzo,SALAMANCA,7966,3563,4403,26,14,12,219,114,105,559,251,308,338,147,191,3551,1680,1871,456,212,244,584,242,342,2204,888,1316,29,15,14,0,0,0,Marzo 2013
2013,Marzo,CHAMARTÍN,7253,3292,3961,18,8,10,272,131,141,276,130,146,278,123,155,3088,1430,1658,428,226,202,598,269,329,2262,969,1293,33,6,27,0,0,0,Marzo 2013
2013,Marzo,TETUÁN,12760,6397,6363,47,31,16,2130,1177,953,1590,864,726,647,284,363,5420,2817,2603,622,309,313,580,204,376,1703,706,997,21,5,16,0,0,0,Marzo 2013
2013,Marzo,CHAMBERÍ,8076,3750,4326,64,27,37,272,152,120,777,398,379,265,103,162,3262,1655,1607,385,191,194,583,224,359,2441,990,1451,27,10,17,0,0,0,Marzo 2013
2013,Marzo,FUENCARRAL - EL PARDO,14215,6751,7464,28,14,14,734,384,350,2229,1232,997,827,363,464,5834,2881,2953,866,430,436,932,327,605,2711,1102,1609,54,18,36,0,0,0,Marzo 2013
2013,Marzo,MONCLOA - ARAVACA,6505,3128,3377,33,17,16,328,192,136,598,322,276,301,137,164,2740,1366,1374,352,177,175,479,202,277,1652,706,946,22,9,13,0,0,0,Marzo 2013
2013,Marzo,LATINA,21084,10886,10198,201,119,82,2251,1364,887,2628,1521,1107,1545,687,858,10215,5432,4783,1371,674,697,1051,381,670,1804,700,1104,18,8,10,0,0,0,Marzo 2013
2013,Marzo,CARABANCHEL,24216,12542,11674,222,123,99,1480,859,621,5074,2858,2216,1530,650,880,12219,6626,5593,1271,578,693,873,305,568,1531,536,995,16,7,9,0,0,0,Marzo 2013
2013,Marzo,USERA,14126,7272,6854,69,36,33,1188,671,517,2591,1496,1095,924,387,537,7682,4057,3625,606,249,357,376,121,255,684,250,434,6,5,1,0,0,0,Marzo 2013
2013,Marzo,PUENTE DE VALLECAS,26510,14223,12287,2045,1185,860,3207,1845,1362,3627,2072,1555,1645,758,887,13519,7375,6144,1015,475,540,520,164,356,929,348,581,3,1,2,0,0,0,Marzo 2013
2013,Marzo,MORATALAZ,7691,3814,3877,275,151,124,524,277,247,658,354,304,477,209,268,3989,2061,1928,525,268,257,426,160,266,809,331,478,8,3,5,0,0,0,Marzo 2013
2013,Marzo,CIUDAD LINEAL,16626,8366,8260,217,128,89,431,249,182,3398,1936,1462,890,395,495,7605,3951,3654,926,430,496,971,368,603,2157,899,1258,31,10,21,0,0,0,Marzo 2013
2013,Marzo,HORTALEZA,11478,5512,5966,48,25,23,539,301,238,664,382,282,762,323,439,5891,2999,2892,761,359,402,805,297,508,1990,820,1170,18,6,12,0,0,0,Marzo 2013
2013,Marzo,VILLAVERDE,16525,8786,7739,155,73,82,761,456,305,2915,1742,1173,1040,417,623,9906,5438,4468,705,311,394,437,140,297,592,203,389,14,6,8,0,0,0,Marzo 2013
2013,Marzo,VILLA DE VALLECAS,10060,4856,5204,172,87,85,1499,851,648,1646,894,752,627,254,373,4542,2189,2353,557,227,330,401,133,268,603,216,387,13,5,8,0,0,0,Marzo 2013
2013,Marzo,VICÁLVARO,6362,3201,3161,359,209,150,538,316,222,594,334,260,467,197,270,3267,1724,1543,419,174,245,284,91,193,431,154,277,3,2,1,0,0,0,Marzo 2013
2013,Marzo,SAN BLAS-CANILLEJAS,13151,6685,6466,160,99,61,436,255,181,2043,1148,895,864,368,496,7175,3833,3342,773,350,423,636,230,406,1046,395,651,18,7,11,0,0,0,Marzo 2013
2013,Marzo,BARAJAS,2838,1332,1506,44,22,22,119,57,62,235,130,105,137,72,65,1491,722,769,179,88,91,213,85,128,417,155,262,3,1,2,0,0,0,Marzo 2013
2013,Abril,MADRID,256650,128295,128355,4317,2466,1851,17757,10059,7698,36885,20644,16241,14870,6471,8399,123494,64281,59213,13939,6569,7370,12772,4782,7990,32197,12866,19331,419,157,262,0,0,0,Abril 2013
2013,Abril,CENTRO,12113,6397,5716,92,54,38,450,294,156,1919,1182,737,518,257,261,5318,2961,2357,595,306,289,676,268,408,2521,1064,1457,24,11,13,0,0,0,Abril 2013
2013,Abril,ARGANZUELA,11134,5253,5881,58,31,27,349,192,157,1584,918,666,561,247,314,4644,2291,2353,735,357,378,887,344,543,2260,851,1409,56,22,34,0,0,0,Abril 2013
2013,Abril,RETIRO,6619,3068,3551,25,20,5,104,55,49,708,359,349,289,149,140,2701,1303,1398,394,194,200,541,242,299,1835,740,1095,22,6,16,0,0,0,Abril 2013
2013,Abril,SALAMANCA,7916,3572,4344,23,13,10,246,130,116,624,280,344,336,145,191,3436,1662,1774,466,218,248,594,249,345,2164,863,1301,27,12,15,0,0,0,Abril 2013
2013,Abril,CHAMARTÍN,7308,3310,3998,16,6,10,293,145,148,325,148,177,282,128,154,3066,1432,1634,414,210,204,591,254,337,2291,982,1309,30,5,25,0,0,0,Abril 2013
2013,Abril,TETUÁN,12693,6334,6359,47,31,16,2056,1134,922,1683,904,779,632,275,357,5346,2778,2568,629,313,316,583,204,379,1700,691,1009,17,4,13,0,0,0,Abril 2013
2013,Abril,CHAMBERÍ,7932,3641,4291,62,27,35,274,145,129,788,391,397,253,98,155,3187,1601,1586,376,190,186,576,218,358,2388,957,1431,28,14,14,0,0,0,Abril 2013
2013,Abril,FUENCARRAL - EL PARDO,14192,6731,7461,25,13,12,743,399,344,2266,1237,1029,821,338,483,5779,2857,2922,879,434,445,943,335,608,2686,1098,1588,50,20,30,0,0,0,Abril 2013
2013,Abril,MONCLOA - ARAVACA,6474,3105,3369,35,18,17,322,189,133,624,339,285,299,129,170,2750,1369,1381,355,179,176,469,193,276,1600,682,918,20,7,13,0,0,0,Abril 2013
2013,Abril,LATINA,20918,10751,10167,202,125,77,2155,1295,860,2645,1527,1118,1563,708,855,10180,5368,4812,1389,680,709,1020,367,653,1748,675,1073,16,6,10,0,0,0,Abril 2013
2013,Abril,CARABANCHEL,24169,12461,11708,213,126,87,1518,865,653,5167,2873,2294,1494,631,863,12159,6558,5601,1239,568,671,858,291,567,1507,542,965,14,7,7,0,0,0,Abril 2013
2013,Abril,USERA,14084,7221,6863,78,40,38,1204,683,521,2601,1500,1101,924,394,530,7626,3979,3647,597,243,354,374,129,245,673,247,426,7,6,1,0,0,0,Abril 2013
2013,Abril,PUENTE DE VALLECAS,26573,14230,12343,2041,1203,838,3201,1817,1384,3656,2063,1593,1621,748,873,13621,7427,6194,1002,467,535,526,169,357,900,335,565,5,1,4,0,0,0,Abril 2013
2013,Abril,MORATALAZ,7706,3798,3908,267,145,122,509,261,248,715,388,327,471,208,263,3965,2034,1931,533,275,258,433,160,273,801,324,477,12,3,9,0,0,0,Abril 2013
2013,Abril,CIUDAD LINEAL,16520,8226,8294,202,117,85,442,233,209,3325,1859,1466,909,400,509,7592,3919,3673,929,438,491,979,377,602,2112,872,1240,30,11,19,0,0,0,Abril 2013
2013,Abril,HORTALEZA,11515,5558,5957,49,27,22,593,335,258,719,420,299,757,307,450,5817,2946,2871,796,380,416,776,300,476,1992,840,1152,16,3,13,0,0,0,Abril 2013
2013,Abril,VILLAVERDE,16447,8729,7718,151,71,80,746,452,294,2969,1767,1202,1056,426,630,9832,5375,4457,685,298,387,432,141,291,564,194,370,12,5,7,0,0,0,Abril 2013
2013,Abril,VILLA DE VALLECAS,10153,4874,5279,165,82,83,1495,841,654,1655,876,779,619,249,370,4648,2242,2406,553,221,332,404,148,256,603,211,392,11,4,7,0,0,0,Abril 2013
2013,Abril,VICÁLVARO,6328,3155,3173,365,205,160,522,301,221,639,353,286,473,205,268,3214,1683,1531,418,170,248,272,89,183,422,147,275,3,2,1,0,0,0,Abril 2013
2013,Abril,SAN BLAS-CANILLEJAS,13066,6568,6498,162,94,68,419,235,184,2049,1146,903,861,360,501,7130,3769,3361,769,336,433,624,227,397,1036,395,641,16,6,10,0,0,0,Abril 2013
2013,Abril,BARAJAS,2790,1313,1477,39,18,21,116,58,58,224,114,110,131,69,62,1483,727,756,186,92,94,214,77,137,394,156,238,3,2,1,0,0,0,Abril 2013
2013,Mayo,MADRID,252846,126024,126822,4289,2423,1866,17178,9690,7488,36809,20513,16296,14597,6313,8284,121154,62888,58266,13827,6516,7311,12506,4705,7801,31876,12775,19101,610,201,409,0,0,0,Mayo 2013
2013,Mayo,CENTRO,12001,6320,5681,91,54,37,438,279,159,1935,1183,752,496,245,251,5274,2920,2354,602,307,295,646,265,381,2476,1046,1430,43,21,22,0,0,0,Mayo 2013
2013,Mayo,ARGANZUELA,11041,5188,5853,54,28,26,338,172,166,1566,904,662,560,249,311,4593,2274,2319,730,356,374,877,336,541,2244,843,1401,79,26,53,0,0,0,Mayo 2013
2013,Mayo,RETIRO,6532,2999,3533,23,17,6,107,55,52,701,355,346,282,139,143,2662,1273,1389,373,184,189,518,230,288,1832,738,1094,34,8,26,0,0,0,Mayo 2013
2013,Mayo,SALAMANCA,7787,3483,4304,24,12,12,223,117,106,665,309,356,322,134,188,3346,1602,1744,426,192,234,591,241,350,2147,859,1288,43,17,26,0,0,0,Mayo 2013
2013,Mayo,CHAMARTÍN,7212,3302,3910,17,7,10,253,127,126,373,180,193,274,120,154,3023,1435,1588,402,202,200,565,244,321,2263,974,1289,42,13,29,0,0,0,Mayo 2013
2013,Mayo,TETUÁN,12485,6203,6282,46,29,17,1983,1083,900,1728,917,811,616,272,344,5264,2731,2533,598,302,296,578,196,382,1645,668,977,27,5,22,0,0,0,Mayo 2013
2013,Mayo,CHAMBERÍ,7911,3617,4294,73,32,41,270,148,122,809,404,405,255,99,156,3068,1545,1523,399,188,211,572,214,358,2399,968,1431,66,19,47,0,0,0,Mayo 2013
2013,Mayo,FUENCARRAL - EL PARDO,14029,6644,7385,23,10,13,705,382,323,2273,1232,1041,822,349,473,5703,2811,2892,862,426,436,923,324,599,2647,1087,1560,71,23,48,0,0,0,Mayo 2013
2013,Mayo,MONCLOA - ARAVACA,6319,3012,3307,31,15,16,317,179,138,591,309,282,301,128,173,2677,1333,1344,344,172,172,473,201,272,1552,662,890,33,13,20,0,0,0,Mayo 2013
2013,Mayo,LATINA,20558,10563,9995,206,123,83,2095,1265,830,2625,1508,1117,1533,683,850,9889,5233,4656,1394,683,711,1019,374,645,1769,685,1084,28,9,19,0,0,0,Mayo 2013
2013,Mayo,CARABANCHEL,23725,12198,11527,221,129,92,1497,832,665,5115,2845,2270,1457,617,840,11850,6369,5481,1234,572,662,851,295,556,1481,533,948,19,6,13,0,0,0,Mayo 2013
2013,Mayo,USERA,13777,7029,6748,74,37,37,1170,660,510,2564,1475,1089,894,375,519,7451,3875,3576,602,232,370,352,123,229,661,246,415,9,6,3,0,0,0,Mayo 2013
2013,Mayo,PUENTE DE VALLECAS,26061,13915,12146,2031,1205,826,3090,1760,1330,3571,2002,1569,1578,731,847,13381,7248,6133,1011,474,537,508,158,350,887,336,551,4,1,3,0,0,0,Mayo 2013
2013,Mayo,MORATALAZ,7614,3749,3865,254,130,124,490,248,242,764,408,356,464,201,263,3883,2008,1875,526,271,255,419,158,261,802,321,481,12,4,8,0,0,0,Mayo 2013
2013,Mayo,CIUDAD LINEAL,16221,8089,8132,199,114,85,415,224,191,3271,1843,1428,898,392,506,7421,3803,3618,901,440,461,963,372,591,2121,892,1229,32,9,23,0,0,0,Mayo 2013
2013,Mayo,HORTALEZA,11381,5450,5931,56,29,27,565,315,250,755,431,324,748,301,447,5753,2897,2856,809,382,427,753,291,462,1922,801,1121,20,3,17,0,0,0,Mayo 2013
2013,Mayo,VILLAVERDE,16183,8538,7645,148,63,85,726,440,286,2972,1751,1221,1042,416,626,9616,5217,4399,699,312,387,413,142,271,553,192,361,14,5,9,0,0,0,Mayo 2013
2013,Mayo,VILLA DE VALLECAS,9968,4779,5189,173,86,87,1433,795,638,1609,839,770,603,236,367,4606,2247,2359,548,216,332,388,138,250,596,217,379,12,5,7,0,0,0,Mayo 2013
2013,Mayo,VICÁLVARO,6258,3122,3136,340,189,151,530,318,212,663,362,301,450,192,258,3174,1657,1517,406,170,236,270,87,183,423,146,277,2,1,1,0,0,0,Mayo 2013
2013,Mayo,SAN BLAS-CANILLEJAS,12976,6506,6470,167,95,72,419,237,182,2024,1131,893,861,360,501,7054,3704,3350,774,342,432,613,232,381,1050,400,650,14,5,9,0,0,0,Mayo 2013
2013,Mayo,BARAJAS,2807,1318,1489,38,19,19,114,54,60,235,125,110,141,74,67,1466,706,760,187,93,94,214,84,130,406,161,245,6,2,4,0,0,0,Mayo 2013
2013,Junio,MADRID,247525,122696,124829,4269,2389,1880,16762,9349,7413,36550,20172,16378,14243,6136,8107,118411,61127,57284,13430,6310,7120,12048,4532,7516,31264,12501,18763,548,180,368,0,0,0,Junio 2013
2013,Junio,CENTRO,11665,6134,5531,90,50,40,433,266,167,1876,1122,754,487,236,251,5130,2869,2261,580,301,279,610,263,347,2417,1007,1410,42,20,22,0,0,0,Junio 2013
2013,Junio,ARGANZUELA,10789,5087,5702,56,33,23,339,168,171,1574,905,669,548,242,306,4484,2231,2253,704,334,370,833,321,512,2182,832,1350,69,21,48,0,0,0,Junio 2013
2013,Junio,RETIRO,6332,2879,3453,21,16,5,111,59,52,669,321,348,273,138,135,2566,1214,1352,360,174,186,491,222,269,1813,727,1086,28,8,20,0,0,0,Junio 2013
2013,Junio,SALAMANCA,7553,3354,4199,23,11,12,205,101,104,712,340,372,308,127,181,3232,1523,1709,417,190,227,558,230,328,2052,817,1235,46,15,31,0,0,0,Junio 2013
2013,Junio,CHAMARTÍN,7046,3227,3819,16,8,8,244,121,123,406,194,212,268,119,149,2928,1371,1557,378,193,185,565,252,313,2203,955,1248,38,14,24,0,0,0,Junio 2013
2013,Junio,TETUÁN,12255,6086,6169,48,30,18,1930,1054,876,1720,906,814,606,262,344,5155,2673,2482,579,292,287,552,186,366,1642,678,964,23,5,18,0,0,0,Junio 2013
2013,Junio,CHAMBERÍ,7698,3519,4179,65,35,30,254,136,118,807,400,407,254,96,158,2999,1493,1506,389,190,199,568,214,354,2316,936,1380,46,19,27,0,0,0,Junio 2013
2013,Junio,FUENCARRAL - EL PARDO,13696,6408,7288,17,6,11,665,351,314,2251,1215,1036,820,346,474,5564,2681,2883,846,402,444,882,312,570,2585,1078,1507,66,17,49,0,0,0,Junio 2013
2013,Junio,MONCLOA - ARAVACA,6120,2907,3213,32,14,18,304,169,135,575,296,279,294,129,165,2569,1293,1276,333,163,170,447,182,265,1537,650,887,29,11,18,0,0,0,Junio 2013
2013,Junio,LATINA,20050,10189,9861,217,122,95,2006,1190,816,2609,1485,1124,1477,651,826,9662,5049,4613,1362,675,687,960,338,622,1736,672,1064,21,7,14,0,0,0,Junio 2013
2013,Junio,CARABANCHEL,23173,11856,11317,223,128,95,1424,785,639,5083,2800,2283,1400,586,814,11573,6190,5383,1193,558,635,818,283,535,1442,520,922,17,6,11,0,0,0,Junio 2013
2013,Junio,USERA,13593,6859,6734,82,42,40,1172,645,527,2552,1452,1100,899,368,531,7291,3765,3526,597,229,368,333,106,227,656,246,410,11,6,5,0,0,0,Junio 2013
2013,Junio,PUENTE DE VALLECAS,25826,13681,12145,2021,1187,834,3050,1731,1319,3552,1971,1581,1557,726,831,13265,7137,6128,983,448,535,511,157,354,885,324,561,2,0,2,0,0,0,Junio 2013
2013,Junio,MORATALAZ,7408,3632,3776,244,128,116,475,240,235,766,400,366,449,191,258,3772,1956,1816,508,255,253,400,151,249,780,306,474,14,5,9,0,0,0,Junio 2013
2013,Junio,CIUDAD LINEAL,15891,7918,7973,200,109,91,397,213,184,3186,1772,1414,881,380,501,7306,3768,3538,857,417,440,908,360,548,2126,892,1234,30,7,23,0,0,0,Junio 2013
2013,Junio,HORTALEZA,11132,5251,5881,55,28,27,540,297,243,776,438,338,733,296,437,5543,2774,2769,780,360,420,750,278,472,1934,777,1157,21,3,18,0,0,0,Junio 2013
2013,Junio,VILLAVERDE,15884,8350,7534,149,65,84,720,439,281,2952,1732,1220,1012,403,609,9394,5068,4326,686,315,371,415,141,274,546,183,363,10,4,6,0,0,0,Junio 2013
2013,Junio,VILLA DE VALLECAS,9869,4679,5190,173,86,87,1440,800,640,1561,805,756,601,243,358,4561,2172,2389,529,213,316,377,144,233,617,212,405,10,4,6,0,0,0,Junio 2013
2013,Junio,VICÁLVARO,6179,3065,3114,340,185,155,535,305,230,707,386,321,430,183,247,3102,1604,1498,393,165,228,256,86,170,413,150,263,3,1,2,0,0,0,Junio 2013
2013,Junio,SAN BLAS-CANILLEJAS,12573,6294,6279,161,90,71,401,227,174,1985,1103,882,816,346,470,6842,3580,3262,767,340,427,602,226,376,983,377,606,16,5,11,0,0,0,Junio 2013
2013,Junio,BARAJAS,2793,1321,1472,36,16,20,117,52,65,231,129,102,130,68,62,1473,716,757,189,96,93,212,80,132,399,162,237,6,2,4,0,0,0,Junio 2013
2013,Julio,MADRID,247801,121326,126475,4130,2277,1853,16208,8997,7211,36093,19795,16298,13755,5933,7822,116712,59890,56822,13620,6325,7295,13164,4737,8427,33618,13195,20423,501,177,324,0,0,0,Julio 2013
2013,Julio,CENTRO,11818,6149,5669,95,56,39,420,257,163,1892,1121,771,466,232,234,5093,2835,2258,592,300,292,647,255,392,2578,1077,1501,35,16,19,0,0,0,Julio 2013
2013,Julio,ARGANZUELA,10984,5099,5885,51,30,21,332,173,159,1524,856,668,540,237,303,4462,2207,2255,726,346,380,917,326,591,2376,904,1472,56,20,36,0,0,0,Julio 2013
2013,Julio,RETIRO,6464,2909,3555,26,19,7,101,55,46,645,312,333,270,131,139,2535,1209,1326,381,192,189,529,227,302,1950,756,1194,27,8,19,0,0,0,Julio 2013
2013,Julio,SALAMANCA,7703,3383,4320,23,13,10,194,93,101,742,352,390,294,122,172,3223,1500,1723,425,191,234,592,242,350,2160,851,1309,50,19,31,0,0,0,Julio 2013
2013,Julio,CHAMARTÍN,7103,3176,3927,17,9,8,228,109,119,448,212,236,253,106,147,2880,1327,1553,398,197,201,609,245,364,2237,958,1279,33,13,20,0,0,0,Julio 2013
2013,Julio,TETUÁN,12189,6006,6183,44,26,18,1814,989,825,1685,882,803,584,255,329,5142,2645,2497,586,291,295,569,181,388,1748,734,1014,17,3,14,0,0,0,Julio 2013
2013,Julio,CHAMBERÍ,7760,3526,4234,59,27,32,250,132,118,794,396,398,251,90,161,2953,1496,1457,376,183,193,591,222,369,2445,963,1482,41,17,24,0,0,0,Julio 2013
2013,Julio,FUENCARRAL - EL PARDO,13986,6453,7533,21,9,12,633,319,314,2293,1227,1066,778,329,449,5558,2667,2891,861,407,454,978,343,635,2812,1138,1674,52,14,38,0,0,0,Julio 2013
2013,Julio,MONCLOA - ARAVACA,6154,2872,3282,28,14,14,292,160,132,562,281,281,276,121,155,2560,1281,1279,317,147,170,466,187,279,1622,667,955,31,14,17,0,0,0,Julio 2013
2013,Julio,LATINA,20222,10140,10082,219,122,97,1978,1154,824,2607,1455,1152,1481,647,834,9485,4940,4545,1381,685,696,1082,376,706,1970,753,1217,19,8,11,0,0,0,Julio 2013
2013,Julio,CARABANCHEL,22992,11662,11330,215,116,99,1391,761,630,4978,2737,2241,1320,546,774,11324,6066,5258,1224,571,653,936,307,629,1588,552,1036,16,6,10,0,0,0,Julio 2013
2013,Julio,USERA,13321,6677,6644,86,43,43,1131,619,512,2480,1396,1084,866,359,507,7024,3638,3386,615,241,374,395,120,275,711,254,457,13,7,6,0,0,0,Julio 2013
2013,Julio,PUENTE DE VALLECAS,25400,13312,12088,1936,1119,817,2939,1681,1258,3488,1949,1539,1495,684,811,12958,6896,6062,1023,451,572,573,175,398,983,356,627,5,1,4,0,0,0,Julio 2013
2013,Julio,MORATALAZ,7446,3613,3833,228,119,109,455,227,228,790,403,387,418,183,235,3763,1956,1807,492,240,252,433,143,290,854,336,518,13,6,7,0,0,0,Julio 2013
2013,Julio,CIUDAD LINEAL,15943,7801,8142,195,104,91,415,226,189,3129,1729,1400,869,369,500,7165,3619,3546,891,417,474,971,385,586,2279,946,1333,29,6,23,0,0,0,Julio 2013
2013,Julio,HORTALEZA,11186,5204,5982,42,22,20,508,273,235,790,442,348,710,287,423,5512,2748,2764,774,351,423,816,291,525,2013,786,1227,21,4,17,0,0,0,Julio 2013
2013,Julio,VILLAVERDE,15669,8142,7527,143,66,77,706,426,280,2886,1664,1222,953,395,558,9229,4950,4279,681,300,381,449,144,305,611,193,418,11,4,7,0,0,0,Julio 2013
2013,Julio,VILLA DE VALLECAS,9849,4644,5205,173,85,88,1392,774,618,1493,763,730,576,238,338,4567,2168,2399,531,223,308,432,157,275,676,233,443,9,3,6,0,0,0,Julio 2013
2013,Julio,VICÁLVARO,6194,2998,3196,327,172,155,518,293,225,695,385,310,417,182,235,3088,1571,1517,387,155,232,297,87,210,464,152,312,1,1,0,0,0,0,Julio 2013
2013,Julio,SAN BLAS-CANILLEJAS,12603,6251,6352,160,86,74,405,229,176,1951,1109,842,812,357,455,6735,3481,3254,772,340,432,649,229,420,1102,415,687,17,5,12,0,0,0,Julio 2013
2013,Julio,BARAJAS,2815,1309,1506,42,20,22,106,47,59,221,124,97,126,63,63,1456,690,766,187,97,90,233,95,138,439,171,268,5,2,3,0,0,0,Julio 2013
2013,Agosto,MADRID,248520,121241,127279,3990,2216,1774,16000,8872,7128,35853,19737,16116,13810,5956,7854,116465,59623,56842,13818,6339,7479,13621,4895,8726,34487,13433,21054,476,170,306,0,0,0,Agosto 2013
2013,Agosto,CENTRO,11855,6157,5698,98,61,37,414,247,167,1895,1139,756,469,220,249,5075,2824,2251,595,302,293,649,259,390,2626,1087,1539,34,18,16,0,0,0,Agosto 2013
2013,Agosto,ARGANZUELA,11080,5084,5996,53,29,24,321,163,158,1515,851,664,555,238,317,4445,2197,2248,735,342,393,958,344,614,2447,905,1542,51,15,36,0,0,0,Agosto 2013
2013,Agosto,RETIRO,6501,2934,3567,27,17,10,91,55,36,639,312,327,270,132,138,2549,1219,1330,385,188,197,549,235,314,1965,767,1198,26,9,17,0,0,0,Agosto 2013
2013,Agosto,SALAMANCA,7667,3365,4302,22,12,10,196,95,101,757,364,393,294,125,169,3199,1478,1721,422,185,237,601,247,354,2140,843,1297,36,16,20,0,0,0,Agosto 2013
2013,Agosto,CHAMARTÍN,7214,3184,4030,18,10,8,228,111,117,479,221,258,251,105,146,2875,1303,1572,397,187,210,631,260,371,2305,978,1327,30,9,21,0,0,0,Agosto 2013
2013,Agosto,TETUÁN,12281,6022,6259,44,27,17,1778,965,813,1709,900,809,586,253,333,5189,2655,2534,577,279,298,595,190,405,1788,751,1037,15,2,13,0,0,0,Agosto 2013
2013,Agosto,CHAMBERÍ,7736,3520,4216,58,28,30,247,130,117,801,407,394,257,98,159,2908,1453,1455,368,181,187,606,236,370,2444,966,1478,47,21,26,0,0,0,Agosto 2013
2013,Agosto,FUENCARRAL - EL PARDO,14016,6400,7616,21,10,11,605,308,297,2271,1206,1065,778,328,450,5511,2637,2874,868,412,456,1048,365,683,2866,1119,1747,48,15,33,0,0,0,Agosto 2013
2013,Agosto,MONCLOA - ARAVACA,6263,2907,3356,30,14,16,285,153,132,580,298,282,276,124,152,2582,1278,1304,312,141,171,464,189,275,1710,700,1010,24,10,14,0,0,0,Agosto 2013
2013,Agosto,LATINA,20345,10193,10152,203,119,84,1958,1144,814,2575,1452,1123,1496,661,835,9507,4948,4559,1410,692,718,1143,399,744,2031,770,1261,22,8,14,0,0,0,Agosto 2013
2013,Agosto,CARABANCHEL,22969,11654,11315,207,108,99,1355,749,606,4947,2729,2218,1327,568,759,11270,6040,5230,1220,554,666,968,310,658,1658,591,1067,17,5,12,0,0,0,Agosto 2013
2013,Agosto,USERA,13297,6698,6599,88,44,44,1087,586,501,2469,1410,1059,894,384,510,6962,3626,3336,643,254,389,410,126,284,732,263,469,12,5,7,0,0,0,Agosto 2013
2013,Agosto,PUENTE DE VALLECAS,25399,13279,12120,1832,1067,765,2963,1693,1270,3435,1925,1510,1504,687,817,12946,6877,6069,1072,467,605,584,174,410,1059,388,671,4,1,3,0,0,0,Agosto 2013
2013,Agosto,MORATALAZ,7472,3588,3884,221,113,108,448,222,226,787,397,390,427,190,237,3733,1930,1803,498,245,253,456,147,309,890,340,550,12,4,8,0,0,0,Agosto 2013
2013,Agosto,CIUDAD LINEAL,15911,7761,8150,192,110,82,412,221,191,3068,1701,1367,853,362,491,7162,3604,3558,888,426,462,995,382,613,2308,946,1362,33,9,24,0,0,0,Agosto 2013
2013,Agosto,HORTALEZA,11194,5167,6027,41,20,21,488,264,224,805,453,352,713,284,429,5441,2696,2745,797,351,446,817,296,521,2073,799,1274,19,4,15,0,0,0,Agosto 2013
2013,Agosto,VILLAVERDE,15626,8091,7535,137,60,77,707,427,280,2825,1637,1188,954,389,565,9209,4923,4286,702,303,399,449,141,308,630,205,425,13,6,7,0,0,0,Agosto 2013
2013,Agosto,VILLA DE VALLECAS,10008,4686,5322,166,82,84,1414,787,627,1477,763,714,578,228,350,4621,2183,2438,557,233,324,465,166,299,721,240,481,9,4,5,0,0,0,Agosto 2013
2013,Agosto,VICÁLVARO,6184,2987,3197,318,176,142,496,282,214,711,397,314,409,172,237,3058,1557,1501,387,153,234,311,83,228,493,166,327,1,1,0,0,0,0,Agosto 2013
2013,Agosto,SAN BLAS-CANILLEJAS,12656,6252,6404,171,90,81,394,217,177,1892,1056,836,794,345,449,6761,3507,3254,800,354,446,673,244,429,1154,434,720,17,5,12,0,0,0,Agosto 2013
2013,Agosto,BARAJAS,2846,1312,1534,43,19,24,113,53,60,216,119,97,125,63,62,1462,688,774,185,90,95,249,102,147,447,175,272,6,3,3,0,0,0,Agosto 2013
2013,Septiembre,MADRID,249062,122216,126846,3992,2242,1750,16220,8992,7228,36465,19996,16469,14136,6149,7987,117755,60399,57356,14016,6490,7526,12803,4737,8066,33184,13029,20155,491,182,309,0,0,0,Septiembre 2013
2013,Septiembre,CENTRO,11636,6076,5560,105,67,38,423,256,167,1906,1145,761,476,224,252,5049,2796,2253,593,297,296,617,250,367,2434,1024,1410,33,17,16,0,0,0,Septiembre 2013
2013,Septiembre,ARGANZUELA,10928,5071,5857,55,32,23,296,153,143,1544,876,668,568,257,311,4422,2170,2252,744,360,384,892,325,567,2354,880,1474,53,18,35,0,0,0,Septiembre 2013
2013,Septiembre,RETIRO,6495,2939,3556,24,15,9,93,53,40,663,307,356,273,127,146,2567,1244,1323,387,199,188,552,236,316,1906,748,1158,30,10,20,0,0,0,Septiembre 2013
2013,Septiembre,SALAMANCA,7583,3338,4245,23,12,11,186,85,101,823,390,433,312,137,175,3195,1501,1694,421,190,231,520,217,303,2058,787,1271,45,19,26,0,0,0,Septiembre 2013
2013,Septiembre,CHAMARTÍN,7068,3164,3904,17,9,8,223,110,113,501,238,263,249,106,143,2851,1303,1548,416,199,217,591,244,347,2188,946,1242,32,9,23,0,0,0,Septiembre 2013
2013,Septiembre,TETUÁN,12381,6130,6251,44,27,17,1775,968,807,1788,938,850,619,271,348,5245,2725,2520,591,288,303,579,195,384,1721,714,1007,19,4,15,0,0,0,Septiembre 2013
2013,Septiembre,CHAMBERÍ,7630,3509,4121,56,24,32,257,133,124,789,408,381,251,96,155,2915,1463,1452,382,185,197,576,228,348,2360,953,1407,44,19,25,0,0,0,Septiembre 2013
2013,Septiembre,FUENCARRAL - EL PARDO,13697,6304,7393,20,9,11,643,341,302,2212,1176,1036,762,318,444,5481,2630,2851,843,403,440,969,351,618,2710,1059,1651,57,17,40,0,0,0,Septiembre 2013
2013,Septiembre,MONCLOA - ARAVACA,6270,2929,3341,29,13,16,294,154,140,566,292,274,287,133,154,2587,1272,1315,351,164,187,433,180,253,1700,709,991,23,12,11,0,0,0,Septiembre 2013
2013,Septiembre,LATINA,20326,10269,10057,202,121,81,1966,1162,804,2598,1458,1140,1508,688,820,9616,5003,4613,1427,699,728,1064,388,676,1929,743,1186,16,7,9,0,0,0,Septiembre 2013
2013,Septiembre,CARABANCHEL,23140,11724,11416,186,93,93,1364,728,636,5006,2757,2249,1329,571,758,11439,6118,5321,1246,565,681,895,295,600,1663,593,1070,12,4,8,0,0,0,Septiembre 2013
2013,Septiembre,USERA,13526,6779,6747,92,50,42,1140,615,525,2525,1409,1116,888,372,516,7148,3701,3447,644,260,384,370,113,257,702,251,451,17,8,9,0,0,0,Septiembre 2013
2013,Septiembre,PUENTE DE VALLECAS,25860,13589,12271,1854,1089,765,3039,1743,1296,3495,1968,1527,1572,725,847,13280,7037,6243,1055,469,586,554,177,377,1006,378,628,5,3,2,0,0,0,Septiembre 2013
2013,Septiembre,MORATALAZ,7543,3677,3866,218,125,93,448,236,212,861,439,422,442,202,240,3773,1943,1830,506,249,257,444,154,290,842,325,517,9,4,5,0,0,0,Septiembre 2013
2013,Septiembre,CIUDAD LINEAL,16021,7915,8106,195,108,87,428,240,188,3135,1746,1389,877,387,490,7180,3640,3540,944,460,484,963,378,585,2260,945,1315,39,11,28,0,0,0,Septiembre 2013
2013,Septiembre,HORTALEZA,11303,5269,6034,42,18,24,495,260,235,902,496,406,717,294,423,5514,2746,2768,792,349,443,788,310,478,2033,792,1241,20,4,16,0,0,0,Septiembre 2013
2013,Septiembre,VILLAVERDE,15866,8179,7687,143,64,79,714,429,285,2808,1616,1192,1007,402,605,9431,5016,4415,718,298,420,416,140,276,616,208,408,13,6,7,0,0,0,Septiembre 2013
2013,Septiembre,VILLA DE VALLECAS,9984,4715,5269,169,83,86,1423,774,649,1487,766,721,606,237,369,4645,2234,2411,556,235,321,409,147,262,685,238,447,4,1,3,0,0,0,Septiembre 2013
2013,Septiembre,VICÁLVARO,6241,3011,3230,306,174,132,505,290,215,747,407,340,428,169,259,3101,1588,1513,409,173,236,287,74,213,456,134,322,2,2,0,0,0,0,Septiembre 2013
2013,Septiembre,SAN BLAS-CANILLEJAS,12743,6337,6406,169,91,78,394,213,181,1884,1049,835,832,367,465,6868,3597,3271,800,350,450,648,234,414,1134,431,703,14,5,9,0,0,0,Septiembre 2013
2013,Septiembre,BARAJAS,2821,1292,1529,43,18,25,114,49,65,225,115,110,133,66,67,1448,672,776,191,98,93,236,101,135,427,171,256,4,2,2,0,0,0,Septiembre 2013
2013,Octubre,MADRID,251283,123902,127381,4069,2274,1795,16521,9107,7414,37797,20757,17040,14648,6302,8346,119149,61346,57803,14072,6533,7539,12463,4662,7801,32080,12754,19326,484,167,317,0,0,0,Octubre 2013
2013,Octubre,CENTRO,11512,6041,5471,109,72,37,428,263,165,1956,1180,776,506,239,267,4993,2796,2197,572,281,291,615,258,357,2296,935,1361,37,17,20,0,0,0,Octubre 2013
2013,Octubre,ARGANZUELA,10834,5076,5758,54,29,25,299,155,144,1569,899,670,565,243,322,4452,2193,2259,740,359,381,843,309,534,2256,871,1385,56,18,38,0,0,0,Octubre 2013
2013,Octubre,RETIRO,6509,2956,3553,25,14,11,96,58,38,710,335,375,303,144,159,2607,1256,1351,394,207,187,532,218,314,1821,718,1103,21,6,15,0,0,0,Octubre 2013
2013,Octubre,SALAMANCA,7576,3369,4207,20,11,9,176,82,94,892,434,458,328,140,188,3166,1491,1675,410,183,227,516,212,304,2032,804,1228,36,12,24,0,0,0,Octubre 2013
2013,Octubre,CHAMARTÍN,7041,3181,3860,12,6,6,218,114,104,556,273,283,259,114,145,2820,1283,1537,408,202,206,584,250,334,2151,931,1220,33,8,25,0,0,0,Octubre 2013
2013,Octubre,TETUÁN,12606,6283,6323,48,32,16,1798,979,819,1927,1005,922,632,276,356,5309,2749,2560,599,300,299,581,210,371,1694,727,967,18,5,13,0,0,0,Octubre 2013
2013,Octubre,CHAMBERÍ,7628,3521,4107,62,29,33,265,127,138,836,445,391,262,105,157,2933,1471,1462,393,191,202,535,215,320,2302,918,1384,40,20,20,0,0,0,Octubre 2013
2013,Octubre,FUENCARRAL - EL PARDO,13825,6387,7438,19,9,10,651,339,312,2266,1190,1076,799,328,471,5518,2675,2843,889,415,474,957,356,601,2672,1062,1610,54,13,41,0,0,0,Octubre 2013
2013,Octubre,MONCLOA - ARAVACA,6274,2976,3298,28,14,14,311,163,148,571,308,263,305,136,169,2593,1292,1301,351,167,184,434,176,258,1654,710,944,27,10,17,0,0,0,Octubre 2013
2013,Octubre,LATINA,20376,10352,10024,206,112,94,1996,1171,825,2654,1504,1150,1539,702,837,9729,5076,4653,1462,724,738,992,360,632,1774,694,1080,24,9,15,0,0,0,Octubre 2013
2013,Octubre,CARABANCHEL,23609,12090,11519,192,99,93,1424,765,659,5221,2877,2344,1388,591,797,11729,6335,5394,1227,555,672,862,287,575,1553,576,977,13,5,8,0,0,0,Octubre 2013
2013,Octubre,USERA,13737,6882,6855,90,50,40,1181,630,551,2588,1437,1151,928,386,542,7279,3761,3518,635,256,379,347,111,236,674,244,430,15,7,8,0,0,0,Octubre 2013
2013,Octubre,PUENTE DE VALLECAS,26242,13808,12434,1905,1114,791,3062,1736,1326,3570,2000,1570,1650,761,889,13461,7183,6278,1070,472,598,540,170,370,978,369,609,6,3,3,0,0,0,Octubre 2013
2013,Octubre,MORATALAZ,7630,3731,3899,214,115,99,462,227,235,914,472,442,456,203,253,3834,1985,1849,499,255,244,432,154,278,811,316,495,8,4,4,0,0,0,Octubre 2013
2013,Octubre,CIUDAD LINEAL,16244,8041,8203,202,108,94,409,230,179,3219,1776,1443,916,393,523,7304,3693,3611,951,473,478,971,390,581,2237,969,1268,35,9,26,0,0,0,Octubre 2013
2013,Octubre,HORTALEZA,11439,5352,6087,44,19,25,505,263,242,1000,550,450,724,295,429,5556,2793,2763,778,336,442,778,298,480,2035,795,1240,19,3,16,0,0,0,Octubre 2013
2013,Octubre,VILLAVERDE,16113,8328,7785,145,66,79,751,440,311,2891,1667,1224,1041,408,633,9592,5116,4476,707,297,410,404,136,268,567,191,376,15,7,8,0,0,0,Octubre 2013
2013,Octubre,VILLA DE VALLECAS,10029,4756,5273,175,87,88,1447,785,662,1493,779,714,625,242,383,4688,2273,2415,577,230,347,396,141,255,623,217,406,5,2,3,0,0,0,Octubre 2013
2013,Octubre,VICÁLVARO,6280,3047,3233,306,179,127,516,294,222,782,426,356,426,165,261,3148,1607,1541,396,169,227,273,77,196,432,129,303,1,1,0,0,0,0,Octubre 2013
2013,Octubre,SAN BLAS-CANILLEJAS,12924,6399,6525,169,91,78,406,227,179,1946,1076,870,870,369,501,6986,3632,3354,808,355,453,639,234,405,1085,409,676,15,6,9,0,0,0,Octubre 2013
2013,Octubre,BARAJAS,2855,1326,1529,44,18,26,120,59,61,236,124,112,126,62,64,1452,686,766,206,106,100,232,100,132,433,169,264,6,2,4,0,0,0,Octubre 2013
2013,Noviembre,MADRID,250006,123528,126478,4144,2295,1849,16745,9236,7509,38624,21258,17366,14603,6299,8304,117682,60629,57053,13870,6452,7418,12145,4559,7586,31729,12636,19093,464,164,300,0,0,0,Noviembre 2013
2013,Noviembre,CENTRO,11478,6060,5418,115,75,40,434,259,175,2050,1220,830,499,245,254,4885,2759,2126,588,283,305,623,268,355,2249,934,1315,35,17,18,0,0,0,Noviembre 2013
2013,Noviembre,ARGANZUELA,10676,4992,5684,52,30,22,315,163,152,1600,911,689,579,252,327,4361,2133,2228,722,348,374,808,290,518,2180,849,1331,59,16,43,0,0,0,Noviembre 2013
2013,Noviembre,RETIRO,6507,2994,3513,30,14,16,97,61,36,757,356,401,301,141,160,2547,1253,1294,391,203,188,507,214,293,1853,743,1110,24,9,15,0,0,0,Noviembre 2013
2013,Noviembre,SALAMANCA,7512,3320,4192,24,13,11,189,94,95,987,484,503,323,144,179,3024,1422,1602,401,176,225,502,203,299,2024,772,1252,38,12,26,0,0,0,Noviembre 2013
2013,Noviembre,CHAMARTÍN,7041,3216,3825,9,4,5,220,112,108,586,295,291,260,113,147,2816,1298,1518,393,203,190,578,242,336,2150,941,1209,29,8,21,0,0,0,Noviembre 2013
2013,Noviembre,TETUÁN,12524,6294,6230,47,29,18,1829,1007,822,1872,999,873,624,271,353,5304,2748,2556,581,295,286,563,199,364,1685,740,945,19,6,13,0,0,0,Noviembre 2013
2013,Noviembre,CHAMBERÍ,7577,3458,4119,72,36,36,268,135,133,871,462,409,254,94,160,2874,1405,1469,378,178,200,526,215,311,2303,916,1387,31,17,14,0,0,0,Noviembre 2013
2013,Noviembre,FUENCARRAL - EL PARDO,13757,6412,7345,23,9,14,651,336,315,2288,1217,1071,789,323,466,5531,2698,2833,868,418,450,919,338,581,2634,1059,1575,54,14,40,0,0,0,Noviembre 2013
2013,Noviembre,MONCLOA - ARAVACA,6150,2929,3221,30,15,15,326,175,151,570,303,267,298,133,165,2534,1273,1261,329,155,174,426,175,251,1613,693,920,24,7,17,0,0,0,Noviembre 2013
2013,Noviembre,LATINA,20250,10291,9959,210,110,100,2031,1183,848,2718,1543,1175,1515,684,831,9657,5031,4626,1397,691,706,952,353,599,1752,687,1065,18,9,9,0,0,0,Noviembre 2013
2013,Noviembre,CARABANCHEL,23557,12045,11512,198,106,92,1438,778,660,5376,2977,2399,1387,578,809,11543,6211,5332,1221,548,673,833,271,562,1546,571,975,15,5,10,0,0,0,Noviembre 2013
2013,Noviembre,USERA,13772,6905,6867,93,48,45,1212,641,571,2662,1466,1196,941,396,545,7225,3751,3474,612,248,364,334,108,226,679,239,440,14,8,6,0,0,0,Noviembre 2013
2013,Noviembre,PUENTE DE VALLECAS,26117,13779,12338,1985,1145,840,3100,1772,1328,3544,1987,1557,1653,774,879,13283,7102,6181,1038,464,574,537,184,353,971,349,622,6,2,4,0,0,0,Noviembre 2013
2013,Noviembre,MORATALAZ,7597,3743,3854,207,113,94,448,224,224,958,503,455,449,201,248,3833,2005,1828,493,248,245,428,156,272,774,290,484,7,3,4,0,0,0,Noviembre 2013
2013,Noviembre,CIUDAD LINEAL,16177,8000,8177,196,104,92,407,223,184,3289,1822,1467,920,398,522,7175,3628,3547,970,470,500,954,383,571,2229,963,1266,37,9,28,0,0,0,Noviembre 2013
2013,Noviembre,HORTALEZA,11310,5295,6015,40,18,22,511,269,242,1018,568,450,707,286,421,5510,2752,2758,768,343,425,737,280,457,2003,776,1227,16,3,13,0,0,0,Noviembre 2013
2013,Noviembre,VILLAVERDE,16110,8343,7767,148,67,81,764,438,326,2923,1684,1239,1028,411,617,9530,5089,4441,718,310,408,414,137,277,573,200,373,12,7,5,0,0,0,Noviembre 2013
2013,Noviembre,VILLA DE VALLECAS,9982,4736,5246,168,84,84,1451,786,665,1494,792,702,638,249,389,4623,2224,2399,605,249,356,380,134,246,619,216,403,4,2,2,0,0,0,Noviembre 2013
2013,Noviembre,VICÁLVARO,6271,3048,3223,291,171,120,521,292,229,821,445,376,446,175,271,3127,1604,1523,381,160,221,265,71,194,415,127,288,4,3,1,0,0,0,Noviembre 2013
2013,Noviembre,SAN BLAS-CANILLEJAS,12803,6338,6465,160,83,77,415,235,180,2010,1102,908,865,362,503,6831,3552,3279,817,359,458,637,239,398,1055,401,654,13,5,8,0,0,0,Noviembre 2013
2013,Noviembre,BARAJAS,2838,1330,1508,46,21,25,118,53,65,230,122,108,127,69,58,1469,691,778,199,103,96,222,99,123,422,170,252,5,2,3,0,0,0,Noviembre 2013
2013,Diciembre,MADRID,242836,120974,121862,4133,2308,1825,16586,9293,7293,38128,21255,16873,14086,6047,8039,113109,58610,54499,13456,6293,7163,11786,4516,7270,31112,12492,18620,440,160,280,0,0,0,Diciembre 2013
2013,Diciembre,CENTRO,11183,5926,5257,122,79,43,437,270,167,2030,1210,820,498,248,250,4649,2628,2021,577,281,296,588,255,333,2248,940,1308,34,15,19,0,0,0,Diciembre 2013
2013,Diciembre,ARGANZUELA,10440,4948,5492,52,33,19,337,179,158,1546,886,660,561,245,316,4243,2090,2153,734,359,375,778,296,482,2136,843,1293,53,17,36,0,0,0,Diciembre 2013
2013,Diciembre,RETIRO,6306,2919,3387,31,16,15,82,52,30,773,383,390,294,140,154,2425,1186,1239,383,204,179,485,206,279,1814,726,1088,19,6,13,0,0,0,Diciembre 2013
2013,Diciembre,SALAMANCA,7327,3236,4091,24,12,12,181,90,91,1024,507,517,302,122,180,2855,1338,1517,406,183,223,494,202,292,2009,769,1240,32,13,19,0,0,0,Diciembre 2013
2013,Diciembre,CHAMARTÍN,6831,3131,3700,9,5,4,208,104,104,589,296,293,239,106,133,2719,1256,1463,389,203,186,549,236,313,2103,917,1186,26,8,18,0,0,0,Diciembre 2013
2013,Diciembre,TETUÁN,12153,6134,6019,39,22,17,1846,1034,812,1856,1006,850,612,268,344,5040,2596,2444,583,293,290,554,203,351,1606,707,899,17,5,12,0,0,0,Diciembre 2013
2013,Diciembre,CHAMBERÍ,7416,3412,4004,73,38,35,268,131,137,911,481,430,258,99,159,2763,1368,1395,372,179,193,522,212,310,2211,887,1324,38,17,21,0,0,0,Diciembre 2013
2013,Diciembre,FUENCARRAL - EL PARDO,13366,6270,7096,25,10,15,615,322,293,2214,1215,999,744,300,444,5413,2623,2790,826,393,433,894,334,560,2582,1057,1525,53,16,37,0,0,0,Diciembre 2013
2013,Diciembre,MONCLOA - ARAVACA,6040,2868,3172,33,14,19,322,177,145,578,308,270,284,125,159,2454,1231,1223,317,145,172,440,185,255,1590,675,915,22,8,14,0,0,0,Diciembre 2013
2013,Diciembre,LATINA,19631,10117,9514,209,115,94,2025,1200,825,2628,1530,1098,1485,667,818,9317,4921,4396,1331,668,663,905,331,574,1709,675,1034,22,10,12,0,0,0,Diciembre 2013
2013,Diciembre,CARABANCHEL,22873,11784,11089,203,110,93,1402,776,626,5335,2982,2353,1361,560,801,11048,5983,5065,1175,526,649,812,273,539,1521,569,952,16,5,11,0,0,0,Diciembre 2013
2013,Diciembre,USERA,13231,6686,6545,85,45,40,1205,651,554,2619,1462,1157,900,378,522,6855,3569,3286,572,230,342,331,112,219,651,234,417,13,5,8,0,0,0,Diciembre 2013
2013,Diciembre,PUENTE DE VALLECAS,25288,13451,11837,2002,1165,837,3065,1765,1300,3416,1927,1489,1575,730,845,12764,6876,5888,987,453,534,514,181,333,958,351,607,7,3,4,0,0,0,Diciembre 2013
2013,Diciembre,MORATALAZ,7386,3627,3759,197,104,93,456,231,225,958,494,464,434,186,248,3676,1926,1750,481,239,242,410,150,260,768,294,474,6,3,3,0,0,0,Diciembre 2013
2013,Diciembre,CIUDAD LINEAL,15732,7856,7876,180,92,88,404,224,180,3251,1836,1415,876,375,501,6924,3535,3389,940,460,480,934,382,552,2194,944,1250,29,8,21,0,0,0,Diciembre 2013
2013,Diciembre,HORTALEZA,10953,5184,5769,37,18,19,476,258,218,1002,557,445,679,276,403,5315,2671,2644,733,332,401,737,284,453,1958,786,1172,16,2,14,0,0,0,Diciembre 2013
2013,Diciembre,VILLAVERDE,15657,8205,7452,154,70,84,774,449,325,2874,1666,1208,985,402,583,9207,4980,4227,704,307,397,390,132,258,558,192,366,11,7,4,0,0,0,Diciembre 2013
2013,Diciembre,VILLA DE VALLECAS,9635,4619,5016,160,77,83,1442,793,649,1475,795,680,603,237,366,4412,2135,2277,565,225,340,372,137,235,602,218,384,4,2,2,0,0,0,Diciembre 2013
2013,Diciembre,VICÁLVARO,6113,3032,3081,277,168,109,516,294,222,827,465,362,440,176,264,3009,1578,1431,379,156,223,250,65,185,412,128,284,3,2,1,0,0,0,Diciembre 2013
2013,Diciembre,SAN BLAS-CANILLEJAS,12481,6247,6234,167,90,77,408,235,173,2003,1131,872,834,342,492,6595,3447,3148,801,350,451,614,241,373,1045,405,640,14,6,8,0,0,0,Diciembre 2013
2013,Diciembre,BARAJAS,2794,1322,1472,54,25,29,117,58,59,219,118,101,122,65,57,1426,673,753,201,107,94,213,99,114,437,175,262,5,2,3,0,0,0,Diciembre 2013
2014,Enero,MADRID,247216,122716,124500,4243,2358,1885,17090,9519,7571,39218,21783,17435,14478,6224,8254,114313,59227,55086,13796,6349,7447,11914,4507,7407,31708,12592,19116,456,157,299,0,0,0,Enero 2014
2014,Enero,CENTRO,11416,6048,5368,112,69,43,463,291,172,2167,1286,881,507,259,248,4645,2620,2025,602,308,294,592,249,343,2290,950,1340,38,16,22,0,0,0,Enero 2014
2014,Enero,ARGANZUELA,10719,5083,5636,54,34,20,385,203,182,1498,862,636,582,266,316,4348,2147,2201,766,366,400,821,315,506,2205,870,1335,60,20,40,0,0,0,Enero 2014
2014,Enero,RETIRO,6428,2946,3482,31,14,17,87,50,37,831,404,427,277,130,147,2453,1202,1251,384,195,189,495,203,292,1847,740,1107,23,8,15,0,0,0,Enero 2014
2014,Enero,SALAMANCA,7403,3292,4111,26,15,11,167,85,82,1136,577,559,304,125,179,2815,1308,1507,403,181,222,496,211,285,2026,779,1247,30,11,19,0,0,0,Enero 2014
2014,Enero,CHAMARTÍN,6895,3124,3771,11,5,6,208,110,98,568,286,282,248,113,135,2745,1270,1475,400,201,199,549,230,319,2137,900,1237,29,9,20,0,0,0,Enero 2014
2014,Enero,TETUÁN,12312,6123,6189,40,22,18,1934,1050,884,1871,996,875,640,279,361,5000,2575,2425,590,291,299,560,196,364,1662,711,951,15,3,12,0,0,0,Enero 2014
2014,Enero,CHAMBERÍ,7659,3513,4146,74,37,37,268,133,135,993,508,485,248,96,152,2780,1381,1399,381,188,193,557,222,335,2322,929,1393,36,19,17,0,0,0,Enero 2014
2014,Enero,FUENCARRAL - EL PARDO,13570,6392,7178,24,9,15,638,327,311,2190,1187,1003,761,318,443,5489,2683,2806,866,415,451,921,352,569,2630,1089,1541,51,12,39,0,0,0,Enero 2014
2014,Enero,MONCLOA - ARAVACA,6087,2863,3224,38,18,20,322,179,143,576,307,269,293,128,165,2487,1234,1253,328,153,175,426,171,255,1595,666,929,22,7,15,0,0,0,Enero 2014
2014,Enero,LATINA,20013,10242,9771,225,121,104,2057,1215,842,2712,1560,1152,1516,680,836,9399,4963,4436,1387,679,708,929,331,598,1770,687,1083,18,6,12,0,0,0,Enero 2014
2014,Enero,CARABANCHEL,23391,12009,11382,204,116,88,1444,800,644,5616,3106,2510,1373,562,811,11172,6055,5117,1195,523,672,820,261,559,1551,582,969,16,4,12,0,0,0,Enero 2014
2014,Enero,USERA,13512,6835,6677,85,47,38,1241,663,578,2617,1452,1165,936,404,532,7026,3662,3364,597,239,358,332,120,212,662,240,422,16,8,8,0,0,0,Enero 2014
2014,Enero,PUENTE DE VALLECAS,25743,13669,12074,2041,1185,856,3166,1808,1358,3505,1988,1517,1662,769,893,12867,6938,5929,1022,454,568,502,173,329,970,351,619,8,3,5,0,0,0,Enero 2014
2014,Enero,MORATALAZ,7531,3704,3827,201,110,91,450,229,221,990,523,467,463,188,275,3759,1968,1791,486,239,247,401,152,249,775,293,482,6,2,4,0,0,0,Enero 2014
2014,Enero,CIUDAD LINEAL,15885,7878,8007,186,96,90,396,223,173,3322,1870,1452,885,380,505,6958,3549,3409,955,454,501,931,375,556,2216,920,1296,36,11,25,0,0,0,Enero 2014
2014,Enero,HORTALEZA,11091,5217,5874,41,18,23,502,264,238,1025,570,455,691,280,411,5375,2696,2679,774,346,428,729,282,447,1939,759,1180,15,2,13,0,0,0,Enero 2014
2014,Enero,VILLAVERDE,15884,8267,7617,164,70,94,807,464,343,2878,1679,1199,1018,406,612,9339,5033,4306,701,293,408,384,119,265,584,198,386,9,5,4,0,0,0,Enero 2014
2014,Enero,VILLA DE VALLECAS,9842,4678,5164,163,76,87,1521,840,681,1488,791,697,640,250,390,4473,2141,2332,574,226,348,370,138,232,610,215,395,3,1,2,0,0,0,Enero 2014
2014,Enero,VICÁLVARO,6251,3117,3134,296,179,117,516,309,207,883,493,390,451,177,274,3052,1604,1448,376,149,227,251,69,182,422,135,287,4,2,2,0,0,0,Enero 2014
2014,Enero,SAN BLAS-CANILLEJAS,12689,6350,6339,164,86,78,405,222,183,2106,1199,907,855,351,504,6653,3496,3157,810,347,463,615,233,382,1066,410,656,15,6,9,0,0,0,Enero 2014
2014,Enero,BARAJAS,2895,1366,1529,63,31,32,113,54,59,246,139,107,128,63,65,1478,702,776,199,102,97,233,105,128,429,168,261,6,2,4,0,0,0,Enero 2014
2014,Febrero,MADRID,248364,123414,124950,4350,2406,1944,17369,9604,7765,40020,22132,17888,14667,6344,8323,114510,59371,55139,13819,6396,7423,11793,4472,7321,31391,12524,18867,445,165,280,0,0,0,Febrero 2014
2014,Febrero,CENTRO,11421,6053,5368,105,68,37,453,284,169,2257,1337,920,505,249,256,4562,2583,1979,605,304,301,586,241,345,2308,968,1340,40,19,21,0,0,0,Febrero 2014
2014,Febrero,ARGANZUELA,10694,5098,5596,59,36,23,382,204,178,1554,900,654,589,263,326,4315,2119,2196,749,362,387,806,321,485,2183,873,1310,57,20,37,0,0,0,Febrero 2014
2014,Febrero,RETIRO,6379,2934,3445,29,15,14,99,56,43,866,422,444,267,127,140,2419,1181,1238,382,192,190,492,209,283,1800,725,1075,25,7,18,0,0,0,Febrero 2014
2014,Febrero,SALAMANCA,7409,3280,4129,25,14,11,165,75,90,1210,598,612,310,130,180,2763,1281,1482,388,187,201,505,215,290,2010,768,1242,33,12,21,0,0,0,Febrero 2014
2014,Febrero,CHAMARTÍN,6867,3113,3754,12,6,6,209,115,94,617,309,308,243,110,133,2708,1254,1454,400,197,203,526,217,309,2126,896,1230,26,9,17,0,0,0,Febrero 2014
2014,Febrero,TETUÁN,12338,6119,6219,37,19,18,1939,1063,876,1883,982,901,642,283,359,5060,2590,2470,592,285,307,558,202,356,1615,693,922,12,2,10,0,0,0,Febrero 2014
2014,Febrero,CHAMBERÍ,7537,3474,4063,78,39,39,279,142,137,979,500,479,257,94,163,2738,1366,1372,384,199,185,544,215,329,2248,902,1346,30,17,13,0,0,0,Febrero 2014
2014,Febrero,FUENCARRAL - EL PARDO,13664,6415,7249,24,9,15,654,338,316,2174,1169,1005,770,321,449,5594,2749,2845,864,403,461,920,351,569,2617,1062,1555,47,13,34,0,0,0,Febrero 2014
2014,Febrero,MONCLOA - ARAVACA,6079,2837,3242,40,19,21,322,180,142,589,316,273,292,124,168,2451,1199,1252,338,158,180,412,161,251,1612,672,940,23,8,15,0,0,0,Febrero 2014
2014,Febrero,LATINA,20092,10315,9777,242,137,105,2138,1266,872,2705,1547,1158,1525,697,828,9399,4950,4449,1364,667,697,942,352,590,1759,693,1066,18,6,12,0,0,0,Febrero 2014
2014,Febrero,CARABANCHEL,23546,12082,11464,217,126,91,1464,800,664,5742,3168,2574,1377,568,809,11221,6075,5146,1188,520,668,811,263,548,1510,557,953,16,5,11,0,0,0,Febrero 2014
2014,Febrero,USERA,13639,6921,6718,88,51,37,1269,659,610,2647,1478,1169,964,414,550,7095,3721,3374,598,234,364,316,116,200,639,235,404,23,13,10,0,0,0,Febrero 2014
2014,Febrero,PUENTE DE VALLECAS,26036,13803,12233,2101,1207,894,3193,1815,1378,3527,2005,1522,1690,777,913,13022,7014,6008,1032,465,567,512,168,344,952,349,603,7,3,4,0,0,0,Febrero 2014
2014,Febrero,MORATALAZ,7541,3726,3815,197,107,90,447,220,227,1014,545,469,476,202,274,3732,1951,1781,503,255,248,403,148,255,763,296,467,6,2,4,0,0,0,Febrero 2014
2014,Febrero,CIUDAD LINEAL,16063,8013,8050,183,99,84,395,219,176,3418,1905,1513,917,399,518,7008,3608,3400,964,456,508,941,385,556,2206,934,1272,31,8,23,0,0,0,Febrero 2014
2014,Febrero,HORTALEZA,11144,5248,5896,48,19,29,508,265,243,1070,581,489,702,294,408,5365,2692,2673,788,359,429,730,278,452,1919,757,1162,14,3,11,0,0,0,Febrero 2014
2014,Febrero,VILLAVERDE,16055,8367,7688,169,70,99,868,491,377,2930,1684,1246,1031,423,608,9399,5080,4319,713,307,406,366,114,252,569,192,377,10,6,4,0,0,0,Febrero 2014
2014,Febrero,VILLA DE VALLECAS,9893,4727,5166,165,79,86,1528,818,710,1518,804,714,655,265,390,4458,2158,2300,587,241,346,354,132,222,625,229,396,3,1,2,0,0,0,Febrero 2014
2014,Febrero,VICÁLVARO,6284,3118,3166,298,174,124,521,306,215,920,515,405,444,169,275,3053,1602,1451,381,149,232,244,69,175,419,132,287,4,2,2,0,0,0,Febrero 2014
2014,Febrero,SAN BLAS-CANILLEJAS,12801,6411,6390,175,86,89,423,231,192,2154,1230,924,876,366,510,6680,3502,3178,802,354,448,598,220,378,1077,415,662,16,7,9,0,0,0,Febrero 2014
2014,Febrero,BARAJAS,2882,1360,1522,58,26,32,113,57,56,246,137,109,135,69,66,1468,696,772,197,102,95,227,95,132,434,176,258,4,2,2,0,0,0,Febrero 2014
2014,Marzo,MADRID,247067,122749,124318,4413,2446,1967,17397,9614,7783,40817,22489,18328,14504,6278,8226,113656,58791,54865,13609,6299,7310,11475,4370,7105,30774,12304,18470,422,158,264,0,0,0,Marzo 2014
2014,Marzo,CENTRO,11319,5990,5329,107,69,38,453,278,175,2384,1412,972,518,255,263,4415,2487,1928,598,306,292,566,233,333,2245,934,1311,33,16,17,0,0,0,Marzo 2014
2014,Marzo,ARGANZUELA,10508,5044,5464,62,41,21,387,213,174,1561,897,664,585,270,315,4215,2070,2145,751,367,384,778,308,470,2114,860,1254,55,18,37,0,0,0,Marzo 2014
2014,Marzo,RETIRO,6294,2872,3422,30,15,15,100,61,39,907,443,464,261,118,143,2371,1140,1231,383,183,200,486,200,286,1731,706,1025,25,6,19,0,0,0,Marzo 2014
2014,Marzo,SALAMANCA,7293,3229,4064,28,14,14,160,73,87,1249,608,641,296,120,176,2656,1233,1423,388,185,203,498,215,283,1984,766,1218,34,15,19,0,0,0,Marzo 2014
2014,Marzo,CHAMARTÍN,6778,3100,3678,14,7,7,215,115,100,638,315,323,247,115,132,2682,1251,1431,387,192,195,514,216,298,2056,882,1174,25,7,18,0,0,0,Marzo 2014
2014,Marzo,TETUÁN,12411,6158,6253,38,20,18,1950,1068,882,1934,1012,922,619,270,349,5111,2612,2499,573,279,294,544,205,339,1628,690,938,14,2,12,0,0,0,Marzo 2014
2014,Marzo,CHAMBERÍ,7477,3482,3995,72,35,37,277,138,139,1010,525,485,253,91,162,2704,1363,1341,366,194,172,536,219,317,2228,899,1329,31,18,13,0,0,0,Marzo 2014
2014,Marzo,FUENCARRAL - EL PARDO,13641,6447,7194,25,9,16,657,341,316,2246,1219,1027,746,312,434,5561,2756,2805,860,403,457,900,343,557,2599,1052,1547,47,12,35,0,0,0,Marzo 2014
2014,Marzo,MONCLOA - ARAVACA,6044,2780,3264,44,21,23,324,173,151,615,327,288,291,116,175,2439,1181,1258,330,155,175,397,153,244,1585,646,939,19,8,11,0,0,0,Marzo 2014
2014,Marzo,LATINA,20010,10263,9747,250,142,108,2131,1261,870,2727,1555,1172,1539,699,840,9346,4923,4423,1334,659,675,927,335,592,1743,684,1059,13,5,8,0,0,0,Marzo 2014
2014,Marzo,CARABANCHEL,23435,11985,11450,221,126,95,1447,781,666,5838,3218,2620,1373,563,810,11098,5972,5126,1209,528,681,788,264,524,1448,528,920,13,5,8,0,0,0,Marzo 2014
2014,Marzo,USERA,13534,6884,6650,100,55,45,1256,654,602,2623,1445,1178,956,417,539,7058,3717,3341,593,237,356,304,111,193,624,235,389,20,13,7,0,0,0,Marzo 2014
2014,Marzo,PUENTE DE VALLECAS,25940,13774,12166,2124,1228,896,3208,1813,1395,3582,2032,1550,1665,782,883,12930,6965,5965,985,440,545,482,162,320,956,348,608,8,4,4,0,0,0,Marzo 2014
2014,Marzo,MORATALAZ,7553,3710,3843,196,108,88,443,222,221,1047,548,499,478,205,273,3746,1944,1802,489,244,245,383,140,243,763,297,466,8,2,6,0,0,0,Marzo 2014
2014,Marzo,CIUDAD LINEAL,16113,8017,8096,182,97,85,394,223,171,3477,1949,1528,904,392,512,7042,3608,3434,976,463,513,928,371,557,2183,907,1276,27,7,20,0,0,0,Marzo 2014
2014,Marzo,HORTALEZA,11078,5218,5860,50,19,31,505,275,230,1110,604,506,696,291,405,5354,2667,2687,758,334,424,707,267,440,1885,758,1127,13,3,10,0,0,0,Marzo 2014
2014,Marzo,VILLAVERDE,15919,8238,7681,164,66,98,883,503,380,2926,1656,1270,1012,416,596,9359,5017,4342,679,283,396,340,108,232,546,183,363,10,6,4,0,0,0,Marzo 2014
2014,Marzo,VILLA DE VALLECAS,9881,4733,5148,174,83,91,1561,840,721,1551,827,724,640,251,389,4407,2133,2274,588,244,344,356,130,226,598,223,375,6,2,4,0,0,0,Marzo 2014
2014,Marzo,VICÁLVARO,6311,3132,3179,295,171,124,521,302,219,963,543,420,431,163,268,3072,1591,1481,372,149,223,237,75,162,415,136,279,5,2,3,0,0,0,Marzo 2014
2014,Marzo,SAN BLAS-CANILLEJAS,12698,6377,6321,176,92,84,409,224,185,2186,1222,964,865,361,504,6652,3494,3158,803,356,447,574,223,351,1021,400,621,12,5,7,0,0,0,Marzo 2014
2014,Marzo,BARAJAS,2830,1316,1514,61,28,33,116,56,60,243,132,111,129,71,58,1438,667,771,187,98,89,230,92,138,422,170,252,4,2,2,0,0,0,Marzo 2014
2014,Abril,MADRID,241905,120119,121786,4369,2415,1954,17221,9539,7682,40330,22172,18158,14303,6226,8077,111155,57316,53839,13235,6133,7102,11186,4212,6974,29702,11949,17753,404,157,247,0,0,0,Abril 2014
2014,Abril,CENTRO,11011,5897,5114,111,69,42,444,279,165,2403,1448,955,507,240,267,4262,2423,1839,586,294,292,530,212,318,2139,918,1221,29,14,15,0,0,0,Abril 2014
2014,Abril,ARGANZUELA,10282,4935,5347,63,40,23,365,202,163,1565,904,661,564,254,310,4144,2053,2091,723,351,372,764,299,465,2046,815,1231,48,17,31,0,0,0,Abril 2014
2014,Abril,RETIRO,6154,2843,3311,30,16,14,96,56,40,909,458,451,252,126,126,2332,1118,1214,372,181,191,474,207,267,1666,675,991,23,6,17,0,0,0,Abril 2014
2014,Abril,SALAMANCA,7088,3144,3944,25,12,13,163,70,93,1243,596,647,295,121,174,2555,1190,1365,376,185,191,478,200,278,1918,756,1162,35,14,21,0,0,0,Abril 2014
2014,Abril,CHAMARTÍN,6595,3017,3578,13,5,8,206,110,96,643,320,323,242,113,129,2640,1239,1401,368,182,186,516,210,306,1942,832,1110,25,6,19,0,0,0,Abril 2014
2014,Abril,TETUÁN,12132,6007,6125,42,22,20,1891,1042,849,1908,991,917,596,263,333,5033,2542,2491,559,276,283,531,203,328,1559,664,895,13,4,9,0,0,0,Abril 2014
2014,Abril,CHAMBERÍ,7235,3365,3870,66,29,37,280,142,138,1010,519,491,246,93,153,2597,1314,1283,351,194,157,506,209,297,2147,845,1302,32,20,12,0,0,0,Abril 2014
2014,Abril,FUENCARRAL - EL PARDO,13425,6322,7103,26,11,15,656,335,321,2256,1218,1038,746,308,438,5460,2682,2778,823,401,422,885,330,555,2531,1025,1506,42,12,30,0,0,0,Abril 2014
2014,Abril,MONCLOA - ARAVACA,5937,2752,3185,46,20,26,332,184,148,608,314,294,288,121,167,2359,1142,1217,324,160,164,407,151,256,1551,653,898,22,7,15,0,0,0,Abril 2014
2014,Abril,LATINA,19636,10048,9588,259,151,108,2129,1258,871,2651,1522,1129,1519,691,828,9137,4782,4355,1327,643,684,920,331,589,1678,665,1013,16,5,11,0,0,0,Abril 2014
2014,Abril,CARABANCHEL,22912,11657,11255,225,127,98,1480,792,688,5760,3132,2628,1358,566,792,10748,5766,4982,1161,504,657,765,261,504,1400,502,898,15,7,8,0,0,0,Abril 2014
2014,Abril,USERA,13224,6741,6483,94,54,40,1261,671,590,2580,1428,1152,917,404,513,6876,3608,3268,577,242,335,293,101,192,607,221,386,19,12,7,0,0,0,Abril 2014
2014,Abril,PUENTE DE VALLECAS,25596,13590,12006,2101,1206,895,3135,1780,1355,3546,1996,1550,1658,768,890,12827,6903,5924,946,424,522,466,166,300,912,344,568,5,3,2,0,0,0,Abril 2014
2014,Abril,MORATALAZ,7356,3616,3740,188,104,84,425,212,213,1030,553,477,460,205,255,3658,1885,1773,472,233,239,380,135,245,733,287,446,10,2,8,0,0,0,Abril 2014
2014,Abril,CIUDAD LINEAL,15772,7819,7953,184,99,85,392,216,176,3449,1916,1533,889,385,504,6909,3515,3394,944,444,500,888,345,543,2093,891,1202,24,8,16,0,0,0,Abril 2014
2014,Abril,HORTALEZA,10825,5092,5733,49,18,31,499,269,230,1113,603,510,696,297,399,5183,2580,2603,739,322,417,683,253,430,1848,745,1103,15,5,10,0,0,0,Abril 2014
2014,Abril,VILLAVERDE,15567,8034,7533,163,68,95,901,517,384,2832,1596,1236,1019,423,596,9150,4887,4263,641,256,385,332,106,226,520,176,344,9,5,4,0,0,0,Abril 2014
2014,Abril,VILLA DE VALLECAS,9748,4659,5089,176,82,94,1531,831,700,1514,802,712,640,261,379,4366,2082,2284,577,245,332,342,125,217,599,230,369,3,1,2,0,0,0,Abril 2014
2014,Abril,VICÁLVARO,6154,3030,3124,289,171,118,510,299,211,956,533,423,414,154,260,2988,1533,1455,369,144,225,242,72,170,382,122,260,4,2,2,0,0,0,Abril 2014
2014,Abril,SAN BLAS-CANILLEJAS,12544,6273,6271,167,86,81,413,221,192,2122,1187,935,868,359,509,6557,3438,3119,812,358,454,578,215,363,1015,404,611,12,5,7,0,0,0,Abril 2014
2014,Abril,BARAJAS,2712,1278,1434,52,25,27,112,53,59,232,136,96,129,74,55,1374,634,740,188,94,94,206,81,125,416,179,237,3,2,1,0,0,0,Abril 2014
2014,Mayo,MADRID,234878,116195,118683,4318,2373,1945,16705,9210,7495,39395,21560,17835,13778,5901,7877,107667,55388,52279,12712,5901,6811,10802,4086,6716,28945,11583,17362,556,193,363,0,0,0,Mayo 2014
2014,Mayo,CENTRO,10714,5754,4960,104,67,37,417,258,159,2389,1436,953,489,236,253,4073,2291,1782,562,290,272,508,218,290,2116,933,1183,56,25,31,0,0,0,Mayo 2014
2014,Mayo,ARGANZUELA,10056,4769,5287,63,38,25,367,194,173,1569,890,679,562,237,325,3988,1975,2013,703,343,360,748,294,454,1993,779,1214,63,19,44,0,0,0,Mayo 2014
2014,Mayo,RETIRO,5996,2758,3238,28,16,12,91,50,41,892,451,441,237,115,122,2236,1071,1165,371,186,185,458,200,258,1649,662,987,34,7,27,0,0,0,Mayo 2014
2014,Mayo,SALAMANCA,6889,3065,3824,27,12,15,147,66,81,1249,595,654,283,122,161,2472,1157,1315,375,183,192,463,206,257,1829,709,1120,44,15,29,0,0,0,Mayo 2014
2014,Mayo,CHAMARTÍN,6408,2900,3508,14,6,8,192,99,93,602,302,300,230,106,124,2543,1187,1356,349,175,174,519,216,303,1928,804,1124,31,5,26,0,0,0,Mayo 2014
2014,Mayo,TETUÁN,11768,5802,5966,44,22,22,1813,997,816,1898,1002,896,582,240,342,4868,2461,2407,534,260,274,492,177,315,1517,636,881,20,7,13,0,0,0,Mayo 2014
2014,Mayo,CHAMBERÍ,7064,3240,3824,74,34,40,268,135,133,999,513,486,241,95,146,2511,1249,1262,346,180,166,495,204,291,2073,808,1265,57,22,35,0,0,0,Mayo 2014
2014,Mayo,FUENCARRAL - EL PARDO,12996,6088,6908,26,11,15,620,319,301,2192,1175,1017,683,277,406,5276,2562,2714,803,400,403,862,321,541,2479,1008,1471,55,15,40,0,0,0,Mayo 2014
2014,Mayo,MONCLOA - ARAVACA,5789,2685,3104,42,19,23,315,176,139,594,309,285,287,121,166,2334,1136,1198,305,148,157,404,154,250,1471,608,863,37,14,23,0,0,0,Mayo 2014
2014,Mayo,LATINA,19045,9692,9353,254,141,113,2034,1192,842,2626,1498,1128,1478,650,828,8842,4631,4211,1291,623,668,887,314,573,1616,638,978,17,5,12,0,0,0,Mayo 2014
2014,Mayo,CARABANCHEL,22063,11166,10897,219,123,96,1478,792,686,5580,3012,2568,1311,538,773,10292,5478,4814,1089,480,609,737,254,483,1339,481,858,18,8,10,0,0,0,Mayo 2014
2014,Mayo,USERA,12796,6462,6334,97,52,45,1218,644,574,2490,1368,1122,878,376,502,6693,3489,3204,520,205,315,289,96,193,590,220,370,21,12,9,0,0,0,Mayo 2014
2014,Mayo,PUENTE DE VALLECAS,24923,13186,11737,2086,1189,897,3050,1720,1330,3415,1912,1503,1611,743,868,12476,6711,5765,907,402,505,475,168,307,895,337,558,8,4,4,0,0,0,Mayo 2014
2014,Mayo,MORATALAZ,7121,3482,3639,189,107,82,408,205,203,1021,544,477,437,178,259,3530,1813,1717,455,225,230,346,122,224,726,287,439,9,1,8,0,0,0,Mayo 2014
2014,Mayo,CIUDAD LINEAL,15308,7588,7720,177,97,80,385,209,176,3366,1849,1517,863,382,481,6701,3409,3292,890,431,459,846,333,513,2054,871,1183,26,7,19,0,0,0,Mayo 2014
2014,Mayo,HORTALEZA,10494,4940,5554,46,21,25,489,254,235,1071,586,485,659,285,374,5028,2503,2525,737,324,413,656,238,418,1787,720,1067,21,9,12,0,0,0,Mayo 2014
2014,Mayo,VILLAVERDE,15129,7798,7331,158,70,88,916,538,378,2766,1557,1209,950,379,571,8895,4742,4153,598,236,362,323,100,223,513,171,342,10,5,5,0,0,0,Mayo 2014
2014,Mayo,VILLA DE VALLECAS,9370,4442,4928,160,74,86,1476,794,682,1422,753,669,618,243,375,4239,2021,2218,551,225,326,325,115,210,575,215,360,4,2,2,0,0,0,Mayo 2014
2014,Mayo,VICÁLVARO,6038,2965,3073,287,170,117,500,294,206,932,512,420,406,147,259,2939,1509,1430,350,142,208,236,69,167,384,120,264,4,2,2,0,0,0,Mayo 2014
2014,Mayo,SAN BLAS-CANILLEJAS,12267,6176,6091,169,82,87,412,223,189,2085,1158,927,856,364,492,6377,3366,3011,793,352,441,537,213,324,1020,411,609,18,7,11,0,0,0,Mayo 2014
2014,Mayo,BARAJAS,2644,1237,1407,54,22,32,109,51,58,237,138,99,117,67,50,1354,627,727,183,91,92,196,74,122,391,165,226,3,2,1,0,0,0,Mayo 2014
2014,Junio,MADRID,228904,112271,116633,4198,2264,1934,16439,8957,7482,38389,20869,17520,13396,5684,7712,104695,53419,51276,12330,5623,6707,10416,3904,6512,28523,11364,17159,518,187,331,0,0,0,Junio 2014
2014,Junio,CENTRO,10443,5628,4815,103,64,39,429,266,163,2309,1397,912,475,234,241,3939,2219,1720,558,286,272,499,215,284,2082,925,1157,49,22,27,0,0,0,Junio 2014
2014,Junio,ARGANZUELA,9742,4612,5130,62,36,26,386,204,182,1522,875,647,545,217,328,3824,1884,1940,691,346,345,695,276,419,1959,756,1203,58,18,40,0,0,0,Junio 2014
2014,Junio,RETIRO,5801,2651,3150,25,15,10,85,48,37,865,435,430,243,109,134,2161,1017,1144,352,177,175,442,190,252,1594,651,943,34,9,25,0,0,0,Junio 2014
2014,Junio,SALAMANCA,6695,2942,3753,23,10,13,137,57,80,1237,586,651,264,108,156,2383,1106,1277,347,165,182,453,195,258,1805,703,1102,46,12,34,0,0,0,Junio 2014
2014,Junio,CHAMARTÍN,6280,2815,3465,10,4,6,191,95,96,576,289,287,227,104,123,2513,1151,1362,338,159,179,499,204,295,1890,799,1091,36,10,26,0,0,0,Junio 2014
2014,Junio,TETUÁN,11477,5595,5882,41,20,21,1766,938,828,1877,983,894,550,231,319,4750,2399,2351,533,247,286,466,154,312,1481,618,863,13,5,8,0,0,0,Junio 2014
2014,Junio,CHAMBERÍ,6855,3101,3754,67,30,37,246,129,117,942,471,471,227,89,138,2452,1208,1244,345,170,175,471,189,282,2055,793,1262,50,22,28,0,0,0,Junio 2014
2014,Junio,FUENCARRAL - EL PARDO,12600,5844,6756,28,12,16,607,315,292,2086,1093,993,685,282,403,5133,2474,2659,769,378,391,810,294,516,2433,983,1450,49,13,36,0,0,0,Junio 2014
2014,Junio,MONCLOA - ARAVACA,5657,2648,3009,38,15,23,312,170,142,591,320,271,279,108,171,2242,1097,1145,301,153,148,392,147,245,1467,624,843,35,14,21,0,0,0,Junio 2014
2014,Junio,LATINA,18531,9391,9140,263,146,117,2001,1167,834,2516,1447,1069,1433,636,797,8626,4496,4130,1245,583,662,837,295,542,1595,616,979,15,5,10,0,0,0,Junio 2014
2014,Junio,CARABANCHEL,21631,10877,10754,215,119,96,1503,799,704,5488,2929,2559,1291,520,771,10030,5338,4692,1031,439,592,724,246,478,1335,480,855,14,7,7,0,0,0,Junio 2014
2014,Junio,USERA,12441,6216,6225,81,40,41,1178,622,556,2394,1315,1079,855,358,497,6533,3359,3174,497,199,298,310,98,212,575,214,361,18,11,7,0,0,0,Junio 2014
2014,Junio,PUENTE DE VALLECAS,24213,12612,11601,2017,1130,887,2946,1635,1311,3361,1844,1517,1561,714,847,12101,6424,5677,884,392,492,453,154,299,884,315,569,6,4,2,0,0,0,Junio 2014
2014,Junio,MORATALAZ,6936,3367,3569,189,105,84,397,199,198,990,520,470,417,173,244,3460,1765,1695,437,208,229,335,118,217,704,277,427,7,2,5,0,0,0,Junio 2014
2014,Junio,CIUDAD LINEAL,14974,7383,7591,181,95,86,397,214,183,3270,1790,1480,849,378,471,6535,3308,3227,889,418,471,802,319,483,2027,854,1173,24,7,17,0,0,0,Junio 2014
2014,Junio,HORTALEZA,10365,4820,5545,45,21,24,487,250,237,1028,565,463,652,266,386,4937,2417,2520,731,320,411,651,247,404,1809,724,1085,25,10,15,0,0,0,Junio 2014
2014,Junio,VILLAVERDE,14717,7541,7176,146,61,85,927,523,404,2717,1526,1191,910,372,538,8630,4577,4053,581,213,368,318,108,210,476,156,320,12,5,7,0,0,0,Junio 2014
2014,Junio,VILLA DE VALLECAS,9161,4279,4882,158,74,84,1452,791,661,1420,719,701,600,233,367,4119,1930,2189,526,223,303,311,108,203,569,198,371,6,3,3,0,0,0,Junio 2014
2014,Junio,VICÁLVARO,5852,2830,3022,275,156,119,495,281,214,939,511,428,405,151,254,2803,1408,1395,330,134,196,219,70,149,384,118,266,2,1,1,0,0,0,Junio 2014
2014,Junio,SAN BLAS-CANILLEJAS,11978,5933,6045,174,88,86,393,205,188,2034,1122,912,821,344,477,6228,3239,2989,765,330,435,537,203,334,1010,397,613,16,5,11,0,0,0,Junio 2014
2014,Junio,BARAJAS,2555,1186,1369,57,23,34,104,49,55,227,132,95,107,57,50,1296,603,693,180,83,97,192,74,118,389,163,226,3,2,1,0,0,0,Junio 2014
2014,Julio,MADRID,231333,111654,119679,4049,2143,1906,16264,8763,7501,37953,20420,17533,13002,5535,7467,104429,52748,51681,12528,5706,6822,11540,4064,7476,31126,12112,19014,442,163,279,0,0,0,Julio 2014
2014,Julio,CENTRO,10575,5648,4927,102,62,40,428,266,162,2322,1401,921,439,218,221,3923,2209,1714,546,285,261,518,217,301,2258,970,1288,39,20,19,0,0,0,Julio 2014
2014,Julio,ARGANZUELA,10048,4671,5377,62,36,26,403,215,188,1567,856,711,543,224,319,3808,1884,1924,693,346,347,776,285,491,2150,811,1339,46,14,32,0,0,0,Julio 2014
2014,Julio,RETIRO,5945,2664,3281,23,14,9,87,46,41,843,430,413,235,110,125,2159,987,1172,356,183,173,477,191,286,1738,697,1041,27,6,21,0,0,0,Julio 2014
2014,Julio,SALAMANCA,6788,2931,3857,22,11,11,136,57,79,1239,577,662,257,103,154,2386,1084,1302,343,156,187,482,192,290,1892,740,1152,31,11,20,0,0,0,Julio 2014
2014,Julio,CHAMARTÍN,6460,2875,3585,10,3,7,199,98,101,589,291,298,224,104,120,2516,1135,1381,344,168,176,527,212,315,2021,857,1164,30,7,23,0,0,0,Julio 2014
2014,Julio,TETUÁN,11529,5578,5951,39,18,21,1699,899,800,1837,954,883,531,219,312,4785,2414,2371,516,250,266,496,154,342,1615,666,949,11,4,7,0,0,0,Julio 2014
2014,Julio,CHAMBERÍ,7057,3118,3939,75,35,40,250,129,121,935,457,478,225,82,143,2451,1197,1254,346,163,183,506,201,305,2230,835,1395,39,19,20,0,0,0,Julio 2014
2014,Julio,FUENCARRAL - EL PARDO,12864,5850,7014,28,11,17,591,292,299,2072,1092,980,670,290,380,5123,2447,2676,793,374,419,913,312,601,2632,1021,1611,42,11,31,0,0,0,Julio 2014
2014,Julio,MONCLOA - ARAVACA,5806,2679,3127,40,18,22,304,159,145,584,328,256,260,110,150,2285,1119,1166,307,153,154,408,138,270,1581,637,944,37,17,20,0,0,0,Julio 2014
2014,Julio,LATINA,18641,9294,9347,262,142,120,1961,1131,830,2473,1394,1079,1387,610,777,8531,4409,4122,1262,581,681,965,325,640,1783,698,1085,17,4,13,0,0,0,Julio 2014
2014,Julio,CARABANCHEL,21666,10727,10939,207,106,101,1497,801,696,5406,2856,2550,1234,497,737,9945,5218,4727,1080,463,617,795,259,536,1488,521,967,14,6,8,0,0,0,Julio 2014
2014,Julio,USERA,12373,6054,6319,81,40,41,1147,588,559,2331,1258,1073,829,337,492,6476,3292,3184,492,203,289,350,98,252,652,229,423,15,9,6,0,0,0,Julio 2014
2014,Julio,PUENTE DE VALLECAS,24104,12369,11735,1875,1037,838,2884,1590,1294,3334,1814,1520,1547,717,830,12087,6331,5756,894,389,505,498,157,341,980,331,649,5,3,2,0,0,0,Julio 2014
2014,Julio,MORATALAZ,7055,3341,3714,190,104,86,376,181,195,1010,515,495,393,160,233,3446,1727,1719,443,213,230,379,123,256,811,316,495,7,2,5,0,0,0,Julio 2014
2014,Julio,CIUDAD LINEAL,15247,7401,7846,192,96,96,436,240,196,3166,1708,1458,833,371,462,6568,3314,3254,902,425,477,924,343,581,2201,896,1305,25,8,17,0,0,0,Julio 2014
2014,Julio,HORTALEZA,10587,4884,5703,51,27,24,478,236,242,990,541,449,645,259,386,4982,2436,2546,740,325,415,725,266,459,1958,787,1171,18,7,11,0,0,0,Julio 2014
2014,Julio,VILLAVERDE,14640,7382,7258,139,57,82,925,515,410,2659,1470,1189,879,360,519,8486,4445,4041,597,235,362,381,115,266,562,181,381,12,4,8,0,0,0,Julio 2014
2014,Julio,VILLA DE VALLECAS,9273,4273,5000,147,68,79,1460,781,679,1418,716,702,574,230,344,4135,1921,2214,533,224,309,367,119,248,631,211,420,8,3,5,0,0,0,Julio 2014
2014,Julio,VICÁLVARO,5939,2774,3165,271,145,126,483,271,212,948,509,439,394,146,248,2810,1372,1438,354,140,214,251,70,181,426,120,306,2,1,1,0,0,0,Julio 2014
2014,Julio,SAN BLAS-CANILLEJAS,12088,5929,6159,179,91,88,416,218,198,1998,1122,876,789,323,466,6207,3196,3011,785,334,451,603,214,389,1098,426,672,13,5,8,0,0,0,Julio 2014
2014,Julio,BARAJAS,2648,1212,1436,54,22,32,104,50,54,232,131,101,114,65,49,1320,611,709,202,96,106,199,73,126,419,162,257,4,2,2,0,0,0,Julio 2014
2014,Agosto,MADRID,232681,111910,120771,4077,2186,1891,16161,8718,7443,37661,20221,17440,13045,5558,7487,104708,52830,51878,12760,5706,7054,11926,4151,7775,31919,12383,19536,424,157,267,0,0,0,Agosto 2014
2014,Agosto,CENTRO,10644,5674,4970,110,66,44,445,275,170,2260,1357,903,439,221,218,3943,2207,1736,566,295,271,529,211,318,2316,1022,1294,36,20,16,0,0,0,Agosto 2014
2014,Agosto,ARGANZUELA,10082,4642,5440,58,33,25,404,222,182,1612,876,736,538,213,325,3741,1840,1901,688,328,360,776,284,492,2215,833,1382,50,13,37,0,0,0,Agosto 2014
2014,Agosto,RETIRO,6098,2710,3388,24,12,12,86,46,40,824,412,412,234,112,122,2219,1015,1204,357,179,178,511,206,305,1820,722,1098,23,6,17,0,0,0,Agosto 2014
2014,Agosto,SALAMANCA,6867,2949,3918,21,10,11,155,64,91,1211,568,643,256,100,156,2377,1080,1297,362,162,200,478,183,295,1977,771,1206,30,11,19,0,0,0,Agosto 2014
2014,Agosto,CHAMARTÍN,6458,2869,3589,11,5,6,191,93,98,599,298,301,226,99,127,2494,1129,1365,357,167,190,534,206,328,2021,865,1156,25,7,18,0,0,0,Agosto 2014
2014,Agosto,TETUÁN,11643,5585,6058,36,16,20,1709,896,813,1801,929,872,536,224,312,4846,2436,2410,531,247,284,526,170,356,1649,664,985,9,3,6,0,0,0,Agosto 2014
2014,Agosto,CHAMBERÍ,7034,3092,3942,68,33,35,242,126,116,925,448,477,228,85,143,2462,1199,1263,333,158,175,497,195,302,2244,833,1411,35,15,20,0,0,0,Agosto 2014
2014,Agosto,FUENCARRAL - EL PARDO,12893,5843,7050,28,11,17,576,288,288,2077,1094,983,669,288,381,5092,2411,2681,801,383,418,951,328,623,2664,1031,1633,35,9,26,0,0,0,Agosto 2014
2014,Agosto,MONCLOA - ARAVACA,5866,2700,3166,35,16,19,296,151,145,579,313,266,262,113,149,2305,1138,1167,311,159,152,429,148,281,1614,645,969,35,17,18,0,0,0,Agosto 2014
2014,Agosto,LATINA,18791,9344,9447,260,145,115,1962,1112,850,2440,1385,1055,1367,596,771,8594,4462,4132,1288,573,715,1014,348,666,1849,718,1131,17,5,12,0,0,0,Agosto 2014
2014,Agosto,CARABANCHEL,21667,10721,10946,209,117,92,1477,790,687,5298,2785,2513,1220,496,724,9983,5255,4728,1088,462,626,839,274,565,1537,536,1001,16,6,10,0,0,0,Agosto 2014
2014,Agosto,USERA,12458,6124,6334,80,44,36,1117,582,535,2313,1251,1062,843,354,489,6546,3347,3199,516,207,309,370,103,267,661,229,432,12,7,5,0,0,0,Agosto 2014
2014,Agosto,PUENTE DE VALLECAS,24163,12356,11807,1920,1083,837,2845,1575,1270,3257,1748,1509,1556,718,838,12124,6313,5811,924,397,527,520,173,347,1011,345,666,6,4,2,0,0,0,Agosto 2014
2014,Agosto,MORATALAZ,7129,3353,3776,183,90,93,376,179,197,1053,544,509,393,159,234,3459,1731,1728,436,204,232,397,128,269,826,316,510,6,2,4,0,0,0,Agosto 2014
2014,Agosto,CIUDAD LINEAL,15384,7452,7932,188,94,94,437,243,194,3159,1715,1444,834,369,465,6608,3331,3277,925,427,498,951,345,606,2251,917,1334,31,11,20,0,0,0,Agosto 2014
2014,Agosto,HORTALEZA,10683,4885,5798,51,26,25,477,234,243,997,531,466,664,262,402,5004,2460,2544,741,318,423,737,257,480,1993,790,1203,19,7,12,0,0,0,Agosto 2014
2014,Agosto,VILLAVERDE,14618,7346,7272,143,58,85,921,516,405,2671,1494,1177,901,381,520,8379,4345,4034,620,242,378,394,119,275,577,187,390,12,4,8,0,0,0,Agosto 2014
2014,Agosto,VILLA DE VALLECAS,9283,4265,5018,147,66,81,1430,772,658,1383,698,685,554,218,336,4147,1937,2210,550,223,327,392,112,280,673,237,436,7,2,5,0,0,0,Agosto 2014
2014,Agosto,VICÁLVARO,5984,2784,3200,267,143,124,478,266,212,969,524,445,397,148,249,2794,1358,1436,358,140,218,263,77,186,455,127,328,3,1,2,0,0,0,Agosto 2014
2014,Agosto,SAN BLAS-CANILLEJAS,12214,5976,6238,179,92,87,425,228,197,1999,1126,873,805,334,471,6243,3210,3033,821,346,475,599,201,398,1131,434,697,12,5,7,0,0,0,Agosto 2014
2014,Agosto,BARAJAS,2722,1240,1482,59,26,33,112,60,52,234,125,109,123,68,55,1348,626,722,187,89,98,219,83,136,435,161,274,5,2,3,0,0,0,Agosto 2014
2014,Septiembre,MADRID,232745,112984,119761,4116,2205,1911,16279,8776,7503,38234,20529,17705,13393,5745,7648,106282,53934,52348,12787,5779,7008,10816,3919,6897,30399,11947,18452,439,150,289,0,0,0,Septiembre 2014
2014,Septiembre,CENTRO,10579,5656,4923,106,62,44,448,273,175,2292,1345,947,451,227,224,4040,2308,1732,537,267,270,474,204,270,2188,953,1235,43,17,26,0,0,0,Septiembre 2014
2014,Septiembre,ARGANZUELA,10011,4607,5404,73,41,32,389,197,192,1706,934,772,559,223,336,3722,1825,1897,688,325,363,730,256,474,2098,795,1303,46,11,35,0,0,0,Septiembre 2014
2014,Septiembre,RETIRO,6009,2690,3319,26,16,10,85,45,40,870,439,431,232,112,120,2237,1007,1230,367,185,182,449,187,262,1713,691,1022,30,8,22,0,0,0,Septiembre 2014
2014,Septiembre,SALAMANCA,6774,2963,3811,29,13,16,155,63,92,1221,567,654,271,114,157,2374,1096,1278,349,158,191,445,179,266,1901,764,1137,29,9,20,0,0,0,Septiembre 2014
2014,Septiembre,CHAMARTÍN,6356,2836,3520,11,5,6,188,97,91,572,277,295,236,96,140,2488,1148,1340,343,158,185,515,209,306,1976,838,1138,27,8,19,0,0,0,Septiembre 2014
2014,Septiembre,TETUÁN,11485,5600,5885,42,19,23,1695,911,784,1802,938,864,514,218,296,4869,2470,2399,527,240,287,484,166,318,1539,635,904,13,3,10,0,0,0,Septiembre 2014
2014,Septiembre,CHAMBERÍ,6979,3125,3854,68,32,36,242,125,117,947,467,480,241,92,149,2475,1215,1260,324,161,163,471,183,288,2185,837,1348,26,13,13,0,0,0,Septiembre 2014
2014,Septiembre,FUENCARRAL - EL PARDO,12711,5819,6892,25,10,15,572,282,290,2033,1075,958,683,298,385,5133,2451,2682,841,400,441,853,309,544,2524,984,1540,47,10,37,0,0,0,Septiembre 2014
2014,Septiembre,MONCLOA - ARAVACA,5747,2648,3099,35,17,18,302,159,143,557,295,262,277,122,155,2296,1137,1159,322,152,170,395,147,248,1536,607,929,27,12,15,0,0,0,Septiembre 2014
2014,Septiembre,LATINA,18918,9504,9414,268,147,121,1950,1095,855,2518,1444,1074,1410,623,787,8774,4601,4173,1274,569,705,920,317,603,1786,703,1083,18,5,13,0,0,0,Septiembre 2014
2014,Septiembre,CARABANCHEL,21889,10828,11061,208,113,95,1486,774,712,5405,2836,2569,1268,508,760,10171,5336,4835,1126,483,643,751,252,499,1458,518,940,16,8,8,0,0,0,Septiembre 2014
2014,Septiembre,USERA,12687,6274,6413,88,44,44,1119,585,534,2379,1280,1099,874,376,498,6754,3468,3286,511,205,306,321,96,225,625,213,412,16,7,9,0,0,0,Septiembre 2014
2014,Septiembre,PUENTE DE VALLECAS,24546,12692,11854,1925,1092,833,2885,1599,1286,3336,1810,1526,1595,739,856,12470,6545,5925,925,419,506,457,154,303,946,330,616,7,4,3,0,0,0,Septiembre 2014
2014,Septiembre,MORATALAZ,7091,3388,3703,190,93,97,388,181,207,1053,555,498,395,167,228,3499,1752,1747,450,219,231,349,113,236,760,304,456,7,4,3,0,0,0,Septiembre 2014
2014,Septiembre,CIUDAD LINEAL,15311,7481,7830,178,94,84,457,254,203,3160,1695,1465,830,380,450,6697,3387,3310,944,448,496,862,342,520,2153,872,1281,30,9,21,0,0,0,Septiembre 2014
2014,Septiembre,HORTALEZA,10577,4906,5671,50,24,26,484,244,240,987,540,447,683,273,410,5058,2483,2575,725,312,413,683,249,434,1891,776,1115,16,5,11,0,0,0,Septiembre 2014
2014,Septiembre,VILLAVERDE,14992,7628,7364,142,56,86,956,548,408,2740,1519,1221,925,387,538,8681,4547,4134,622,252,370,347,120,227,567,195,372,12,4,8,0,0,0,Septiembre 2014
2014,Septiembre,VILLA DE VALLECAS,9174,4225,4949,147,66,81,1412,757,655,1397,706,691,572,220,352,4122,1917,2205,558,233,325,337,102,235,624,223,401,5,1,4,0,0,0,Septiembre 2014
2014,Septiembre,VICÁLVARO,5995,2846,3149,276,152,124,485,269,216,995,535,460,404,159,245,2831,1402,1429,359,143,216,238,69,169,403,115,288,4,2,2,0,0,0,Septiembre 2014
2014,Septiembre,SAN BLAS-CANILLEJAS,12215,6020,6195,170,85,85,470,256,214,2027,1143,884,844,339,505,6255,3217,3038,810,359,451,529,182,347,1096,433,663,14,6,8,0,0,0,Septiembre 2014
2014,Septiembre,BARAJAS,2699,1248,1451,59,24,35,111,62,49,237,129,108,129,72,57,1336,622,714,185,91,94,206,83,123,430,161,269,6,4,2,0,0,0,Septiembre 2014
2014,Octubre,MADRID,234155,113969,120186,4195,2245,1950,16434,8838,7596,38922,20900,18022,13942,5925,8017,107043,54432,52611,13003,5865,7138,10553,3840,6713,29620,11771,17849,443,153,290,0,0,0,Octubre 2014
2014,Octubre,CENTRO,10663,5728,4935,122,76,46,456,273,183,2372,1393,979,468,234,234,4074,2340,1734,532,274,258,474,204,270,2123,918,1205,42,16,26,0,0,0,Octubre 2014
2014,Octubre,ARGANZUELA,9951,4641,5310,69,40,29,394,201,193,1793,987,806,590,238,352,3687,1816,1871,675,316,359,664,240,424,2036,794,1242,43,9,34,0,0,0,Octubre 2014
2014,Octubre,RETIRO,5973,2719,3254,24,15,9,81,43,38,877,445,432,231,111,120,2261,1049,1212,358,181,177,441,186,255,1670,681,989,30,8,22,0,0,0,Octubre 2014
2014,Octubre,SALAMANCA,6842,3015,3827,31,13,18,151,65,86,1278,598,680,286,119,167,2365,1094,1271,357,156,201,441,177,264,1904,781,1123,29,12,17,0,0,0,Octubre 2014
2014,Octubre,CHAMARTÍN,6354,2852,3502,13,5,8,191,100,91,625,309,316,244,101,143,2493,1153,1340,354,159,195,495,192,303,1912,826,1086,27,7,20,0,0,0,Octubre 2014
2014,Octubre,TETUÁN,11543,5617,5926,40,20,20,1741,934,807,1803,941,862,539,229,310,4891,2447,2444,539,260,279,464,160,304,1510,622,888,16,4,12,0,0,0,Octubre 2014
2014,Octubre,CHAMBERÍ,7008,3166,3842,72,34,38,246,119,127,976,492,484,246,96,150,2448,1203,1245,358,175,183,468,186,282,2165,844,1321,29,17,12,0,0,0,Octubre 2014
2014,Octubre,FUENCARRAL - EL PARDO,12719,5831,6888,27,9,18,594,289,305,2036,1061,975,707,313,394,5198,2482,2716,836,394,442,846,306,540,2434,967,1467,41,10,31,0,0,0,Octubre 2014
2014,Octubre,MONCLOA - ARAVACA,5787,2682,3105,31,12,19,298,164,134,562,294,268,298,123,175,2349,1169,1180,317,145,172,426,167,259,1477,597,880,29,11,18,0,0,0,Octubre 2014
2014,Octubre,LATINA,18999,9503,9496,294,165,129,1969,1110,859,2484,1422,1062,1509,653,856,8862,4606,4256,1270,573,697,872,290,582,1720,678,1042,19,6,13,0,0,0,Octubre 2014
2014,Octubre,CARABANCHEL,22136,10945,11191,218,119,99,1484,782,702,5454,2848,2606,1339,535,804,10292,5389,4903,1153,496,657,729,247,482,1445,520,925,22,9,13,0,0,0,Octubre 2014
2014,Octubre,USERA,12814,6314,6500,78,37,41,1118,570,548,2408,1268,1140,871,376,495,6884,3548,3336,537,206,331,300,92,208,603,210,393,15,7,8,0,0,0,Octubre 2014
2014,Octubre,PUENTE DE VALLECAS,24717,12821,11896,1967,1107,860,2881,1606,1275,3365,1841,1524,1631,752,879,12499,6586,5913,969,437,532,458,151,307,939,337,602,8,4,4,0,0,0,Octubre 2014
2014,Octubre,MORATALAZ,7172,3475,3697,201,95,106,395,191,204,1114,600,514,430,182,248,3486,1762,1724,461,226,235,345,117,228,734,297,437,6,5,1,0,0,0,Octubre 2014
2014,Octubre,CIUDAD LINEAL,15426,7533,7893,170,89,81,464,248,216,3229,1717,1512,864,391,473,6785,3450,3335,950,451,499,842,333,509,2094,846,1248,28,8,20,0,0,0,Octubre 2014
2014,Octubre,HORTALEZA,10604,4927,5677,44,21,23,500,256,244,1044,571,473,703,277,426,5033,2494,2539,739,321,418,667,237,430,1857,746,1111,17,4,13,0,0,0,Octubre 2014
2014,Octubre,VILLAVERDE,15067,7686,7381,152,65,87,1006,571,435,2761,1539,1222,974,397,577,8660,4554,4106,644,259,385,325,108,217,533,189,344,12,4,8,0,0,0,Octubre 2014
2014,Octubre,VILLA DE VALLECAS,9341,4286,5055,147,65,82,1406,737,669,1424,715,709,589,223,366,4277,1997,2280,580,234,346,317,98,219,596,216,380,5,1,4,0,0,0,Octubre 2014
2014,Octubre,VICÁLVARO,6032,2881,3151,266,151,115,474,263,211,1037,567,470,421,166,255,2824,1384,1440,379,149,230,235,73,162,390,126,264,6,2,4,0,0,0,Octubre 2014
2014,Octubre,SAN BLAS-CANILLEJAS,12316,6093,6223,178,87,91,465,253,212,2030,1160,870,872,339,533,6334,3282,3052,802,356,446,546,192,354,1076,419,657,13,5,8,0,0,0,Octubre 2014
2014,Octubre,BARAJAS,2691,1254,1437,51,20,31,120,63,57,250,132,118,130,70,60,1341,627,714,193,97,96,198,84,114,402,157,245,6,4,2,0,0,0,Octubre 2014
2014,Noviembre,MADRID,232164,113146,119018,4167,2217,1950,16417,8809,7608,39000,20968,18032,13761,5862,7899,106217,54097,52120,12687,5733,6954,10358,3771,6587,29142,11547,17595,415,142,273,0,0,0,Noviembre 2014
2014,Noviembre,CENTRO,10738,5764,4974,125,74,51,460,280,180,2474,1446,1028,452,212,240,4019,2333,1686,520,260,260,484,211,273,2172,933,1239,32,15,17,0,0,0,Noviembre 2014
2014,Noviembre,ARGANZUELA,9902,4637,5265,70,43,27,404,202,202,1839,1019,820,599,235,364,3637,1793,1844,647,300,347,671,256,415,1997,780,1217,38,9,29,0,0,0,Noviembre 2014
2014,Noviembre,RETIRO,5862,2693,3169,26,17,9,79,43,36,857,445,412,229,118,111,2228,1034,1194,351,179,172,446,186,260,1619,665,954,27,6,21,0,0,0,Noviembre 2014
2014,Noviembre,SALAMANCA,6804,2990,3814,31,14,17,153,69,84,1321,606,715,288,122,166,2353,1086,1267,353,150,203,444,169,275,1835,761,1074,26,13,13,0,0,0,Noviembre 2014
2014,Noviembre,CHAMARTÍN,6267,2791,3476,11,4,7,188,102,86,636,303,333,235,99,136,2435,1108,1327,356,166,190,473,182,291,1904,821,1083,29,6,23,0,0,0,Noviembre 2014
2014,Noviembre,TETUÁN,11528,5611,5917,44,21,23,1700,914,786,1777,933,844,563,234,329,4938,2489,2449,531,253,278,447,152,295,1512,611,901,16,4,12,0,0,0,Noviembre 2014
2014,Noviembre,CHAMBERÍ,6882,3108,3774,74,36,38,247,113,134,967,490,477,248,96,152,2424,1193,1231,348,177,171,441,178,263,2102,809,1293,31,16,15,0,0,0,Noviembre 2014
2014,Noviembre,FUENCARRAL - EL PARDO,12560,5766,6794,29,13,16,587,279,308,2033,1068,965,716,326,390,5162,2471,2691,796,357,439,817,292,525,2384,952,1432,36,8,28,0,0,0,Noviembre 2014
2014,Noviembre,MONCLOA - ARAVACA,5722,2668,3054,36,17,19,288,159,129,570,306,264,283,118,165,2314,1156,1158,314,144,170,407,152,255,1476,604,872,34,12,22,0,0,0,Noviembre 2014
2014,Noviembre,LATINA,18887,9441,9446,287,155,132,1970,1101,869,2445,1401,1044,1490,644,846,8845,4606,4239,1291,598,693,855,280,575,1690,652,1038,14,4,10,0,0,0,Noviembre 2014
2014,Noviembre,CARABANCHEL,21896,10852,11044,215,119,96,1476,787,689,5449,2857,2592,1300,532,768,10201,5323,4878,1108,474,634,712,246,466,1415,507,908,20,7,13,0,0,0,Noviembre 2014
2014,Noviembre,USERA,12653,6310,6343,82,41,41,1101,567,534,2381,1271,1110,871,375,496,6812,3548,3264,529,208,321,284,92,192,579,202,377,14,6,8,0,0,0,Noviembre 2014
2014,Noviembre,PUENTE DE VALLECAS,24602,12770,11832,1952,1086,866,2930,1629,1301,3384,1844,1540,1615,739,876,12394,6533,5861,957,446,511,459,157,302,903,332,571,8,4,4,0,0,0,Noviembre 2014
2014,Noviembre,MORATALAZ,7062,3400,3662,196,95,101,394,187,207,1131,603,528,426,184,242,3411,1713,1698,436,212,224,343,115,228,720,287,433,5,4,1,0,0,0,Noviembre 2014
2014,Noviembre,CIUDAD LINEAL,15228,7414,7814,170,86,84,447,228,219,3168,1683,1485,864,395,469,6740,3413,3327,909,424,485,848,336,512,2057,841,1216,25,8,17,0,0,0,Noviembre 2014
2014,Noviembre,HORTALEZA,10476,4892,5584,43,20,23,489,252,237,1035,573,462,691,289,402,5024,2479,2545,707,315,392,643,221,422,1828,739,1089,16,4,12,0,0,0,Noviembre 2014
2014,Noviembre,VILLAVERDE,14984,7672,7312,145,57,88,1017,572,445,2758,1530,1228,935,391,544,8631,4561,4070,639,269,370,322,107,215,525,181,344,12,4,8,0,0,0,Noviembre 2014
2014,Noviembre,VILLA DE VALLECAS,9285,4267,5018,154,71,83,1416,748,668,1434,724,710,578,214,364,4229,1984,2245,553,217,336,326,99,227,588,209,379,7,1,6,0,0,0,Noviembre 2014
2014,Noviembre,VICÁLVARO,6009,2879,3130,265,150,115,486,269,217,1044,575,469,408,155,253,2819,1394,1425,372,147,225,230,70,160,381,118,263,4,1,3,0,0,0,Noviembre 2014
2014,Noviembre,SAN BLAS-CANILLEJAS,12151,5983,6168,169,83,86,468,249,219,2036,1152,884,847,324,523,6265,3242,3023,778,342,436,524,196,328,1049,389,660,15,6,9,0,0,0,Noviembre 2014
2014,Noviembre,BARAJAS,2666,1238,1428,43,15,28,117,59,58,261,139,122,123,60,63,1336,638,698,192,95,97,182,74,108,406,154,252,6,4,2,0,0,0,Noviembre 2014
2014,Diciembre,MADRID,226775,111250,115525,4080,2214,1866,16276,8806,7470,38595,21042,17553,13308,5708,7600,103257,52758,50499,12234,5515,6719,10142,3731,6411,28487,11329,17158,396,147,249,0,0,0,Diciembre 2014
2014,Diciembre,CENTRO,10416,5647,4769,118,73,45,438,261,177,2447,1443,1004,417,200,217,3926,2278,1648,508,258,250,467,210,257,2068,910,1158,27,14,13,0,0,0,Diciembre 2014
2014,Diciembre,ARGANZUELA,9658,4530,5128,67,41,26,399,208,191,1801,1005,796,567,226,341,3534,1759,1775,626,282,344,656,238,418,1969,762,1207,39,9,30,0,0,0,Diciembre 2014
2014,Diciembre,RETIRO,5733,2613,3120,26,16,10,83,47,36,838,416,422,220,108,112,2154,1000,1154,348,179,169,439,188,251,1600,653,947,25,6,19,0,0,0,Diciembre 2014
2014,Diciembre,SALAMANCA,6587,2883,3704,35,15,20,139,63,76,1268,584,684,266,104,162,2282,1056,1226,331,147,184,427,159,268,1812,742,1070,27,13,14,0,0,0,Diciembre 2014
2014,Diciembre,CHAMARTÍN,6184,2769,3415,13,4,9,181,95,86,667,320,347,241,101,140,2389,1098,1291,336,158,178,469,181,288,1860,805,1055,28,7,21,0,0,0,Diciembre 2014
2014,Diciembre,TETUÁN,11283,5499,5784,43,21,22,1691,907,784,1744,942,802,550,231,319,4801,2404,2397,499,235,264,451,151,300,1492,604,888,12,4,8,0,0,0,Diciembre 2014
2014,Diciembre,CHAMBERÍ,6785,3099,3686,78,39,39,239,111,128,974,508,466,237,87,150,2384,1199,1185,327,156,171,435,178,257,2078,804,1274,33,17,16,0,0,0,Diciembre 2014
2014,Diciembre,FUENCARRAL - EL PARDO,12364,5677,6687,32,15,17,580,280,300,1978,1032,946,728,312,416,5090,2444,2646,764,341,423,791,304,487,2366,939,1427,35,10,25,0,0,0,Diciembre 2014
2014,Diciembre,MONCLOA - ARAVACA,5568,2602,2966,36,20,16,294,158,136,558,300,258,273,119,154,2229,1098,1131,321,155,166,402,152,250,1426,588,838,29,12,17,0,0,0,Diciembre 2014
2014,Diciembre,LATINA,18385,9304,9081,281,152,129,1936,1087,849,2387,1381,1006,1423,641,782,8627,4551,4076,1239,574,665,834,276,558,1640,636,1004,18,6,12,0,0,0,Diciembre 2014
2014,Diciembre,CARABANCHEL,21353,10692,10661,210,123,87,1449,783,666,5329,2871,2458,1273,521,752,9923,5183,4740,1082,464,618,701,244,457,1373,498,875,13,5,8,0,0,0,Diciembre 2014
2014,Diciembre,USERA,12392,6208,6184,80,43,37,1088,562,526,2395,1302,1093,844,362,482,6599,3433,3166,511,204,307,282,87,195,581,210,371,12,5,7,0,0,0,Diciembre 2014
2014,Diciembre,PUENTE DE VALLECAS,24025,12602,11423,1910,1086,824,2920,1634,1286,3379,1907,1472,1586,742,844,11977,6314,5663,918,431,487,461,161,300,866,323,543,8,4,4,0,0,0,Diciembre 2014
2014,Diciembre,MORATALAZ,7029,3400,3629,195,96,99,397,192,205,1152,616,536,407,183,224,3372,1689,1683,437,207,230,344,124,220,719,289,430,6,4,2,0,0,0,Diciembre 2014
2014,Diciembre,CIUDAD LINEAL,14759,7243,7516,153,76,77,436,229,207,3130,1695,1435,834,388,446,6517,3300,3217,867,399,468,811,329,482,1989,819,1170,22,8,14,0,0,0,Diciembre 2014
2014,Diciembre,HORTALEZA,10201,4758,5443,47,26,21,479,242,237,1051,581,470,652,265,387,4861,2402,2459,684,306,378,618,211,407,1792,721,1071,17,4,13,0,0,0,Diciembre 2014
2014,Diciembre,VILLAVERDE,14699,7608,7091,139,58,81,1030,595,435,2723,1534,1189,893,375,518,8452,4493,3959,635,265,370,318,107,211,497,176,321,12,5,7,0,0,0,Diciembre 2014
2014,Diciembre,VILLA DE VALLECAS,9067,4209,4858,154,66,88,1437,766,671,1429,745,684,569,214,355,4075,1936,2139,520,191,329,307,94,213,569,196,373,7,1,6,0,0,0,Diciembre 2014
2014,Diciembre,VICÁLVARO,5918,2858,3060,258,144,114,483,274,209,1075,584,491,384,151,233,2742,1366,1376,371,152,219,225,72,153,374,112,262,6,3,3,0,0,0,Diciembre 2014
2014,Diciembre,SAN BLAS-CANILLEJAS,11797,5849,5948,166,84,82,457,252,205,2011,1139,872,822,319,503,6042,3142,2900,729,319,410,528,190,338,1027,398,629,15,6,9,0,0,0,Diciembre 2014
2014,Diciembre,BARAJAS,2572,1200,1372,39,16,23,120,60,60,259,137,122,122,59,63,1281,613,668,181,92,89,176,75,101,389,144,245,5,4,1,0,0,0,Diciembre 2014
2015,Enero,MADRID,230358,112591,117767,4120,2206,1914,16431,8860,7571,39693,21494,18199,13531,5715,7816,104761,53444,51317,12463,5596,6867,10158,3749,6409,28804,11385,17419,397,142,255,0,0,0,Enero 2015
2015,Enero,CENTRO,10641,5725,4916,125,77,48,444,265,179,2489,1466,1023,445,217,228,3989,2307,1682,531,262,269,465,197,268,2118,918,1200,35,16,19,0,0,0,Enero 2015
2015,Enero,ARGANZUELA,9874,4613,5261,67,41,26,390,200,190,1833,1024,809,560,214,346,3645,1789,1856,662,308,354,678,254,424,1995,771,1224,44,12,32,0,0,0,Enero 2015
2015,Enero,RETIRO,5761,2648,3113,27,15,12,87,51,36,853,432,421,219,106,113,2144,1011,1133,363,182,181,451,196,255,1593,648,945,24,7,17,0,0,0,Enero 2015
2015,Enero,SALAMANCA,6653,2898,3755,39,16,23,143,61,82,1371,641,730,253,94,159,2284,1054,1230,332,160,172,413,151,262,1788,708,1080,30,13,17,0,0,0,Enero 2015
2015,Enero,CHAMARTÍN,6306,2836,3470,12,4,8,192,104,88,720,349,371,232,94,138,2431,1125,1306,348,159,189,474,185,289,1868,810,1058,29,6,23,0,0,0,Enero 2015
2015,Enero,TETUÁN,11411,5514,5897,45,19,26,1692,904,788,1778,951,827,567,236,331,4844,2436,2408,500,226,274,452,151,301,1523,589,934,10,2,8,0,0,0,Enero 2015
2015,Enero,CHAMBERÍ,6840,3114,3726,85,45,40,239,113,126,964,490,474,245,96,149,2417,1201,1216,331,157,174,430,177,253,2101,820,1281,28,15,13,0,0,0,Enero 2015
2015,Enero,FUENCARRAL - EL PARDO,12518,5731,6787,27,11,16,604,301,303,2025,1038,987,734,311,423,5153,2459,2694,775,346,429,786,302,484,2379,954,1425,35,9,26,0,0,0,Enero 2015
2015,Enero,MONCLOA - ARAVACA,5640,2624,3016,34,17,17,300,156,144,556,299,257,294,121,173,2279,1116,1163,316,148,168,393,154,239,1439,604,835,29,9,20,0,0,0,Enero 2015
2015,Enero,LATINA,18777,9456,9321,294,156,138,1986,1113,873,2455,1403,1052,1441,633,808,8813,4636,4177,1252,569,683,845,289,556,1681,653,1028,10,4,6,0,0,0,Enero 2015
2015,Enero,CARABANCHEL,21631,10822,10809,226,132,94,1443,782,661,5457,2914,2543,1312,535,777,10014,5251,4763,1094,468,626,685,236,449,1387,498,889,13,6,7,0,0,0,Enero 2015
2015,Enero,USERA,12730,6361,6369,87,48,39,1135,579,556,2442,1330,1112,845,347,498,6807,3554,3253,521,204,317,277,81,196,604,213,391,12,5,7,0,0,0,Enero 2015
2015,Enero,PUENTE DE VALLECAS,24421,12763,11658,1934,1084,850,2949,1640,1309,3458,1950,1508,1634,751,883,12188,6430,5758,921,423,498,448,150,298,881,331,550,8,4,4,0,0,0,Enero 2015
2015,Enero,MORATALAZ,7086,3409,3677,185,88,97,405,194,211,1212,633,579,405,176,229,3382,1693,1689,443,209,234,336,123,213,710,288,422,8,5,3,0,0,0,Enero 2015
2015,Enero,CIUDAD LINEAL,15070,7340,7730,144,68,76,437,222,215,3300,1783,1517,856,386,470,6585,3307,3278,891,411,480,840,344,496,1992,812,1180,25,7,18,0,0,0,Enero 2015
2015,Enero,HORTALEZA,10401,4840,5561,46,26,20,491,251,240,1105,604,501,665,275,390,4925,2436,2489,692,300,392,621,216,405,1841,728,1113,15,4,11,0,0,0,Enero 2015
2015,Enero,VILLAVERDE,14887,7646,7241,141,59,82,1030,600,430,2776,1537,1239,902,378,524,8554,4517,4037,644,275,369,318,98,220,513,179,334,9,3,6,0,0,0,Enero 2015
2015,Enero,VILLA DE VALLECAS,9072,4199,4873,152,67,85,1434,765,669,1424,738,686,586,212,374,4076,1922,2154,525,206,319,306,98,208,561,189,372,8,2,6,0,0,0,Enero 2015
2015,Enero,VICÁLVARO,5914,2839,3075,252,138,114,456,251,205,1084,575,509,388,151,237,2749,1386,1363,377,152,225,219,72,147,385,112,273,4,2,2,0,0,0,Enero 2015
2015,Enero,SAN BLAS-CANILLEJAS,12070,5960,6110,157,78,79,456,250,206,2121,1196,925,822,318,504,6151,3167,2984,760,340,420,540,196,344,1048,409,639,15,6,9,0,0,0,Enero 2015
2015,Enero,BARAJAS,2655,1253,1402,41,17,24,118,58,60,270,141,129,126,64,62,1331,647,684,185,91,94,181,79,102,397,151,246,6,5,1,0,0,0,Enero 2015
2015,Febrero,MADRID,232005,113022,118983,4123,2164,1959,16649,8956,7693,40613,21805,18808,13673,5772,7901,105541,53655,51886,12446,5551,6895,9962,3658,6304,28615,11332,17283,383,129,254,0,0,0,Febrero 2015
2015,Febrero,CENTRO,10627,5715,4912,125,77,48,430,261,169,2496,1461,1035,453,223,230,3971,2290,1681,527,264,263,478,211,267,2117,917,1200,30,11,19,0,0,0,Febrero 2015
2015,Febrero,ARGANZUELA,9930,4637,5293,69,43,26,383,196,187,1886,1072,814,568,225,343,3669,1775,1894,647,291,356,682,256,426,1986,768,1218,40,11,29,0,0,0,Febrero 2015
2015,Febrero,RETIRO,5726,2614,3112,25,15,10,85,51,34,854,420,434,220,109,111,2135,1011,1124,373,183,190,419,178,241,1591,640,951,24,7,17,0,0,0,Febrero 2015
2015,Febrero,SALAMANCA,6691,2907,3784,34,12,22,149,63,86,1378,644,734,262,101,161,2319,1081,1238,349,158,191,412,149,263,1754,683,1071,34,16,18,0,0,0,Febrero 2015
2015,Febrero,CHAMARTÍN,6398,2873,3525,11,4,7,199,102,97,764,371,393,249,96,153,2470,1142,1328,340,152,188,463,176,287,1874,824,1050,28,6,22,0,0,0,Febrero 2015
2015,Febrero,TETUÁN,11602,5625,5977,49,21,28,1706,933,773,1831,986,845,583,240,343,4946,2461,2485,517,228,289,455,161,294,1503,592,911,12,3,9,0,0,0,Febrero 2015
2015,Febrero,CHAMBERÍ,6882,3171,3711,73,37,36,241,108,133,964,497,467,242,98,144,2449,1226,1223,333,168,165,449,177,272,2102,845,1257,29,15,14,0,0,0,Febrero 2015
2015,Febrero,FUENCARRAL - EL PARDO,12485,5703,6782,30,15,15,601,284,317,2019,1036,983,708,304,404,5216,2490,2726,783,345,438,754,278,476,2342,942,1400,32,9,23,0,0,0,Febrero 2015
2015,Febrero,MONCLOA - ARAVACA,5695,2610,3085,35,17,18,301,158,143,585,311,274,290,123,167,2304,1122,1182,303,143,160,387,145,242,1463,585,878,27,6,21,0,0,0,Febrero 2015
2015,Febrero,LATINA,18795,9490,9305,280,146,134,2032,1140,892,2464,1403,1061,1452,644,808,8815,4622,4193,1263,575,688,824,297,527,1654,660,994,11,3,8,0,0,0,Febrero 2015
2015,Febrero,CARABANCHEL,21947,10929,11018,226,131,95,1488,818,670,5591,2933,2658,1315,540,775,10165,5317,4848,1102,469,633,674,224,450,1373,490,883,13,7,6,0,0,0,Febrero 2015
2015,Febrero,USERA,12860,6401,6459,82,46,36,1160,588,572,2503,1332,1171,854,348,506,6875,3580,3295,515,207,308,263,81,182,596,214,382,12,5,7,0,0,0,Febrero 2015
2015,Febrero,PUENTE DE VALLECAS,24628,12726,11902,1966,1068,898,3002,1658,1344,3536,1939,1597,1661,755,906,12217,6407,5810,914,408,506,446,148,298,877,340,537,9,3,6,0,0,0,Febrero 2015
2015,Febrero,MORATALAZ,7076,3382,3694,191,95,96,396,188,208,1225,612,613,406,180,226,3361,1666,1695,448,223,225,326,117,209,715,296,419,8,5,3,0,0,0,Febrero 2015
2015,Febrero,CIUDAD LINEAL,15286,7387,7899,146,65,81,423,208,215,3464,1847,1617,879,383,496,6644,3320,3324,886,410,476,805,315,490,2015,833,1182,24,6,18,0,0,0,Febrero 2015
2015,Febrero,HORTALEZA,10447,4831,5616,44,26,18,507,258,249,1178,639,539,658,261,397,4965,2451,2514,692,292,400,617,219,398,1770,683,1087,16,2,14,0,0,0,Febrero 2015
2015,Febrero,VILLAVERDE,14929,7624,7305,136,54,82,1060,616,444,2778,1537,1241,918,370,548,8582,4504,4078,642,273,369,313,102,211,492,166,326,8,2,6,0,0,0,Febrero 2015
2015,Febrero,VILLA DE VALLECAS,9199,4256,4943,148,63,85,1448,766,682,1458,769,689,597,220,377,4150,1959,2191,524,203,321,289,89,200,579,185,394,6,2,4,0,0,0,Febrero 2015
2015,Febrero,VICÁLVARO,5948,2842,3106,261,136,125,462,259,203,1131,595,536,398,155,243,2737,1375,1362,365,145,220,210,70,140,383,106,277,1,1,0,0,0,0,Febrero 2015
2015,Febrero,SAN BLAS-CANILLEJAS,12172,6035,6137,150,75,75,459,245,214,2212,1253,959,829,325,504,6215,3207,3008,745,326,419,517,190,327,1031,409,622,14,5,9,0,0,0,Febrero 2015
2015,Febrero,BARAJAS,2682,1264,1418,42,18,24,117,56,61,296,148,148,131,72,59,1336,649,687,178,88,90,179,75,104,398,154,244,5,4,1,0,0,0,Febrero 2015
2015,Marzo,MADRID,230518,111844,118674,4137,2155,1982,16583,8868,7715,40737,21628,19109,13696,5773,7923,104810,53148,51662,12317,5485,6832,9726,3556,6170,28132,11097,17035,380,134,246,0,0,0,Marzo 2015
2015,Marzo,CENTRO,10401,5591,4810,131,78,53,424,258,166,2449,1440,1009,452,222,230,3909,2247,1662,519,259,260,428,178,250,2060,898,1162,29,11,18,0,0,0,Marzo 2015
2015,Marzo,ARGANZUELA,9826,4577,5249,70,45,25,369,188,181,1886,1054,832,571,222,349,3625,1778,1847,636,285,351,695,255,440,1928,737,1191,46,13,33,0,0,0,Marzo 2015
2015,Marzo,RETIRO,5644,2579,3065,26,15,11,82,47,35,859,430,429,219,105,114,2101,990,1111,367,181,186,402,176,226,1564,628,936,24,7,17,0,0,0,Marzo 2015
2015,Marzo,SALAMANCA,6671,2908,3763,33,9,24,144,62,82,1430,668,762,266,107,159,2268,1057,1211,347,163,184,400,144,256,1747,682,1065,36,16,20,0,0,0,Marzo 2015
2015,Marzo,CHAMARTÍN,6331,2846,3485,13,5,8,199,105,94,782,361,421,241,97,144,2406,1132,1274,339,148,191,456,163,293,1867,826,1041,28,9,19,0,0,0,Marzo 2015
2015,Marzo,TETUÁN,11576,5592,5984,57,27,30,1678,909,769,1793,945,848,599,248,351,4976,2469,2507,505,229,276,465,163,302,1495,598,897,8,4,4,0,0,0,Marzo 2015
2015,Marzo,CHAMBERÍ,6793,3106,3687,72,35,37,242,115,127,972,504,468,248,96,152,2400,1199,1201,323,154,169,434,169,265,2072,817,1255,30,17,13,0,0,0,Marzo 2015
2015,Marzo,FUENCARRAL - EL PARDO,12299,5571,6728,27,11,16,608,286,322,2002,1016,986,709,298,411,5128,2434,2694,769,333,436,737,271,466,2287,914,1373,32,8,24,0,0,0,Marzo 2015
2015,Marzo,MONCLOA - ARAVACA,5622,2561,3061,39,16,23,282,147,135,575,301,274,289,115,174,2262,1103,1159,318,142,176,364,137,227,1465,593,872,28,7,21,0,0,0,Marzo 2015
2015,Marzo,LATINA,18658,9340,9318,272,145,127,2027,1137,890,2457,1372,1085,1466,647,819,8731,4516,4215,1256,572,684,812,306,506,1626,640,986,11,5,6,0,0,0,Marzo 2015
2015,Marzo,CARABANCHEL,21859,10879,10980,228,123,105,1467,782,685,5611,2930,2681,1299,535,764,10161,5337,4824,1077,466,611,648,220,428,1355,479,876,13,7,6,0,0,0,Marzo 2015
2015,Marzo,USERA,12892,6398,6494,91,52,39,1206,618,588,2481,1301,1180,879,369,510,6845,3548,3297,511,205,306,268,87,181,603,215,388,8,3,5,0,0,0,Marzo 2015
2015,Marzo,PUENTE DE VALLECAS,24556,12674,11882,1997,1076,921,2980,1622,1358,3543,1942,1601,1652,735,917,12157,6395,5762,907,411,496,434,139,295,879,351,528,7,3,4,0,0,0,Marzo 2015
2015,Marzo,MORATALAZ,7035,3330,3705,195,98,97,391,178,213,1267,630,637,404,178,226,3330,1638,1692,437,220,217,320,109,211,683,274,409,8,5,3,0,0,0,Marzo 2015
2015,Marzo,CIUDAD LINEAL,15180,7353,7827,136,66,70,420,209,211,3487,1831,1656,877,380,497,6607,3328,3279,912,425,487,774,314,460,1945,796,1149,22,4,18,0,0,0,Marzo 2015
2015,Marzo,HORTALEZA,10465,4791,5674,45,25,20,546,272,274,1197,641,556,655,261,394,4958,2416,2542,688,282,406,605,216,389,1754,676,1078,17,2,15,0,0,0,Marzo 2015
2015,Marzo,VILLAVERDE,14889,7580,7309,134,54,80,1060,626,434,2771,1503,1268,902,372,530,8596,4492,4104,620,265,355,320,106,214,479,161,318,7,1,6,0,0,0,Marzo 2015
2015,Marzo,VILLA DE VALLECAS,9131,4228,4903,141,57,84,1429,756,673,1484,778,706,588,217,371,4140,1944,2196,508,200,308,286,92,194,550,182,368,5,2,3,0,0,0,Marzo 2015
2015,Marzo,VICÁLVARO,5937,2817,3120,252,133,119,476,267,209,1169,604,565,392,155,237,2700,1346,1354,364,142,222,212,64,148,370,105,265,2,1,1,0,0,0,Marzo 2015
2015,Marzo,SAN BLAS-CANILLEJAS,12115,5886,6229,137,68,69,443,232,211,2238,1230,1008,854,344,510,6166,3123,3043,740,320,420,502,180,322,1021,384,637,14,5,9,0,0,0,Marzo 2015
2015,Marzo,BARAJAS,2638,1237,1401,41,17,24,110,52,58,284,147,137,134,70,64,1344,656,688,174,83,91,164,67,97,382,141,241,5,4,1,0,0,0,Marzo 2015
2015,Abril,MADRID,225164,108873,116291,4002,2070,1932,16231,8605,7626,40015,21172,18843,13404,5646,7758,102174,51519,50655,12110,5423,6687,9412,3446,5966,27447,10858,16589,369,134,235,0,0,0,Abril 2015
2015,Abril,CENTRO,10156,5432,4724,125,74,51,420,256,164,2352,1374,978,449,219,230,3825,2199,1626,496,241,255,425,184,241,2032,871,1161,32,14,18,0,0,0,Abril 2015
2015,Abril,ARGANZUELA,9575,4479,5096,61,36,25,350,178,172,1841,1031,810,561,218,343,3599,1757,1842,617,282,335,646,233,413,1859,732,1127,41,12,29,0,0,0,Abril 2015
2015,Abril,RETIRO,5584,2513,3071,18,9,9,80,49,31,837,430,407,222,103,119,2058,954,1104,355,176,179,407,175,232,1582,608,974,25,9,16,0,0,0,Abril 2015
2015,Abril,SALAMANCA,6504,2818,3686,32,8,24,140,63,77,1371,645,726,258,100,158,2202,1020,1182,338,149,189,399,145,254,1731,671,1060,33,17,16,0,0,0,Abril 2015
2015,Abril,CHAMARTÍN,6148,2762,3386,15,5,10,205,107,98,761,345,416,231,93,138,2353,1107,1246,328,146,182,431,161,270,1800,792,1008,24,6,18,0,0,0,Abril 2015
2015,Abril,TETUÁN,11294,5427,5867,51,24,27,1598,841,757,1771,940,831,586,239,347,4854,2428,2426,518,239,279,451,158,293,1456,555,901,9,3,6,0,0,0,Abril 2015
2015,Abril,CHAMBERÍ,6632,3035,3597,71,35,36,238,117,121,986,504,482,242,91,151,2313,1157,1156,323,154,169,419,169,250,2011,793,1218,29,15,14,0,0,0,Abril 2015
2015,Abril,FUENCARRAL - EL PARDO,12029,5460,6569,25,9,16,587,272,315,1972,1008,964,689,285,404,5054,2403,2651,770,340,430,722,271,451,2185,866,1319,25,6,19,0,0,0,Abril 2015
2015,Abril,MONCLOA - ARAVACA,5491,2532,2959,39,18,21,284,148,136,576,294,282,279,116,163,2237,1089,1148,297,131,166,354,130,224,1399,598,801,26,8,18,0,0,0,Abril 2015
2015,Abril,LATINA,18225,9118,9107,257,142,115,1970,1088,882,2445,1362,1083,1440,628,812,8502,4387,4115,1244,579,665,765,287,478,1590,639,951,12,6,6,0,0,0,Abril 2015
2015,Abril,CARABANCHEL,21352,10552,10800,218,113,105,1452,745,707,5447,2850,2597,1264,521,743,9942,5166,4776,1074,476,598,629,208,421,1312,468,844,14,5,9,0,0,0,Abril 2015
2015,Abril,USERA,12471,6169,6302,86,50,36,1171,607,564,2407,1262,1145,866,374,492,6596,3386,3210,502,192,310,258,85,173,577,209,368,8,4,4,0,0,0,Abril 2015
2015,Abril,PUENTE DE VALLECAS,23974,12274,11700,1966,1051,915,2914,1585,1329,3476,1878,1598,1611,726,885,11843,6147,5696,886,412,474,425,140,285,844,331,513,9,4,5,0,0,0,Abril 2015
2015,Abril,MORATALAZ,6938,3282,3656,183,90,93,385,181,204,1265,633,632,389,167,222,3303,1623,1680,427,205,222,308,108,200,671,271,400,7,4,3,0,0,0,Abril 2015
2015,Abril,CIUDAD LINEAL,14842,7186,7656,123,58,65,404,198,206,3429,1795,1634,830,368,462,6468,3270,3198,880,402,478,730,293,437,1956,796,1160,22,6,16,0,0,0,Abril 2015
2015,Abril,HORTALEZA,10273,4758,5515,50,26,24,536,270,266,1236,671,565,658,261,397,4791,2339,2452,671,282,389,595,214,381,1714,693,1021,22,2,20,0,0,0,Abril 2015
2015,Abril,VILLAVERDE,14410,7248,7162,125,51,74,1086,622,464,2678,1433,1245,876,357,519,8237,4253,3984,611,271,340,316,99,217,474,161,313,7,1,6,0,0,0,Abril 2015
2015,Abril,VILLA DE VALLECAS,8965,4097,4868,138,55,83,1411,739,672,1463,759,704,586,211,375,4033,1872,2161,511,199,312,289,88,201,528,171,357,6,3,3,0,0,0,Abril 2015
2015,Abril,VICÁLVARO,5811,2761,3050,242,126,116,465,263,202,1194,613,581,383,157,226,2619,1295,1324,356,144,212,201,59,142,350,103,247,1,1,0,0,0,0,Abril 2015
2015,Abril,SAN BLAS-CANILLEJAS,11914,5765,6149,139,74,65,425,220,205,2225,1209,1016,849,343,506,6042,3034,3008,740,321,419,483,173,310,998,386,612,13,5,8,0,0,0,Abril 2015
2015,Abril,BARAJAS,2576,1205,1371,38,16,22,110,56,54,283,136,147,135,69,66,1303,633,670,166,82,84,159,66,93,378,144,234,4,3,1,0,0,0,Abril 2015
2015,Mayo,MADRID,217795,104667,113128,3859,1973,1886,15814,8377,7437,39051,20482,18569,12869,5350,7519,98544,49446,49098,11605,5111,6494,8970,3279,5691,26514,10462,16052,569,187,382,0,0,0,Mayo 2015
2015,Mayo,CENTRO,9826,5256,4570,128,75,53,426,259,167,2256,1315,941,413,196,217,3725,2158,1567,462,230,232,408,183,225,1958,825,1133,50,15,35,0,0,0,Mayo 2015
2015,Mayo,ARGANZUELA,9231,4264,4967,61,37,24,318,160,158,1743,967,776,550,210,340,3481,1686,1795,611,269,342,613,217,396,1791,702,1089,63,16,47,0,0,0,Mayo 2015
2015,Mayo,RETIRO,5373,2450,2923,20,9,11,84,54,30,759,390,369,208,95,113,2020,941,1079,342,173,169,389,171,218,1504,602,902,47,15,32,0,0,0,Mayo 2015
2015,Mayo,SALAMANCA,6277,2691,3586,33,9,24,135,65,70,1443,667,776,240,91,149,2048,945,1103,325,137,188,383,144,239,1624,614,1010,46,19,27,0,0,0,Mayo 2015
2015,Mayo,CHAMARTÍN,5928,2652,3276,12,3,9,189,98,91,833,400,433,207,80,127,2213,1033,1180,307,141,166,410,148,262,1724,739,985,33,10,23,0,0,0,Mayo 2015
2015,Mayo,TETUÁN,10892,5244,5648,51,23,28,1523,808,715,1735,900,835,572,243,329,4688,2342,2346,499,232,267,438,151,287,1374,541,833,12,4,8,0,0,0,Mayo 2015
2015,Mayo,CHAMBERÍ,6443,2922,3521,74,33,41,220,108,112,951,491,460,249,92,157,2214,1112,1102,312,139,173,393,156,237,1959,768,1191,71,23,48,0,0,0,Mayo 2015
2015,Mayo,FUENCARRAL - EL PARDO,11723,5297,6426,27,9,18,563,272,291,1932,980,952,655,269,386,4904,2307,2597,726,320,406,685,245,440,2180,877,1303,51,18,33,0,0,0,Mayo 2015
2015,Mayo,MONCLOA - ARAVACA,5267,2399,2868,37,14,23,267,141,126,550,273,277,254,102,152,2135,1027,1108,268,123,145,338,123,215,1378,584,794,40,12,28,0,0,0,Mayo 2015
2015,Mayo,LATINA,17572,8720,8852,241,130,111,1862,1017,845,2335,1294,1041,1380,585,795,8286,4259,4027,1174,536,638,739,279,460,1535,610,925,20,10,10,0,0,0,Mayo 2015
2015,Mayo,CARABANCHEL,20499,10095,10404,215,111,104,1435,734,701,5195,2694,2501,1195,486,709,9532,4950,4582,1062,469,593,609,213,396,1243,433,810,13,5,8,0,0,0,Mayo 2015
2015,Mayo,USERA,12029,5871,6158,82,47,35,1131,581,550,2326,1208,1118,825,349,476,6337,3201,3136,503,186,317,251,86,165,565,209,356,9,4,5,0,0,0,Mayo 2015
2015,Mayo,PUENTE DE VALLECAS,23292,11856,11436,1888,1004,884,2868,1547,1321,3406,1824,1582,1580,710,870,11497,5938,5559,849,386,463,400,132,268,797,313,484,7,2,5,0,0,0,Mayo 2015
2015,Mayo,MORATALAZ,6704,3144,3560,167,79,88,387,189,198,1252,619,633,379,158,221,3160,1544,1616,400,184,216,286,99,187,662,267,395,11,5,6,0,0,0,Mayo 2015
2015,Mayo,CIUDAD LINEAL,14318,6903,7415,117,58,59,398,195,203,3330,1747,1583,796,347,449,6196,3117,3079,842,380,462,699,284,415,1912,766,1146,28,9,19,0,0,0,Mayo 2015
2015,Mayo,HORTALEZA,9903,4567,5336,50,25,25,514,268,246,1303,676,627,626,253,373,4528,2196,2332,641,270,371,570,202,368,1641,668,973,30,9,21,0,0,0,Mayo 2015
2015,Mayo,VILLAVERDE,14090,7066,7024,124,53,71,1126,633,493,2610,1388,1222,870,366,504,8003,4129,3874,592,247,345,292,93,199,468,157,311,5,0,5,0,0,0,Mayo 2015
2015,Mayo,VILLA DE VALLECAS,8786,3970,4816,133,51,82,1368,709,659,1501,769,732,562,199,363,3923,1800,2123,499,187,312,281,83,198,513,170,343,6,2,4,0,0,0,Mayo 2015
2015,Mayo,VICÁLVARO,5665,2665,3000,234,121,113,464,265,199,1175,596,579,370,150,220,2563,1247,1316,325,132,193,190,53,137,340,100,240,4,1,3,0,0,0,Mayo 2015
2015,Mayo,SAN BLAS-CANILLEJAS,11525,5501,6024,127,65,62,435,224,211,2131,1150,981,819,307,512,5865,2920,2945,702,290,412,447,159,288,982,381,601,17,5,12,0,0,0,Mayo 2015
2015,Mayo,BARAJAS,2452,1134,1318,38,17,21,101,50,51,285,134,151,119,62,57,1226,594,632,164,80,84,149,58,91,364,136,228,6,3,3,0,0,0,Mayo 2015
2015,Junio,MADRID,212389,100861,111528,3779,1910,1869,15614,8213,7401,38187,19845,18342,12711,5198,7513,95536,47343,48193,11182,4869,6313,8856,3168,5688,26013,10145,15868,511,170,341,0,0,0,Junio 2015
2015,Junio,CENTRO,9567,5085,4482,116,64,52,406,250,156,2209,1273,936,391,190,201,3613,2077,1536,469,236,233,391,166,225,1933,816,1117,39,13,26,0,0,0,Junio 2015
2015,Junio,ARGANZUELA,8994,4102,4892,60,38,22,314,160,154,1668,920,748,534,201,333,3392,1615,1777,583,253,330,624,220,404,1753,675,1078,66,20,46,0,0,0,Junio 2015
2015,Junio,RETIRO,5203,2340,2863,22,11,11,77,53,24,732,369,363,227,100,127,1947,894,1053,328,164,164,375,157,218,1459,581,878,36,11,25,0,0,0,Junio 2015
2015,Junio,SALAMANCA,6098,2658,3440,26,7,19,137,62,75,1442,689,753,238,92,146,1941,915,1026,302,129,173,360,135,225,1612,613,999,40,16,24,0,0,0,Junio 2015
2015,Junio,CHAMARTÍN,5745,2537,3208,11,2,9,168,90,78,866,409,457,203,78,125,2068,953,1115,285,124,161,416,157,259,1700,714,986,28,10,18,0,0,0,Junio 2015
2015,Junio,TETUÁN,10583,5100,5483,49,23,26,1485,781,704,1701,884,817,560,233,327,4537,2263,2274,480,224,256,411,150,261,1345,538,807,15,4,11,0,0,0,Junio 2015
2015,Junio,CHAMBERÍ,6128,2733,3395,69,33,36,212,105,107,920,458,462,239,83,156,2114,1032,1082,285,127,158,370,142,228,1867,736,1131,52,17,35,0,0,0,Junio 2015
2015,Junio,FUENCARRAL - EL PARDO,11505,5079,6426,27,12,15,549,266,283,1841,904,937,674,277,397,4772,2196,2576,710,305,405,694,242,452,2195,862,1333,43,15,28,0,0,0,Junio 2015
2015,Junio,MONCLOA - ARAVACA,5142,2352,2790,29,11,18,269,141,128,512,263,249,246,97,149,2099,1022,1077,272,128,144,335,128,207,1339,550,789,41,12,29,0,0,0,Junio 2015
2015,Junio,LATINA,17132,8421,8711,234,124,110,1837,999,838,2305,1279,1026,1337,561,776,8034,4100,3934,1113,496,617,721,269,452,1530,585,945,21,8,13,0,0,0,Junio 2015
2015,Junio,CARABANCHEL,19948,9684,10264,211,104,107,1438,737,701,5033,2576,2457,1165,462,703,9265,4733,4532,1028,448,580,597,203,394,1198,416,782,13,5,8,0,0,0,Junio 2015
2015,Junio,USERA,11823,5672,6151,87,46,41,1101,553,548,2268,1168,1100,810,334,476,6262,3113,3149,491,186,305,267,85,182,528,183,345,9,4,5,0,0,0,Junio 2015
2015,Junio,PUENTE DE VALLECAS,22746,11392,11354,1882,992,890,2778,1491,1287,3311,1741,1570,1560,687,873,11203,5700,5503,811,363,448,386,112,274,806,303,503,9,3,6,0,0,0,Junio 2015
2015,Junio,MORATALAZ,6615,3069,3546,156,72,84,418,205,213,1241,615,626,390,171,219,3032,1463,1569,385,173,212,306,101,205,675,264,411,12,5,7,0,0,0,Junio 2015
2015,Junio,CIUDAD LINEAL,13950,6630,7320,114,52,62,406,204,202,3265,1694,1571,805,335,470,5956,2953,3003,823,367,456,663,262,401,1890,755,1135,28,8,20,0,0,0,Junio 2015
2015,Junio,HORTALEZA,9674,4381,5293,42,20,22,469,236,233,1369,699,670,628,242,386,4342,2075,2267,621,259,362,577,200,377,1603,644,959,23,6,17,0,0,0,Junio 2015
2015,Junio,VILLAVERDE,13765,6800,6965,129,56,73,1162,653,509,2536,1341,1195,854,344,510,7745,3916,3829,565,230,335,312,105,207,456,154,302,6,1,5,0,0,0,Junio 2015
2015,Junio,VILLA DE VALLECAS,8586,3828,4758,137,52,85,1358,697,661,1437,726,711,581,206,375,3804,1722,2082,501,187,314,262,73,189,497,163,334,9,2,7,0,0,0,Junio 2015
2015,Junio,VICÁLVARO,5574,2560,3014,219,112,107,479,258,221,1152,576,576,366,148,218,2533,1214,1319,296,110,186,190,49,141,335,92,243,4,1,3,0,0,0,Junio 2015
2015,Junio,SAN BLAS-CANILLEJAS,11221,5312,5909,121,62,59,446,223,223,2090,1125,965,788,298,490,5703,2806,2897,680,282,398,446,151,295,935,360,575,12,5,7,0,0,0,Junio 2015
2015,Junio,BARAJAS,2390,1126,1264,38,17,21,105,49,56,289,136,153,115,59,56,1174,581,593,154,78,76,153,61,92,357,141,216,5,4,1,0,0,0,Junio 2015
2015,Julio,MADRID,211198,98429,112769,3662,1858,1804,15210,7970,7240,37134,19048,18086,11972,4907,7065,93282,45653,47629,11252,4807,6445,9712,3224,6488,28544,10829,17715,430,133,297,0,0,0,Julio 2015
2015,Julio,CENTRO,9687,5121,4566,118,69,49,402,242,160,2151,1247,904,368,174,194,3597,2061,1536,470,230,240,444,187,257,2105,898,1207,32,13,19,0,0,0,Julio 2015
2015,Julio,ARGANZUELA,9115,4076,5039,58,36,22,300,160,140,1626,874,752,501,187,314,3317,1576,1741,578,258,320,708,240,468,1976,731,1245,51,14,37,0,0,0,Julio 2015
2015,Julio,RETIRO,5273,2346,2927,23,15,8,76,51,25,713,362,351,207,95,112,1930,875,1055,331,170,161,392,162,230,1571,607,964,30,9,21,0,0,0,Julio 2015
2015,Julio,SALAMANCA,6205,2627,3578,27,9,18,153,68,85,1431,666,765,229,95,134,1888,851,1037,316,135,181,369,130,239,1759,662,1097,33,11,22,0,0,0,Julio 2015
2015,Julio,CHAMARTÍN,5841,2527,3314,10,1,9,167,83,84,904,410,494,188,75,113,1982,919,1063,294,122,172,434,149,285,1840,763,1077,22,5,17,0,0,0,Julio 2015
2015,Julio,TETUÁN,10513,4953,5560,46,25,21,1444,763,681,1649,835,814,522,210,312,4481,2197,2284,459,202,257,460,150,310,1444,568,876,8,3,5,0,0,0,Julio 2015
2015,Julio,CHAMBERÍ,6188,2722,3466,64,30,34,209,110,99,868,428,440,207,76,131,2107,1038,1069,280,131,149,408,144,264,2004,753,1251,41,12,29,0,0,0,Julio 2015
2015,Julio,FUENCARRAL - EL PARDO,11486,4981,6505,26,12,14,550,272,278,1769,842,927,642,263,379,4616,2112,2504,689,288,401,750,248,502,2406,933,1473,38,11,27,0,0,0,Julio 2015
2015,Julio,MONCLOA - ARAVACA,5126,2259,2867,23,6,17,244,124,120,486,239,247,228,96,132,2025,958,1067,275,125,150,367,123,244,1446,578,868,32,10,22,0,0,0,Julio 2015
2015,Julio,LATINA,16984,8158,8826,222,115,107,1745,940,805,2221,1205,1016,1275,538,737,7863,3957,3906,1109,485,624,813,270,543,1718,642,1076,18,6,12,0,0,0,Julio 2015
2015,Julio,CARABANCHEL,19658,9397,10261,200,94,106,1379,711,668,4900,2515,2385,1130,455,675,8973,4523,4450,1019,440,579,695,202,493,1349,452,897,13,5,8,0,0,0,Julio 2015
2015,Julio,USERA,11660,5532,6128,80,41,39,1063,533,530,2179,1128,1051,776,316,460,6150,3036,3114,499,181,318,304,87,217,598,204,394,11,6,5,0,0,0,Julio 2015
2015,Julio,PUENTE DE VALLECAS,22377,11086,11291,1820,958,862,2694,1445,1249,3234,1701,1533,1456,645,811,11007,5515,5492,840,370,470,417,120,297,900,329,571,9,3,6,0,0,0,Julio 2015
2015,Julio,MORATALAZ,6577,3001,3576,158,72,86,410,206,204,1244,591,653,357,169,188,2959,1417,1542,395,176,219,313,98,215,731,268,463,10,4,6,0,0,0,Julio 2015
2015,Julio,CIUDAD LINEAL,13910,6441,7469,111,51,60,419,206,213,3136,1596,1540,758,322,436,5835,2825,3010,850,382,468,730,272,458,2043,781,1262,28,6,22,0,0,0,Julio 2015
2015,Julio,HORTALEZA,9704,4253,5451,38,18,20,459,225,234,1374,690,684,602,226,376,4203,1963,2240,643,254,389,617,190,427,1748,683,1065,20,4,16,0,0,0,Julio 2015
2015,Julio,VILLAVERDE,13482,6556,6926,135,60,75,1199,671,528,2418,1280,1138,802,323,479,7492,3740,3752,556,213,343,334,102,232,536,166,370,10,1,9,0,0,0,Julio 2015
2015,Julio,VILLA DE VALLECAS,8336,3635,4701,132,51,81,1275,647,628,1346,654,692,548,191,357,3682,1656,2026,486,179,307,292,76,216,570,180,390,5,1,4,0,0,0,Julio 2015
2015,Julio,VICÁLVARO,5591,2498,3093,218,114,104,511,261,250,1158,570,588,330,128,202,2455,1155,1300,309,112,197,219,53,166,389,104,285,2,1,1,0,0,0,Julio 2015
2015,Julio,SAN BLAS-CANILLEJAS,11093,5177,5916,118,65,53,423,211,212,2058,1086,972,733,272,461,5563,2724,2839,698,280,418,475,155,320,1013,380,633,12,4,8,0,0,0,Julio 2015
2015,Julio,BARAJAS,2392,1083,1309,35,16,19,88,41,47,269,129,140,113,51,62,1157,555,602,156,74,82,171,66,105,398,147,251,5,4,1,0,0,0,Julio 2015
2015,Agosto,MADRID,213287,98786,114501,3459,1750,1709,15222,7929,7293,37070,18958,18112,12083,4930,7153,93494,45638,47856,11521,4887,6634,10257,3325,6932,29795,11254,18541,386,115,271,0,0,0,Agosto 2015
2015,Agosto,CENTRO,9832,5140,4692,114,67,47,392,235,157,2138,1220,918,373,177,196,3640,2079,1561,496,237,259,472,190,282,2178,922,1256,29,13,16,0,0,0,Agosto 2015
2015,Agosto,ARGANZUELA,9236,4117,5119,52,33,19,309,174,135,1626,868,758,507,188,319,3275,1567,1708,581,257,324,748,249,499,2098,770,1328,40,11,29,0,0,0,Agosto 2015
2015,Agosto,RETIRO,5397,2341,3056,26,17,9,81,48,33,709,344,365,207,96,111,1947,880,1067,338,166,172,418,167,251,1647,616,1031,24,7,17,0,0,0,Agosto 2015
2015,Agosto,SALAMANCA,6218,2600,3618,27,9,18,161,73,88,1401,642,759,226,91,135,1896,839,1057,326,139,187,366,130,236,1787,669,1118,28,8,20,0,0,0,Agosto 2015
2015,Agosto,CHAMARTÍN,5995,2583,3412,10,2,8,154,72,82,981,448,533,195,76,119,1987,918,1069,304,128,176,446,148,298,1900,787,1113,18,4,14,0,0,0,Agosto 2015
2015,Agosto,TETUÁN,10499,4873,5626,39,19,20,1416,735,681,1617,802,815,517,208,309,4448,2161,2287,462,193,269,484,156,328,1507,596,911,9,3,6,0,0,0,Agosto 2015
2015,Agosto,CHAMBERÍ,6338,2771,3567,59,27,32,213,104,109,877,432,445,219,76,143,2137,1069,1068,281,132,149,422,151,271,2089,770,1319,41,10,31,0,0,0,Agosto 2015
2015,Agosto,FUENCARRAL - EL PARDO,11717,5043,6674,23,9,14,539,253,286,1793,859,934,634,254,380,4664,2134,2530,724,312,412,789,256,533,2521,957,1564,30,9,21,0,0,0,Agosto 2015
2015,Agosto,MONCLOA - ARAVACA,5259,2338,2921,21,6,15,234,122,112,523,265,258,211,87,124,2068,991,1077,278,118,160,378,128,250,1519,612,907,27,9,18,0,0,0,Agosto 2015
2015,Agosto,LATINA,17160,8166,8994,214,115,99,1737,930,807,2196,1175,1021,1316,562,754,7897,3940,3957,1122,494,628,867,275,592,1785,666,1119,26,9,17,0,0,0,Agosto 2015
2015,Agosto,CARABANCHEL,19747,9339,10408,190,89,101,1401,710,691,4852,2473,2379,1146,456,690,8976,4487,4489,1018,436,582,730,205,525,1421,478,943,13,5,8,0,0,0,Agosto 2015
2015,Agosto,USERA,11709,5569,6140,81,40,41,1060,518,542,2172,1125,1047,778,321,457,6158,3066,3092,504,183,321,312,89,223,632,220,412,12,7,5,0,0,0,Agosto 2015
2015,Agosto,PUENTE DE VALLECAS,22450,11086,11364,1687,883,804,2709,1457,1252,3232,1713,1519,1469,634,835,11047,5528,5519,873,387,486,450,124,326,974,357,617,9,3,6,0,0,0,Agosto 2015
2015,Agosto,MORATALAZ,6646,3006,3640,146,66,80,438,221,217,1274,611,663,353,170,183,2941,1395,1546,397,168,229,333,95,238,755,276,479,9,4,5,0,0,0,Agosto 2015
2015,Agosto,CIUDAD LINEAL,13948,6427,7521,101,46,55,429,214,215,3067,1562,1505,757,317,440,5810,2819,2991,861,380,481,786,287,499,2114,798,1316,23,4,19,0,0,0,Agosto 2015
2015,Agosto,HORTALEZA,9961,4341,5620,40,18,22,455,219,236,1447,717,730,606,217,389,4235,1983,2252,677,272,405,659,204,455,1823,708,1115,19,3,16,0,0,0,Agosto 2015
2015,Agosto,VILLAVERDE,13431,6506,6925,147,66,81,1213,681,532,2352,1258,1094,788,322,466,7450,3667,3783,564,220,344,363,109,254,543,181,362,11,2,9,0,0,0,Agosto 2015
2015,Agosto,VILLA DE VALLECAS,8456,3675,4781,130,52,78,1268,647,621,1342,660,682,556,205,351,3712,1652,2060,496,174,322,336,87,249,612,198,414,4,0,4,0,0,0,Agosto 2015
2015,Agosto,VICÁLVARO,5571,2482,3089,217,116,101,492,260,232,1151,566,585,350,131,219,2396,1125,1271,327,119,208,226,53,173,410,111,299,2,1,1,0,0,0,Agosto 2015
2015,Agosto,SAN BLAS-CANILLEJAS,11304,5271,6033,108,59,49,432,213,219,2049,1089,960,761,292,469,5654,2769,2885,728,296,432,500,151,349,1062,400,662,10,2,8,0,0,0,Agosto 2015
2015,Agosto,BARAJAS,2413,1112,1301,27,11,16,89,43,46,271,129,142,114,50,64,1156,569,587,164,76,88,172,71,101,418,162,256,2,1,1,0,0,0,Agosto 2015
2015,Septiembre,MADRID,212309,99502,112807,3624,1857,1767,15367,8026,7341,37975,19416,18559,12340,5087,7253,93827,46129,47698,11551,5075,6476,9329,3143,6186,27890,10641,17249,406,128,278,0,0,0,Septiembre 2015
2015,Septiembre,CENTRO,9583,5029,4554,111,64,47,419,253,166,2125,1213,912,395,186,209,3547,2035,1512,476,237,239,439,182,257,2034,843,1191,37,16,21,0,0,0,Septiembre 2015
2015,Septiembre,ARGANZUELA,9018,4083,4935,52,32,20,288,163,125,1579,846,733,539,212,327,3301,1615,1686,579,252,327,667,216,451,1964,728,1236,49,19,30,0,0,0,Septiembre 2015
2015,Septiembre,RETIRO,5283,2300,2983,26,16,10,87,51,36,723,343,380,205,96,109,1943,881,1062,331,162,169,383,158,225,1555,585,970,30,8,22,0,0,0,Septiembre 2015
2015,Septiembre,SALAMANCA,6130,2632,3498,25,8,17,152,68,84,1546,714,832,227,88,139,1756,812,944,328,149,179,367,134,233,1697,651,1046,32,8,24,0,0,0,Septiembre 2015
2015,Septiembre,CHAMARTÍN,5833,2540,3293,10,2,8,157,77,80,1096,506,590,201,77,124,1828,841,987,319,140,179,409,144,265,1790,746,1044,23,7,16,0,0,0,Septiembre 2015
2015,Septiembre,TETUÁN,10444,4945,5499,40,20,20,1448,770,678,1669,838,831,539,218,321,4409,2155,2254,468,212,256,446,156,290,1417,574,843,8,2,6,0,0,0,Septiembre 2015
2015,Septiembre,CHAMBERÍ,6208,2773,3435,66,28,38,206,104,102,899,446,453,218,75,143,2176,1096,1080,288,144,144,380,132,248,1937,737,1200,38,11,27,0,0,0,Septiembre 2015
2015,Septiembre,FUENCARRAL - EL PARDO,11543,5045,6498,27,10,17,543,257,286,1816,881,935,647,256,391,4747,2182,2565,713,312,401,689,220,469,2329,918,1411,32,9,23,0,0,0,Septiembre 2015
2015,Septiembre,MONCLOA - ARAVACA,5155,2301,2854,18,5,13,248,131,117,528,269,259,223,92,131,2047,986,1061,277,123,154,343,116,227,1442,573,869,29,6,23,0,0,0,Septiembre 2015
2015,Septiembre,LATINA,17248,8290,8958,225,122,103,1763,962,801,2263,1207,1056,1348,581,767,8018,4023,3995,1133,512,621,789,260,529,1681,611,1070,28,12,16,0,0,0,Septiembre 2015
2015,Septiembre,CARABANCHEL,19856,9477,10379,190,90,100,1404,720,684,4956,2534,2422,1186,478,708,9067,4543,4524,1070,476,594,652,187,465,1316,443,873,15,6,9,0,0,0,Septiembre 2015
2015,Septiembre,USERA,11952,5750,6202,87,46,41,1102,543,559,2252,1156,1096,813,341,472,6299,3148,3151,509,200,309,279,94,185,602,217,385,9,5,4,0,0,0,Septiembre 2015
2015,Septiembre,PUENTE DE VALLECAS,22674,11275,11399,1820,969,851,2711,1431,1280,3253,1720,1533,1506,656,850,11194,5636,5558,881,411,470,414,127,287,887,323,564,8,2,6,0,0,0,Septiembre 2015
2015,Septiembre,MORATALAZ,6527,2983,3544,155,75,80,399,196,203,1310,616,694,352,168,184,2928,1404,1524,367,158,209,300,97,203,709,266,443,7,3,4,0,0,0,Septiembre 2015
2015,Septiembre,CIUDAD LINEAL,13901,6449,7452,96,50,46,455,223,232,3121,1580,1541,766,328,438,5848,2817,3031,868,398,470,739,292,447,1987,757,1230,21,4,17,0,0,0,Septiembre 2015
2015,Septiembre,HORTALEZA,9772,4362,5410,40,16,24,451,220,231,1563,790,773,609,233,376,4091,1941,2150,683,288,395,592,193,399,1728,679,1049,15,2,13,0,0,0,Septiembre 2015
2015,Septiembre,VILLAVERDE,13578,6615,6963,150,68,82,1221,668,553,2386,1269,1117,810,335,475,7615,3785,3830,561,222,339,325,96,229,502,171,331,8,1,7,0,0,0,Septiembre 2015
2015,Septiembre,VILLA DE VALLECAS,8472,3743,4729,131,55,76,1299,667,632,1375,676,699,534,189,345,3763,1696,2067,495,194,301,299,83,216,573,183,390,3,0,3,0,0,0,Septiembre 2015
2015,Septiembre,VICÁLVARO,5503,2458,3045,224,113,111,472,252,220,1192,591,601,338,122,216,2379,1114,1265,321,116,205,207,49,158,367,99,268,3,2,1,0,0,0,Septiembre 2015
2015,Septiembre,SAN BLAS-CANILLEJAS,11279,5374,5905,106,58,48,443,220,223,2047,1096,951,767,301,466,5730,2866,2864,737,302,435,441,138,303,1000,389,611,8,4,4,0,0,0,Septiembre 2015
2015,Septiembre,BARAJAS,2350,1078,1272,25,10,15,99,50,49,276,125,151,117,55,62,1141,553,588,147,67,80,169,69,100,373,148,225,3,1,2,0,0,0,Septiembre 2015
2015,Octubre,MADRID,214338,100807,113531,3772,1898,1874,15564,8106,7458,38935,19973,18962,12897,5335,7562,94485,46540,47945,11695,5186,6509,9190,3151,6039,27380,10492,16888,420,126,294,0,0,0,Octubre 2015
2015,Octubre,CENTRO,9592,5092,4500,112,68,44,411,249,162,2192,1269,923,389,192,197,3564,2070,1494,461,229,232,435,168,267,1990,829,1161,38,18,20,0,0,0,Octubre 2015
2015,Octubre,ARGANZUELA,9141,4180,4961,57,34,23,299,166,133,1639,879,760,548,222,326,3345,1643,1702,595,280,315,648,216,432,1958,724,1234,52,16,36,0,0,0,Octubre 2015
2015,Octubre,RETIRO,5326,2375,2951,30,15,15,90,51,39,758,366,392,226,103,123,1965,912,1053,323,165,158,392,163,229,1518,597,921,24,3,21,0,0,0,Octubre 2015
2015,Octubre,SALAMANCA,6167,2619,3548,22,5,17,148,66,82,1668,773,895,226,87,139,1706,761,945,337,143,194,373,142,231,1658,636,1022,29,6,23,0,0,0,Octubre 2015
2015,Octubre,CHAMARTÍN,5799,2529,3270,13,2,11,151,74,77,1084,495,589,205,79,126,1811,848,963,326,140,186,404,131,273,1786,754,1032,19,6,13,0,0,0,Octubre 2015
2015,Octubre,TETUÁN,10616,5026,5590,40,17,23,1455,782,673,1655,848,807,579,222,357,4491,2182,2309,488,223,265,457,165,292,1440,583,857,11,4,7,0,0,0,Octubre 2015
2015,Octubre,CHAMBERÍ,6232,2767,3465,68,26,42,210,103,107,917,451,466,230,76,154,2188,1094,1094,306,152,154,364,136,228,1905,717,1188,44,12,32,0,0,0,Octubre 2015
2015,Octubre,FUENCARRAL - EL PARDO,11643,5131,6512,30,12,18,539,262,277,1847,913,934,664,269,395,4785,2193,2592,748,331,417,700,238,462,2293,903,1390,37,10,27,0,0,0,Octubre 2015
2015,Octubre,MONCLOA - ARAVACA,5186,2334,2852,24,9,15,253,129,124,534,273,261,238,100,138,2082,1020,1062,288,126,162,343,118,225,1399,553,846,25,6,19,0,0,0,Octubre 2015
2015,Octubre,LATINA,17330,8348,8982,242,124,118,1806,963,843,2293,1225,1068,1395,621,774,8060,4037,4023,1139,515,624,773,268,505,1597,585,1012,25,10,15,0,0,0,Octubre 2015
2015,Octubre,CARABANCHEL,20184,9660,10524,195,89,106,1479,746,733,5056,2587,2469,1217,498,719,9211,4647,4564,1061,463,598,647,178,469,1304,447,857,14,5,9,0,0,0,Octubre 2015
2015,Octubre,USERA,12051,5785,6266,85,46,39,1109,548,561,2266,1160,1106,820,344,476,6409,3197,3212,505,187,318,269,94,175,576,204,372,12,5,7,0,0,0,Octubre 2015
2015,Octubre,PUENTE DE VALLECAS,22987,11435,11552,1931,1021,910,2687,1414,1273,3334,1758,1576,1613,698,915,11218,5665,5553,897,419,478,412,137,275,886,320,566,9,3,6,0,0,0,Octubre 2015
2015,Octubre,MORATALAZ,6522,2960,3562,159,73,86,397,195,202,1302,610,692,386,170,216,2895,1376,1519,388,172,216,306,99,207,679,262,417,10,3,7,0,0,0,Octubre 2015
2015,Octubre,CIUDAD LINEAL,14068,6532,7536,87,44,43,443,220,223,3270,1648,1622,814,335,479,5910,2864,3046,848,395,453,714,268,446,1959,752,1207,23,6,17,0,0,0,Octubre 2015
2015,Octubre,HORTALEZA,9824,4413,5411,39,16,23,462,239,223,1619,827,792,635,253,382,4088,1922,2166,692,298,394,573,193,380,1696,660,1036,20,5,15,0,0,0,Octubre 2015
2015,Octubre,VILLAVERDE,13758,6739,7019,154,66,88,1257,693,564,2474,1308,1166,849,355,494,7653,3812,3841,580,245,335,301,94,207,483,165,318,7,1,6,0,0,0,Octubre 2015
2015,Octubre,VILLA DE VALLECAS,8542,3779,4763,135,60,75,1349,683,666,1402,685,717,567,205,362,3773,1718,2055,496,188,308,277,76,201,538,163,375,5,1,4,0,0,0,Octubre 2015
2015,Octubre,VICÁLVARO,5605,2538,3067,219,111,108,468,250,218,1258,632,626,378,144,234,2408,1139,1269,318,117,201,201,53,148,349,90,259,6,2,4,0,0,0,Octubre 2015
2015,Octubre,SAN BLAS-CANILLEJAS,11413,5477,5936,104,52,52,449,223,226,2093,1139,954,798,301,497,5796,2896,2900,742,323,419,437,146,291,989,395,594,5,2,3,0,0,0,Octubre 2015
2015,Octubre,BARAJAS,2352,1088,1264,26,8,18,102,50,52,274,127,147,120,61,59,1127,544,583,157,75,82,164,68,96,377,153,224,5,2,3,0,0,0,Octubre 2015
2015,Noviembre,MADRID,212075,99686,112389,3873,1929,1944,15567,8055,7512,39037,20019,19018,12594,5163,7431,93468,45944,47524,11352,5038,6314,8913,3068,5845,26874,10346,16528,397,124,273,0,0,0,Noviembre 2015
2015,Noviembre,CENTRO,9560,5115,4445,127,72,55,397,240,157,2193,1292,901,400,202,198,3547,2076,1471,436,215,221,432,175,257,1998,827,1171,30,16,14,0,0,0,Noviembre 2015
2015,Noviembre,ARGANZUELA,9020,4124,4896,59,32,27,302,161,141,1672,887,785,528,212,316,3338,1621,1717,581,281,300,619,217,402,1875,700,1175,46,13,33,0,0,0,Noviembre 2015
2015,Noviembre,RETIRO,5255,2344,2911,45,19,26,88,51,37,731,358,373,217,98,119,1962,909,1053,319,164,155,370,140,230,1501,600,901,22,5,17,0,0,0,Noviembre 2015
2015,Noviembre,SALAMANCA,6111,2624,3487,17,5,12,123,50,73,1699,782,917,226,89,137,1699,788,911,317,144,173,367,147,220,1639,615,1024,24,4,20,0,0,0,Noviembre 2015
2015,Noviembre,CHAMARTÍN,5773,2485,3288,15,4,11,152,71,81,1084,495,589,198,71,127,1776,812,964,315,133,182,412,142,270,1801,750,1051,20,7,13,0,0,0,Noviembre 2015
2015,Noviembre,TETUÁN,10497,4976,5521,36,15,21,1438,769,669,1684,859,825,546,209,337,4475,2196,2279,477,210,267,428,150,278,1402,565,837,11,3,8,0,0,0,Noviembre 2015
2015,Noviembre,CHAMBERÍ,6155,2715,3440,66,24,42,232,114,118,886,450,436,231,75,156,2175,1064,1111,292,142,150,357,129,228,1877,706,1171,39,11,28,0,0,0,Noviembre 2015
2015,Noviembre,FUENCARRAL - EL PARDO,11404,5033,6371,28,10,18,523,248,275,1806,896,910,653,261,392,4718,2161,2557,708,310,398,679,239,440,2251,896,1355,38,12,26,0,0,0,Noviembre 2015
2015,Noviembre,MONCLOA - ARAVACA,5126,2312,2814,26,13,13,248,134,114,528,265,263,249,102,147,2049,989,1060,283,127,156,350,125,225,1367,550,817,26,7,19,0,0,0,Noviembre 2015
2015,Noviembre,LATINA,17168,8292,8876,246,126,120,1835,967,868,2309,1226,1083,1359,586,773,7992,4038,3954,1105,496,609,735,246,489,1557,597,960,30,10,20,0,0,0,Noviembre 2015
2015,Noviembre,CARABANCHEL,20095,9591,10504,198,84,114,1496,750,746,5010,2556,2454,1224,499,725,9190,4617,4573,1048,453,595,658,184,474,1258,442,816,13,6,7,0,0,0,Noviembre 2015
2015,Noviembre,USERA,11964,5720,6244,86,48,38,1092,546,546,2241,1128,1113,809,350,459,6402,3171,3231,508,190,318,258,89,169,558,193,365,10,5,5,0,0,0,Noviembre 2015
2015,Noviembre,PUENTE DE VALLECAS,22863,11369,11494,2006,1053,953,2700,1429,1271,3326,1737,1589,1568,678,890,11137,5607,5530,877,413,464,396,135,261,846,314,532,7,3,4,0,0,0,Noviembre 2015
2015,Noviembre,MORATALAZ,6421,2922,3499,167,73,94,386,194,192,1328,645,683,373,163,210,2816,1320,1496,380,175,205,302,97,205,661,252,409,8,3,5,0,0,0,Noviembre 2015
2015,Noviembre,CIUDAD LINEAL,13841,6428,7413,85,46,39,460,221,239,3272,1650,1622,796,327,469,5795,2810,2985,817,382,435,686,256,430,1903,729,1174,27,7,20,0,0,0,Noviembre 2015
2015,Noviembre,HORTALEZA,9636,4297,5339,42,20,22,461,229,232,1632,818,814,612,232,380,4009,1887,2122,657,279,378,525,172,353,1680,656,1024,18,4,14,0,0,0,Noviembre 2015
2015,Noviembre,VILLAVERDE,13656,6679,6977,154,64,90,1272,702,570,2519,1327,1192,809,332,477,7554,3757,3797,566,242,324,297,92,205,478,162,316,7,1,6,0,0,0,Noviembre 2015
2015,Noviembre,VILLA DE VALLECAS,8402,3688,4714,139,62,77,1324,663,661,1408,710,698,540,183,357,3723,1659,2064,470,174,296,269,76,193,523,160,363,6,1,5,0,0,0,Noviembre 2015
2015,Noviembre,VICÁLVARO,5526,2494,3032,202,98,104,479,246,233,1249,630,619,368,143,225,2344,1095,1249,320,120,200,198,56,142,363,104,259,3,2,1,0,0,0,Noviembre 2015
2015,Noviembre,SAN BLAS-CANILLEJAS,11281,5401,5880,104,54,50,450,211,239,2175,1167,1008,779,302,477,5647,2831,2816,726,312,414,424,142,282,968,380,588,8,2,6,0,0,0,Noviembre 2015
2015,Noviembre,BARAJAS,2321,1077,1244,25,7,18,109,59,50,285,141,144,109,49,60,1120,536,584,150,76,74,151,59,92,368,148,220,4,2,2,0,0,0,Noviembre 2015
2015,Diciembre,MADRID,207802,98438,109364,3843,1944,1899,15085,7905,7180,38428,19850,18578,12244,5100,7144,91102,45052,46050,11148,4963,6185,8822,3065,5757,26779,10452,16327,351,107,244,0,0,0,Diciembre 2015
2015,Diciembre,CENTRO,9442,5052,4390,134,76,58,387,244,143,2165,1270,895,381,195,186,3528,2057,1471,442,221,221,421,174,247,1961,806,1155,23,9,14,0,0,0,Diciembre 2015
2015,Diciembre,ARGANZUELA,8955,4141,4814,59,37,22,299,163,136,1678,909,769,534,223,311,3290,1608,1682,585,281,304,614,213,401,1856,696,1160,40,11,29,0,0,0,Diciembre 2015
2015,Diciembre,RETIRO,5161,2315,2846,51,23,28,78,47,31,704,348,356,213,99,114,1932,892,1040,327,166,161,372,144,228,1462,592,870,22,4,18,0,0,0,Diciembre 2015
2015,Diciembre,SALAMANCA,5938,2554,3384,17,5,12,134,54,80,1660,761,899,226,95,131,1619,753,866,313,136,177,337,134,203,1605,611,994,27,5,22,0,0,0,Diciembre 2015
2015,Diciembre,CHAMARTÍN,5680,2509,3171,15,3,12,145,71,74,1105,528,577,195,73,122,1696,781,915,315,140,175,404,149,255,1786,757,1029,19,7,12,0,0,0,Diciembre 2015
2015,Diciembre,TETUÁN,10248,4869,5379,45,17,28,1364,714,650,1623,826,797,525,209,316,4370,2162,2208,468,207,261,436,156,280,1409,575,834,8,3,5,0,0,0,Diciembre 2015
2015,Diciembre,CHAMBERÍ,6111,2720,3391,62,22,40,217,114,103,896,451,445,232,80,152,2132,1055,1077,274,133,141,354,128,226,1909,724,1185,35,13,22,0,0,0,Diciembre 2015
2015,Diciembre,FUENCARRAL - EL PARDO,11071,4899,6172,27,10,17,513,244,269,1712,845,867,626,253,373,4563,2101,2462,679,303,376,666,227,439,2255,906,1349,30,10,20,0,0,0,Diciembre 2015
2015,Diciembre,MONCLOA - ARAVACA,5043,2297,2746,27,13,14,244,138,106,498,244,254,243,104,139,2042,994,1048,292,130,162,338,119,219,1337,550,787,22,5,17,0,0,0,Diciembre 2015
2015,Diciembre,LATINA,16795,8178,8617,240,127,113,1827,967,860,2315,1245,1070,1317,581,736,7690,3893,3797,1087,494,593,727,243,484,1566,620,946,26,8,18,0,0,0,Diciembre 2015
2015,Diciembre,CARABANCHEL,19661,9476,10185,200,93,107,1455,732,723,4883,2547,2336,1192,490,702,9007,4539,4468,1015,439,576,652,193,459,1242,437,805,15,6,9,0,0,0,Diciembre 2015
2015,Diciembre,USERA,11666,5684,5982,81,48,33,1079,559,520,2214,1134,1080,798,346,452,6195,3126,3069,485,184,301,261,94,167,545,188,357,8,5,3,0,0,0,Diciembre 2015
2015,Diciembre,PUENTE DE VALLECAS,22303,11200,11103,2006,1062,944,2604,1398,1206,3258,1691,1567,1506,653,853,10855,5548,5307,828,383,445,385,128,257,852,334,518,9,3,6,0,0,0,Diciembre 2015
2015,Diciembre,MORATALAZ,6275,2886,3389,162,72,90,360,179,181,1302,654,648,363,155,208,2727,1283,1444,373,176,197,302,98,204,680,266,414,6,3,3,0,0,0,Diciembre 2015
2015,Diciembre,CIUDAD LINEAL,13596,6309,7287,78,41,37,420,192,228,3218,1614,1604,754,312,442,5702,2761,2941,799,376,423,685,260,425,1920,749,1171,20,4,16,0,0,0,Diciembre 2015
2015,Diciembre,HORTALEZA,9456,4214,5242,45,20,25,423,210,213,1638,819,819,584,223,361,3875,1815,2060,654,280,374,538,185,353,1685,659,1026,14,3,11,0,0,0,Diciembre 2015
2015,Diciembre,VILLAVERDE,13324,6612,6712,132,57,75,1254,710,544,2492,1338,1154,787,336,451,7322,3675,3647,550,231,319,300,89,211,479,174,305,8,2,6,0,0,0,Diciembre 2015
2015,Diciembre,VILLA DE VALLECAS,8224,3619,4605,133,59,74,1296,657,639,1400,701,699,524,176,348,3619,1624,1995,468,170,298,264,73,191,515,158,357,5,1,4,0,0,0,Diciembre 2015
2015,Diciembre,VICÁLVARO,5416,2491,2925,205,103,102,464,256,208,1222,630,592,350,136,214,2286,1074,1212,326,125,201,194,57,137,367,108,259,2,2,0,0,0,0,Diciembre 2015
2015,Diciembre,SAN BLAS-CANILLEJAS,11118,5332,5786,97,50,47,423,201,222,2163,1156,1007,778,307,471,5529,2768,2761,722,315,407,420,143,277,978,390,588,8,2,6,0,0,0,Diciembre 2015
2015,Diciembre,BARAJAS,2319,1081,1238,27,6,21,99,55,44,282,139,143,116,54,62,1123,543,580,146,73,73,152,58,94,370,152,218,4,1,3,0,0,0,Diciembre 2015
,,,,,,,,,,,,,,,,,,,,,,,,,,,,,,,,,,,,
,,,,,,,,,,,,,,,,,,,,,,,,,,,,,,,,,,,,
Fuente: Servicio Público de Empleo Estatal Elaboración: Subdirección General de Estadística Ayuntamiento de Madrid,,,,,,,,,,,,,,,,,,,,,,,,,,,,,,,,,,,,
2016,Enero,MADRID,211370,100177,111193,3852,1955,1897,15200,7913,7287,39573,20437,19136,12555,5241,7314,92098,45703,46395,11424,5073,6351,8996,3146,5850,27313,10601,16712,359,108,251,0,0,0,Enero 2016
2016,Enero,CENTRO,9664,5141,4523,128,73,55,406,257,149,2213,1290,923,389,192,197,3579,2071,1508,474,242,232,407,166,241,2047,842,1205,21,8,13,0,0,0,Enero 2016
2016,Enero,ARGANZUELA,9079,4163,4916,61,37,24,319,163,156,1722,913,809,538,218,320,3302,1591,1711,608,292,316,633,227,406,1854,709,1145,42,13,29,0,0,0,Enero 2016
2016,Enero,RETIRO,5233,2342,2891,42,19,23,77,50,27,721,349,372,215,100,115,1962,910,1052,330,158,172,369,146,223,1491,606,885,26,4,22,0,0,0,Enero 2016
2016,Enero,SALAMANCA,6070,2604,3466,19,6,13,120,49,71,1790,828,962,218,90,128,1624,751,873,288,132,156,344,128,216,1642,616,1026,25,4,21,0,0,0,Enero 2016
2016,Enero,CHAMARTÍN,5789,2530,3259,11,3,8,133,65,68,1145,521,624,202,76,126,1738,808,930,305,137,168,398,150,248,1840,763,1077,17,7,10,0,0,0,Enero 2016
2016,Enero,TETUÁN,10503,5011,5492,47,21,26,1384,726,658,1654,851,803,573,231,342,4446,2200,2246,495,219,276,450,165,285,1446,595,851,8,3,5,0,0,0,Enero 2016
2016,Enero,CHAMBERÍ,6222,2769,3453,55,21,34,213,115,98,916,457,459,229,82,147,2136,1068,1068,296,139,157,354,134,220,1992,742,1250,31,11,20,0,0,0,Enero 2016
2016,Enero,FUENCARRAL - EL PARDO,11201,4936,6265,29,8,21,518,255,263,1726,849,877,657,265,392,4629,2119,2510,697,306,391,674,236,438,2240,888,1352,31,10,21,0,0,0,Enero 2016
2016,Enero,MONCLOA - ARAVACA,5172,2323,2849,27,11,16,259,144,115,520,261,259,258,111,147,2060,1003,1057,287,124,163,357,122,235,1382,542,840,22,5,17,0,0,0,Enero 2016
2016,Enero,LATINA,17130,8355,8775,230,119,111,1861,982,879,2350,1246,1104,1339,568,771,7853,4007,3846,1129,524,605,757,256,501,1582,643,939,29,10,19,0,0,0,Enero 2016
2016,Enero,CARABANCHEL,19946,9653,10293,208,104,104,1479,744,735,4967,2593,2374,1232,519,713,9041,4601,4440,1062,461,601,690,207,483,1252,418,834,15,6,9,0,0,0,Enero 2016
2016,Enero,USERA,11849,5780,6069,86,50,36,1097,553,544,2259,1177,1082,809,347,462,6265,3169,3096,484,183,301,264,91,173,578,206,372,7,4,3,0,0,0,Enero 2016
2016,Enero,PUENTE DE VALLECAS,22737,11448,11289,2038,1073,965,2642,1408,1234,3334,1762,1572,1563,704,859,11022,5638,5384,856,400,456,392,122,270,882,339,543,8,2,6,0,0,0,Enero 2016
2016,Enero,MORATALAZ,6394,2956,3438,165,74,91,355,173,182,1371,690,681,351,152,199,2768,1314,1454,377,181,196,302,98,204,697,271,426,8,3,5,0,0,0,Enero 2016
2016,Enero,CIUDAD LINEAL,13797,6439,7358,83,41,42,414,186,228,3412,1720,1692,755,322,433,5657,2761,2896,807,376,431,684,258,426,1963,771,1192,22,4,18,0,0,0,Enero 2016
2016,Enero,HORTALEZA,9620,4310,5310,39,15,24,431,220,211,1698,848,850,578,215,363,3938,1862,2076,669,287,382,554,196,358,1696,662,1034,17,5,12,0,0,0,Enero 2016
2016,Enero,VILLAVERDE,13554,6670,6884,130,57,73,1240,687,553,2517,1336,1181,838,347,491,7449,3747,3702,568,228,340,314,89,225,487,175,312,11,4,7,0,0,0,Enero 2016
2016,Enero,VILLA DE VALLECAS,8335,3680,4655,131,60,71,1266,634,632,1448,728,720,540,186,354,3671,1655,2016,472,176,296,277,79,198,525,161,364,5,1,4,0,0,0,Enero 2016
2016,Enero,VICÁLVARO,5446,2523,2923,205,106,99,454,248,206,1244,639,605,371,147,224,2295,1090,1205,326,120,206,189,64,125,361,108,253,1,1,0,0,0,0,Enero 2016
2016,Enero,SAN BLAS-CANILLEJAS,11303,5457,5846,95,50,45,431,202,229,2278,1238,1040,781,314,467,5548,2800,2748,741,309,432,435,155,280,985,387,598,9,2,7,0,0,0,Enero 2016
2016,Enero,BARAJAS,2326,1087,1239,23,7,16,101,52,49,288,141,147,119,55,64,1115,538,577,153,79,74,152,57,95,371,157,214,4,1,3,0,0,0,Enero 2016
2016,Febrero,MADRID,212603,100833,111770,3835,1940,1895,15324,7989,7335,40317,20826,19491,12677,5316,7361,92690,45962,46728,11488,5086,6402,8851,3123,5728,27070,10486,16584,351,105,246,0,0,0,Febrero 2016
2016,Febrero,CENTRO,9683,5114,4569,130,69,61,404,248,156,2214,1298,916,399,188,211,3588,2072,1516,485,250,235,416,162,254,2027,822,1205,20,5,15,0,0,0,Febrero 2016
2016,Febrero,ARGANZUELA,9030,4136,4894,59,37,22,319,160,159,1708,906,802,526,211,315,3343,1622,1721,617,294,323,609,218,391,1809,678,1131,40,10,30,0,0,0,Febrero 2016
2016,Febrero,RETIRO,5190,2312,2878,47,20,27,85,49,36,730,353,377,211,97,114,1928,889,1039,348,166,182,364,143,221,1455,591,864,22,4,18,0,0,0,Febrero 2016
2016,Febrero,SALAMANCA,6142,2663,3479,18,6,12,139,60,79,1827,860,967,225,90,135,1609,751,858,295,134,161,342,127,215,1663,631,1032,24,4,20,0,0,0,Febrero 2016
2016,Febrero,CHAMARTÍN,5839,2553,3286,10,3,7,138,67,71,1195,552,643,201,80,121,1776,822,954,311,138,173,393,143,250,1794,740,1054,21,8,13,0,0,0,Febrero 2016
2016,Febrero,TETUÁN,10497,5053,5444,46,22,24,1384,718,666,1683,878,805,565,236,329,4457,2223,2234,490,214,276,440,165,275,1427,594,833,5,3,2,0,0,0,Febrero 2016
2016,Febrero,CHAMBERÍ,6214,2766,3448,58,22,36,199,101,98,959,461,498,241,92,149,2117,1051,1066,292,138,154,360,136,224,1956,754,1202,32,11,21,0,0,0,Febrero 2016
2016,Febrero,FUENCARRAL - EL PARDO,11290,5002,6288,31,8,23,518,246,272,1747,857,890,658,260,398,4681,2177,2504,704,309,395,673,241,432,2250,893,1357,28,11,17,0,0,0,Febrero 2016
2016,Febrero,MONCLOA - ARAVACA,5164,2344,2820,25,11,14,265,154,111,503,247,256,266,115,151,2063,1002,1061,289,129,160,359,131,228,1365,548,817,29,7,22,0,0,0,Febrero 2016
2016,Febrero,LATINA,17235,8403,8832,227,122,105,1862,991,871,2356,1265,1091,1350,580,770,7946,4048,3898,1141,517,624,750,245,505,1577,625,952,26,10,16,0,0,0,Febrero 2016
2016,Febrero,CARABANCHEL,20164,9811,10353,205,104,101,1519,784,735,5086,2645,2441,1257,548,709,9146,4647,4499,1041,451,590,655,206,449,1239,420,819,16,6,10,0,0,0,Febrero 2016
2016,Febrero,USERA,11980,5850,6130,86,48,38,1078,546,532,2275,1198,1077,798,340,458,6398,3231,3167,498,187,311,256,94,162,579,201,378,12,5,7,0,0,0,Febrero 2016
2016,Febrero,PUENTE DE VALLECAS,22894,11451,11443,2017,1055,962,2724,1444,1280,3381,1792,1589,1588,703,885,11036,5592,5444,850,393,457,392,125,267,897,343,554,9,4,5,0,0,0,Febrero 2016
2016,Febrero,MORATALAZ,6430,2977,3453,158,70,88,354,167,187,1403,704,699,362,158,204,2784,1339,1445,385,175,210,295,98,197,680,263,417,9,3,6,0,0,0,Febrero 2016
2016,Febrero,CIUDAD LINEAL,13876,6490,7386,91,43,48,401,186,215,3564,1799,1765,780,338,442,5605,2737,2868,831,383,448,661,248,413,1925,752,1173,18,4,14,0,0,0,Febrero 2016
2016,Febrero,HORTALEZA,9715,4337,5378,42,20,22,467,243,224,1697,829,868,603,226,377,3994,1881,2113,653,282,371,551,200,351,1692,653,1039,16,3,13,0,0,0,Febrero 2016
2016,Febrero,VILLAVERDE,13654,6710,6944,131,58,73,1228,682,546,2547,1327,1220,844,350,494,7512,3784,3728,559,231,328,322,95,227,501,180,321,10,3,7,0,0,0,Febrero 2016
2016,Febrero,VILLA DE VALLECAS,8421,3738,4683,133,61,72,1255,628,627,1479,736,743,554,196,358,3736,1693,2043,476,185,291,253,69,184,532,170,362,3,0,3,0,0,0,Febrero 2016
2016,Febrero,VICÁLVARO,5457,2520,2937,203,103,100,451,246,205,1289,671,618,355,132,223,2292,1082,1210,326,124,202,195,66,129,345,95,250,1,1,0,0,0,0,Febrero 2016
2016,Febrero,SAN BLAS-CANILLEJAS,11347,5495,5852,96,51,45,429,213,216,2377,1303,1074,771,318,453,5535,2776,2759,734,299,435,422,154,268,977,379,598,6,2,4,0,0,0,Febrero 2016
2016,Febrero,BARAJAS,2381,1108,1273,22,7,15,105,56,49,297,145,152,123,58,65,1144,543,601,163,87,76,143,57,86,380,154,226,4,1,3,0,0,0,Febrero 2016
2016,Marzo,MADRID,211046,99892,111154,3772,1903,1869,15569,8101,7468,40412,20821,19591,12444,5175,7269,91734,45350,46384,11403,5047,6356,8641,3005,5636,26750,10392,16358,321,98,223,0,0,0,Marzo 2016
2016,Marzo,CENTRO,9613,5031,4582,122,68,54,539,328,211,2224,1279,945,397,179,218,3449,1977,1472,478,238,240,408,161,247,1978,796,1182,18,5,13,0,0,0,Marzo 2016
2016,Marzo,ARGANZUELA,8925,4070,4855,63,37,26,335,171,164,1680,881,799,520,208,312,3285,1591,1694,608,295,313,580,206,374,1820,672,1148,34,9,25,0,0,0,Marzo 2016
2016,Marzo,RETIRO,5133,2306,2827,51,22,29,191,94,97,728,352,376,214,98,116,1774,837,937,358,169,189,359,133,226,1435,596,839,23,5,18,0,0,0,Marzo 2016
2016,Marzo,SALAMANCA,6116,2653,3463,20,7,13,123,55,68,1853,865,988,219,85,134,1595,733,862,286,138,148,324,119,205,1672,648,1024,24,3,21,0,0,0,Marzo 2016
2016,Marzo,CHAMARTÍN,5768,2490,3278,10,3,7,138,68,70,1205,545,660,195,77,118,1744,801,943,309,131,178,402,143,259,1751,717,1034,14,5,9,0,0,0,Marzo 2016
2016,Marzo,TETUÁN,10449,5013,5436,43,18,25,1343,689,654,1708,890,818,571,236,335,4446,2206,2240,491,214,277,422,159,263,1419,599,820,6,2,4,0,0,0,Marzo 2016
2016,Marzo,CHAMBERÍ,6153,2731,3422,59,22,37,209,108,101,944,455,489,225,84,141,2092,1020,1072,304,148,156,356,130,226,1935,754,1181,29,10,19,0,0,0,Marzo 2016
2016,Marzo,FUENCARRAL - EL PARDO,11249,4990,6259,29,7,22,505,233,272,1756,873,883,653,262,391,4681,2184,2497,698,312,386,665,230,435,2238,881,1357,24,8,16,0,0,0,Marzo 2016
2016,Marzo,MONCLOA - ARAVACA,5132,2348,2784,19,7,12,255,145,110,525,262,263,278,115,163,2043,997,1046,279,133,146,333,113,220,1376,570,806,24,6,18,0,0,0,Marzo 2016
2016,Marzo,LATINA,17067,8322,8745,218,124,94,1833,976,857,2358,1254,1104,1318,577,741,7881,4012,3869,1152,516,636,730,249,481,1550,603,947,27,11,16,0,0,0,Marzo 2016
2016,Marzo,CARABANCHEL,20185,9793,10392,186,94,92,1598,828,770,5142,2645,2497,1223,516,707,9144,4642,4502,1025,446,579,644,204,440,1213,413,800,10,5,5,0,0,0,Marzo 2016
2016,Marzo,USERA,11863,5761,6102,88,51,37,1072,543,529,2276,1190,1086,796,349,447,6324,3163,3161,495,186,309,243,87,156,563,189,374,6,3,3,0,0,0,Marzo 2016
2016,Marzo,PUENTE DE VALLECAS,22742,11379,11363,1982,1024,958,2751,1462,1289,3356,1777,1579,1560,682,878,10956,5574,5382,869,400,469,383,122,261,876,335,541,9,3,6,0,0,0,Marzo 2016
2016,Marzo,MORATALAZ,6365,2936,3429,166,74,92,340,161,179,1380,708,672,368,158,210,2744,1299,1445,380,169,211,300,97,203,678,265,413,9,5,4,0,0,0,Marzo 2016
2016,Marzo,CIUDAD LINEAL,13771,6414,7357,93,43,50,411,194,217,3524,1784,1740,743,312,431,5634,2706,2928,818,381,437,655,249,406,1872,741,1131,21,4,17,0,0,0,Marzo 2016
2016,Marzo,HORTALEZA,9680,4344,5336,38,17,21,450,241,209,1716,841,875,599,224,375,4027,1916,2111,634,266,368,529,188,341,1668,645,1023,19,6,13,0,0,0,Marzo 2016
2016,Marzo,VILLAVERDE,13524,6610,6914,141,61,80,1217,663,554,2581,1362,1219,833,342,491,7374,3669,3705,557,235,322,303,92,211,510,184,326,8,2,6,0,0,0,Marzo 2016
2016,Marzo,VILLA DE VALLECAS,8374,3737,4637,123,57,66,1278,637,641,1464,742,722,530,192,338,3718,1689,2029,474,179,295,253,67,186,530,173,357,4,1,3,0,0,0,Marzo 2016
2016,Marzo,VICÁLVARO,5391,2480,2911,201,105,96,437,233,204,1316,680,636,345,124,221,2233,1063,1170,321,122,199,187,57,130,350,95,255,1,1,0,0,0,0,Marzo 2016
2016,Marzo,SAN BLAS-CANILLEJAS,11195,5390,5805,94,51,43,429,210,219,2366,1286,1080,740,302,438,5471,2730,2741,711,288,423,426,150,276,951,370,581,7,3,4,0,0,0,Marzo 2016
2016,Marzo,BARAJAS,2351,1094,1257,26,11,15,115,62,53,310,150,160,117,53,64,1119,541,578,156,81,75,139,49,90,365,146,219,4,1,3,0,0,0,Marzo 2016
2016,Abril,MADRID,207183,97542,109641,3709,1862,1847,15794,8150,7644,39754,20349,19405,12169,5021,7148,89675,44038,45637,11148,4906,6242,8449,2966,5483,26170,10147,16023,315,103,212,0,0,0,Abril 2016
2016,Abril,CENTRO,9368,4866,4502,126,68,58,673,400,273,2147,1225,922,402,182,220,3186,1815,1371,457,229,228,418,161,257,1938,781,1157,21,5,16,0,0,0,Abril 2016
2016,Abril,ARGANZUELA,8741,3995,4746,60,34,26,360,179,181,1642,857,785,505,208,297,3204,1558,1646,596,278,318,562,204,358,1779,667,1112,33,10,23,0,0,0,Abril 2016
2016,Abril,RETIRO,4973,2227,2746,50,25,25,391,188,203,682,325,357,210,95,115,1537,715,822,343,164,179,354,140,214,1383,569,814,23,6,17,0,0,0,Abril 2016
2016,Abril,SALAMANCA,5956,2598,3358,16,6,10,121,54,67,1798,848,950,209,75,134,1583,732,851,283,129,154,296,115,181,1629,634,995,21,5,16,0,0,0,Abril 2016
2016,Abril,CHAMARTÍN,5699,2504,3195,10,4,6,146,69,77,1185,559,626,192,74,118,1714,795,919,313,134,179,375,139,236,1747,725,1022,17,5,12,0,0,0,Abril 2016
2016,Abril,TETUÁN,10347,4950,5397,41,17,24,1287,659,628,1731,889,842,536,221,315,4446,2200,2246,480,209,271,429,158,271,1393,596,797,4,1,3,0,0,0,Abril 2016
2016,Abril,CHAMBERÍ,6025,2667,3358,59,21,38,215,107,108,909,448,461,219,80,139,2054,996,1058,309,147,162,340,121,219,1897,737,1160,23,10,13,0,0,0,Abril 2016
2016,Abril,FUENCARRAL - EL PARDO,11037,4836,6201,29,7,22,480,224,256,1723,851,872,639,257,382,4567,2120,2447,690,296,394,667,221,446,2217,850,1367,25,10,15,0,0,0,Abril 2016
2016,Abril,MONCLOA - ARAVACA,4999,2249,2750,24,13,11,238,135,103,497,241,256,273,120,153,2008,941,1067,259,122,137,319,114,205,1358,558,800,23,5,18,0,0,0,Abril 2016
2016,Abril,LATINA,16772,8113,8659,215,118,97,1837,955,882,2356,1248,1108,1294,561,733,7691,3893,3798,1119,498,621,715,241,474,1519,588,931,26,11,15,0,0,0,Abril 2016
2016,Abril,CARABANCHEL,19876,9628,10248,172,91,81,1688,876,812,5100,2638,2462,1184,499,685,8923,4480,4443,994,445,549,614,181,433,1191,413,778,10,5,5,0,0,0,Abril 2016
2016,Abril,USERA,11557,5560,5997,82,40,42,1035,515,520,2222,1148,1074,781,337,444,6165,3045,3120,492,192,300,234,86,148,540,193,347,6,4,2,0,0,0,Abril 2016
2016,Abril,PUENTE DE VALLECAS,22276,11052,11224,1929,991,938,2705,1421,1284,3344,1728,1616,1545,670,875,10733,5437,5296,827,375,452,365,123,242,820,304,516,8,3,5,0,0,0,Abril 2016
2016,Abril,MORATALAZ,6269,2866,3403,159,68,91,332,157,175,1385,706,679,367,154,213,2694,1257,1437,371,166,205,291,99,192,661,254,407,9,5,4,0,0,0,Abril 2016
2016,Abril,CIUDAD LINEAL,13542,6254,7288,95,45,50,396,186,210,3429,1700,1729,739,306,433,5615,2699,2916,784,354,430,640,246,394,1821,712,1109,23,6,17,0,0,0,Abril 2016
2016,Abril,HORTALEZA,9504,4222,5282,41,17,24,443,228,215,1685,826,859,582,213,369,3942,1857,2085,637,269,368,532,193,339,1623,615,1008,19,4,15,0,0,0,Abril 2016
2016,Abril,VILLAVERDE,13277,6459,6818,136,61,75,1204,665,539,2546,1333,1213,793,321,472,7261,3585,3676,545,230,315,305,95,210,480,167,313,7,2,5,0,0,0,Abril 2016
2016,Abril,VILLA DE VALLECAS,8213,3660,4553,128,62,66,1261,633,628,1427,732,695,523,183,340,3612,1631,1981,479,180,299,257,69,188,522,170,352,4,0,4,0,0,0,Abril 2016
2016,Abril,VICÁLVARO,5300,2419,2881,211,109,102,439,232,207,1321,657,664,331,122,209,2167,1028,1139,314,120,194,188,58,130,327,92,235,2,1,1,0,0,0,Abril 2016
2016,Abril,SAN BLAS-CANILLEJAS,11129,5327,5802,101,55,46,431,211,220,2317,1241,1076,734,291,443,5462,2709,2753,698,287,411,419,153,266,960,376,584,7,4,3,0,0,0,Abril 2016
2016,Abril,BARAJAS,2323,1090,1233,25,10,15,112,56,56,308,149,159,111,52,59,1111,545,566,158,82,76,129,49,80,365,146,219,4,1,3,0,0,0,Abril 2016
2016,Mayo,MADRID,201605,94337,107268,3647,1819,1828,15290,7795,7495,38580,19563,19017,11763,4832,6931,87030,42540,44490,10841,4738,6103,8245,2914,5331,25677,9974,15703,532,162,370,0,0,0,Mayo 2016
2016,Mayo,CENTRO,9184,4777,4407,129,67,62,653,386,267,2072,1193,879,389,189,200,3139,1777,1362,441,217,224,411,162,249,1894,769,1125,56,17,39,0,0,0,Mayo 2016
2016,Mayo,ARGANZUELA,8437,3829,4608,60,33,27,336,171,165,1548,789,759,473,199,274,3097,1505,1592,568,265,303,547,201,346,1757,653,1104,51,13,38,0,0,0,Mayo 2016
2016,Mayo,RETIRO,4868,2184,2684,46,24,22,371,175,196,667,320,347,203,96,107,1524,710,814,318,154,164,357,139,218,1349,556,793,33,10,23,0,0,0,Mayo 2016
2016,Mayo,SALAMANCA,5760,2472,3288,18,7,11,112,51,61,1721,784,937,192,69,123,1524,698,826,263,121,142,300,117,183,1587,613,974,43,12,31,0,0,0,Mayo 2016
2016,Mayo,CHAMARTÍN,5591,2436,3155,10,5,5,139,65,74,1154,522,632,194,74,120,1665,772,893,292,120,172,357,140,217,1746,728,1018,34,10,24,0,0,0,Mayo 2016
2016,Mayo,TETUÁN,10068,4777,5291,35,14,21,1244,641,603,1658,835,823,531,219,312,4341,2143,2198,466,198,268,409,143,266,1368,579,789,16,5,11,0,0,0,Mayo 2016
2016,Mayo,CHAMBERÍ,5873,2581,3292,55,24,31,189,92,97,866,428,438,216,84,132,1982,945,1037,302,133,169,345,122,223,1860,735,1125,58,18,40,0,0,0,Mayo 2016
2016,Mayo,FUENCARRAL - EL PARDO,10856,4760,6096,28,8,20,475,227,248,1718,852,866,626,251,375,4486,2066,2420,670,281,389,623,211,412,2188,851,1337,42,13,29,0,0,0,Mayo 2016
2016,Mayo,MONCLOA - ARAVACA,4913,2203,2710,24,12,12,241,131,110,488,234,254,263,113,150,1974,926,1048,261,123,138,313,110,203,1311,545,766,38,9,29,0,0,0,Mayo 2016
2016,Mayo,LATINA,16242,7816,8426,206,105,101,1790,914,876,2274,1195,1079,1257,544,713,7425,3757,3668,1084,494,590,696,241,455,1482,555,927,28,11,17,0,0,0,Mayo 2016
2016,Mayo,CARABANCHEL,19225,9181,10044,163,85,78,1701,854,847,4946,2549,2397,1139,468,671,8526,4221,4305,976,422,554,601,180,421,1159,399,760,14,3,11,0,0,0,Mayo 2016
2016,Mayo,USERA,11213,5352,5861,74,36,38,1031,488,543,2177,1135,1042,770,326,444,5918,2898,3020,470,183,287,234,88,146,532,195,337,7,3,4,0,0,0,Mayo 2016
2016,Mayo,PUENTE DE VALLECAS,21705,10760,10945,1914,979,935,2564,1336,1228,3272,1682,1590,1485,644,841,10480,5316,5164,817,376,441,347,113,234,818,311,507,8,3,5,0,0,0,Mayo 2016
2016,Mayo,MORATALAZ,6132,2795,3337,169,72,97,321,150,171,1344,670,674,366,152,214,2624,1231,1393,371,171,200,292,97,195,632,247,385,13,5,8,0,0,0,Mayo 2016
2016,Mayo,CIUDAD LINEAL,13195,6095,7100,87,42,45,358,171,187,3308,1630,1678,695,285,410,5511,2651,2860,778,361,417,628,245,383,1799,701,1098,31,9,22,0,0,0,Mayo 2016
2016,Mayo,HORTALEZA,9270,4085,5185,37,13,24,435,215,220,1667,812,855,548,200,348,3786,1775,2011,643,267,376,526,188,338,1604,609,995,24,6,18,0,0,0,Mayo 2016
2016,Mayo,VILLAVERDE,12853,6219,6634,137,61,76,1148,634,514,2493,1280,1213,779,319,460,7009,3461,3548,524,212,312,293,90,203,461,159,302,9,3,6,0,0,0,Mayo 2016
2016,Mayo,VILLA DE VALLECAS,7991,3525,4466,125,60,65,1231,605,626,1409,715,694,505,163,342,3506,1558,1948,456,185,271,255,78,177,498,161,337,6,0,6,0,0,0,Mayo 2016
2016,Mayo,VICÁLVARO,5190,2326,2864,204,102,102,433,231,202,1262,607,655,334,123,211,2140,1000,1140,301,111,190,184,55,129,327,93,234,5,4,1,0,0,0,Mayo 2016
2016,Mayo,SAN BLAS-CANILLEJAS,10776,5118,5658,102,59,43,413,207,206,2237,1189,1048,691,264,427,5298,2608,2690,677,268,409,402,146,256,945,371,574,11,6,5,0,0,0,Mayo 2016
2016,Mayo,BARAJAS,2263,1046,1217,24,11,13,105,51,54,299,142,157,107,50,57,1075,522,553,163,76,87,125,48,77,360,144,216,5,2,3,0,0,0,Mayo 2016
2016,Junio,MADRID,197753,91101,106652,3557,1731,1826,14913,7508,7405,37797,18898,18899,11607,4680,6927,84921,40816,44105,10544,4504,6040,8265,2876,5389,25710,9950,15760,439,138,301,0,0,0,Junio 2016
2016,Junio,CENTRO,9008,4714,4294,119,60,59,655,384,271,2041,1176,865,380,186,194,3065,1760,1305,421,212,209,407,159,248,1876,765,1111,44,12,32,0,0,0,Junio 2016
2016,Junio,ARGANZUELA,8290,3700,4590,54,30,24,310,154,156,1506,749,757,465,196,269,3005,1427,1578,558,265,293,573,212,361,1786,660,1126,33,7,26,0,0,0,Junio 2016
2016,Junio,RETIRO,4788,2126,2662,48,25,23,399,193,206,645,303,342,217,101,116,1443,650,793,312,150,162,354,143,211,1341,553,788,29,8,21,0,0,0,Junio 2016
2016,Junio,SALAMANCA,5717,2437,3280,17,7,10,111,55,56,1725,784,941,191,63,128,1456,657,799,262,109,153,300,120,180,1616,627,989,39,15,24,0,0,0,Junio 2016
2016,Junio,CHAMARTÍN,5526,2399,3127,10,4,6,134,59,75,1175,534,641,184,69,115,1596,731,865,293,124,169,361,137,224,1745,732,1013,28,9,19,0,0,0,Junio 2016
2016,Junio,TETUÁN,9777,4562,5215,35,13,22,1194,610,584,1609,784,825,510,208,302,4207,2042,2165,445,187,258,399,142,257,1364,572,792,14,4,10,0,0,0,Junio 2016
2016,Junio,CHAMBERÍ,5743,2511,3232,62,24,38,180,84,96,822,393,429,210,80,130,1914,912,1002,310,145,165,362,135,227,1846,725,1121,37,13,24,0,0,0,Junio 2016
2016,Junio,FUENCARRAL - EL PARDO,10621,4557,6064,31,10,21,477,216,261,1681,819,862,615,241,374,4350,1946,2404,663,274,389,638,215,423,2135,827,1308,31,9,22,0,0,0,Junio 2016
2016,Junio,MONCLOA - ARAVACA,4825,2154,2671,25,12,13,240,127,113,502,235,267,235,100,135,1900,887,1013,255,119,136,294,108,186,1340,555,785,34,11,23,0,0,0,Junio 2016
2016,Junio,LATINA,15920,7575,8345,194,98,96,1722,873,849,2225,1162,1063,1245,552,693,7258,3641,3617,1041,454,587,709,243,466,1498,541,957,28,11,17,0,0,0,Junio 2016
2016,Junio,CARABANCHEL,18802,8795,10007,155,79,76,1684,808,876,4829,2455,2374,1135,462,673,8278,4018,4260,923,391,532,601,162,439,1180,415,765,17,5,12,0,0,0,Junio 2016
2016,Junio,USERA,10840,5016,5824,83,42,41,989,460,529,2093,1070,1023,757,308,449,5704,2697,3007,459,172,287,238,82,156,509,182,327,8,3,5,0,0,0,Junio 2016
2016,Junio,PUENTE DE VALLECAS,21403,10448,10955,1852,923,929,2525,1305,1220,3234,1642,1592,1466,609,857,10379,5206,5173,785,345,440,352,111,241,803,303,500,7,4,3,0,0,0,Junio 2016
2016,Junio,MORATALAZ,5953,2696,3257,177,78,99,309,143,166,1311,639,672,344,146,198,2556,1201,1355,350,160,190,281,90,191,612,234,378,13,5,8,0,0,0,Junio 2016
2016,Junio,CIUDAD LINEAL,12867,5821,7046,85,39,46,336,166,170,3169,1529,1640,704,285,419,5332,2508,2824,754,331,423,632,247,385,1828,710,1118,27,6,21,0,0,0,Junio 2016
2016,Junio,HORTALEZA,9178,3977,5201,39,14,25,431,211,220,1655,800,855,532,184,348,3722,1693,2029,629,251,378,517,184,333,1632,634,998,21,6,15,0,0,0,Junio 2016
2016,Junio,VILLAVERDE,12533,5925,6608,126,54,72,1077,592,485,2445,1248,1197,766,292,474,6855,3304,3551,499,187,312,285,85,200,473,162,311,7,1,6,0,0,0,Junio 2016
2016,Junio,VILLA DE VALLECAS,7982,3481,4501,120,58,62,1212,599,613,1417,702,715,496,154,342,3519,1548,1971,458,188,270,261,70,191,493,160,333,6,2,4,0,0,0,Junio 2016
2016,Junio,VICÁLVARO,5144,2250,2894,201,97,104,437,227,210,1240,593,647,337,119,218,2118,958,1160,296,111,185,183,53,130,327,88,239,5,4,1,0,0,0,Junio 2016
2016,Junio,SAN BLAS-CANILLEJAS,10595,4940,5655,103,54,49,392,188,204,2187,1150,1037,708,273,435,5207,2525,2682,665,251,414,395,133,262,930,364,566,8,2,6,0,0,0,Junio 2016
2016,Junio,BARAJAS,2241,1017,1224,21,10,11,99,54,45,286,131,155,110,52,58,1057,505,552,166,78,88,123,45,78,376,141,235,3,1,2,0,0,0,Junio 2016
2016,Julio,MADRID,196092,88833,107259,3386,1614,1772,14326,7117,7209,36794,18205,18589,11005,4418,6587,82752,39293,43459,10509,4442,6067,8985,2993,5992,27966,10639,17327,369,112,257,0,0,0,Julio 2016
2016,Julio,CENTRO,9213,4758,4455,115,53,62,610,356,254,2026,1151,875,377,185,192,3096,1767,1329,445,224,221,428,170,258,2086,845,1241,30,7,23,0,0,0,Julio 2016
2016,Julio,ARGANZUELA,8464,3704,4760,57,32,25,291,144,147,1480,731,749,442,193,249,2984,1413,1571,551,256,295,623,225,398,2006,704,1302,30,6,24,0,0,0,Julio 2016
2016,Julio,RETIRO,4877,2123,2754,50,20,30,383,180,203,619,287,332,187,91,96,1455,651,804,322,162,160,381,145,236,1454,579,875,26,8,18,0,0,0,Julio 2016
2016,Julio,SALAMANCA,5713,2420,3293,15,7,8,100,47,53,1693,768,925,184,65,119,1431,640,791,259,106,153,305,112,193,1700,668,1032,26,7,19,0,0,0,Julio 2016
2016,Julio,CHAMARTÍN,5551,2387,3164,10,4,6,124,57,67,1162,532,630,175,64,111,1554,710,844,270,110,160,377,132,245,1859,771,1088,20,7,13,0,0,0,Julio 2016
2016,Julio,TETUÁN,9710,4429,5281,39,14,25,1180,589,591,1527,732,795,487,200,287,4102,1960,2142,440,179,261,450,150,300,1475,602,873,10,3,7,0,0,0,Julio 2016
2016,Julio,CHAMBERÍ,5765,2472,3293,57,24,33,171,82,89,787,369,418,206,74,132,1858,886,972,283,131,152,388,134,254,1987,762,1225,28,10,18,0,0,0,Julio 2016
2016,Julio,FUENCARRAL - EL PARDO,10615,4464,6151,27,8,19,462,197,265,1697,799,898,586,218,368,4181,1855,2326,647,271,376,686,235,451,2302,871,1431,27,10,17,0,0,0,Julio 2016
2016,Julio,MONCLOA - ARAVACA,4828,2140,2688,27,12,15,224,116,108,484,236,248,218,88,130,1861,862,999,263,121,142,324,120,204,1399,578,821,28,7,21,0,0,0,Julio 2016
2016,Julio,LATINA,15635,7243,8392,185,88,97,1603,790,813,2122,1079,1043,1165,488,677,7069,3481,3588,1028,442,586,759,239,520,1680,627,1053,24,9,15,0,0,0,Julio 2016
2016,Julio,CARABANCHEL,18428,8519,9909,154,83,71,1625,777,848,4656,2335,2321,1082,452,630,7960,3824,4136,939,404,535,655,177,478,1338,461,877,19,6,13,0,0,0,Julio 2016
2016,Julio,USERA,10643,4897,5746,78,39,39,958,439,519,2011,1029,982,736,315,421,5558,2623,2935,450,165,285,265,83,182,580,202,378,7,2,5,0,0,0,Julio 2016
2016,Julio,PUENTE DE VALLECAS,20911,10026,10885,1708,839,869,2470,1256,1214,3161,1588,1573,1403,596,807,10074,4947,5127,801,331,470,378,117,261,907,347,560,9,5,4,0,0,0,Julio 2016
2016,Julio,MORATALAZ,5920,2620,3300,174,76,98,301,131,170,1305,634,671,326,144,182,2459,1139,1320,350,153,197,314,95,219,679,243,436,12,5,7,0,0,0,Julio 2016
2016,Julio,CIUDAD LINEAL,12698,5680,7018,87,40,47,314,147,167,3047,1476,1571,673,273,400,5179,2405,2774,765,336,429,688,258,430,1919,739,1180,26,6,20,0,0,0,Julio 2016
2016,Julio,HORTALEZA,9202,3956,5246,38,14,24,418,215,203,1676,808,868,501,160,341,3624,1635,1989,620,257,363,576,199,377,1734,664,1070,15,4,11,0,0,0,Julio 2016
2016,Julio,VILLAVERDE,12244,5691,6553,117,51,66,1019,555,464,2339,1177,1162,717,273,444,6672,3186,3486,513,187,326,324,96,228,536,166,370,7,0,7,0,0,0,Julio 2016
2016,Julio,VILLA DE VALLECAS,7929,3388,4541,120,54,66,1181,594,587,1397,670,727,463,144,319,3464,1497,1967,452,180,272,305,73,232,539,174,365,8,2,6,0,0,0,Julio 2016
2016,Julio,VICÁLVARO,5055,2185,2870,203,97,106,425,222,203,1198,571,627,308,103,205,2062,932,1130,289,106,183,195,54,141,369,97,272,6,3,3,0,0,0,Julio 2016
2016,Julio,SAN BLAS-CANILLEJAS,10472,4751,5721,103,49,54,373,177,196,2129,1108,1021,670,246,424,5089,2406,2683,666,249,417,424,125,299,1010,387,623,8,4,4,0,0,0,Julio 2016
2016,Julio,BARAJAS,2219,980,1239,22,10,12,94,46,48,278,125,153,99,46,53,1020,474,546,156,72,84,140,54,86,407,152,255,3,1,2,0,0,0,Julio 2016
2016,Agosto,MADRID,197755,88851,108904,3338,1598,1740,14176,6983,7193,36554,18034,18520,11064,4397,6667,82758,39144,43614,10835,4552,6283,9429,3033,6396,29252,11006,18246,349,104,245,0,0,0,Agosto 2016
2016,Agosto,CENTRO,9264,4758,4506,117,59,58,596,346,250,1992,1128,864,367,183,184,3066,1750,1316,455,230,225,450,169,281,2196,887,1309,25,6,19,0,0,0,Agosto 2016
2016,Agosto,ARGANZUELA,8553,3718,4835,63,35,28,281,139,142,1470,737,733,442,187,255,2984,1414,1570,550,251,299,634,219,415,2096,730,1366,33,6,27,0,0,0,Agosto 2016
2016,Agosto,RETIRO,4986,2184,2802,51,21,30,350,154,196,624,301,323,192,90,102,1487,676,811,322,163,159,405,157,248,1534,615,919,21,7,14,0,0,0,Agosto 2016
2016,Agosto,SALAMANCA,5810,2438,3372,11,5,6,109,46,63,1685,757,928,183,65,118,1452,652,800,277,115,162,319,113,206,1755,680,1075,19,5,14,0,0,0,Agosto 2016
2016,Agosto,CHAMARTÍN,5644,2440,3204,12,6,6,130,60,70,1190,549,641,176,62,114,1547,709,838,275,115,160,381,135,246,1918,798,1120,15,6,9,0,0,0,Agosto 2016
2016,Agosto,TETUÁN,9711,4409,5302,40,17,23,1154,576,578,1488,702,786,481,197,284,4080,1938,2142,465,189,276,451,152,299,1543,635,908,9,3,6,0,0,0,Agosto 2016
2016,Agosto,CHAMBERÍ,5827,2476,3351,53,20,33,190,90,100,788,372,416,198,68,130,1841,874,967,292,137,155,402,137,265,2036,770,1266,27,8,19,0,0,0,Agosto 2016
2016,Agosto,FUENCARRAL - EL PARDO,10810,4514,6296,28,10,18,450,196,254,1733,821,912,591,223,368,4171,1856,2315,668,280,388,725,227,498,2417,891,1526,27,10,17,0,0,0,Agosto 2016
2016,Agosto,MONCLOA - ARAVACA,4876,2146,2730,28,14,14,216,112,104,467,223,244,212,85,127,1853,861,992,287,132,155,336,119,217,1451,591,860,26,9,17,0,0,0,Agosto 2016
2016,Agosto,LATINA,15930,7299,8631,186,88,98,1619,784,835,2090,1070,1020,1193,493,700,7103,3487,3616,1093,456,637,810,241,569,1813,671,1142,23,9,14,0,0,0,Agosto 2016
2016,Agosto,CARABANCHEL,18454,8397,10057,139,73,66,1583,728,855,4662,2328,2334,1094,457,637,7917,3758,4159,938,391,547,691,178,513,1408,479,929,22,5,17,0,0,0,Agosto 2016
2016,Agosto,USERA,10646,4845,5801,71,32,39,958,445,513,1970,1012,958,730,297,433,5572,2595,2977,455,168,287,275,78,197,605,215,390,10,3,7,0,0,0,Agosto 2016
2016,Agosto,PUENTE DE VALLECAS,20921,9975,10946,1704,843,861,2417,1234,1183,3086,1547,1539,1413,602,811,10106,4919,5187,840,353,487,400,122,278,948,352,596,7,3,4,0,0,0,Agosto 2016
2016,Agosto,MORATALAZ,5987,2630,3357,167,72,95,304,133,171,1343,657,686,333,145,188,2424,1111,1313,370,165,205,314,90,224,723,252,471,9,5,4,0,0,0,Agosto 2016
2016,Agosto,CIUDAD LINEAL,12827,5669,7158,89,40,49,308,139,169,3004,1438,1566,662,275,387,5226,2421,2805,777,341,436,735,262,473,1999,747,1252,27,6,21,0,0,0,Agosto 2016
2016,Agosto,HORTALEZA,9324,4012,5312,39,14,25,407,213,194,1681,806,875,523,166,357,3634,1661,1973,635,257,378,602,210,392,1791,683,1108,12,2,10,0,0,0,Agosto 2016
2016,Agosto,VILLAVERDE,12293,5640,6653,110,47,63,1004,542,462,2317,1142,1175,713,268,445,6694,3179,3515,528,189,339,348,98,250,569,175,394,10,0,10,0,0,0,Agosto 2016
2016,Agosto,VILLA DE VALLECAS,8070,3413,4657,116,54,62,1200,607,593,1392,670,722,464,136,328,3491,1493,1998,471,178,293,327,83,244,599,189,410,10,3,7,0,0,0,Agosto 2016
2016,Agosto,VICÁLVARO,5110,2189,2921,192,93,99,421,217,204,1218,583,635,311,98,213,2057,928,1129,307,111,196,208,53,155,392,104,288,4,2,2,0,0,0,Agosto 2016
2016,Agosto,SAN BLAS-CANILLEJAS,10459,4713,5746,97,44,53,387,178,209,2096,1082,1014,682,252,430,5029,2375,2654,665,259,406,465,136,329,1029,383,646,9,4,5,0,0,0,Agosto 2016
2016,Agosto,BARAJAS,2253,986,1267,25,11,14,92,44,48,258,109,149,104,48,56,1024,487,537,165,72,93,151,54,97,430,159,271,4,2,2,0,0,0,Agosto 2016
2016,Septiembre,MADRID,195920,89237,106683,3449,1650,1799,14292,7051,7241,37130,18375,18755,11356,4558,6798,83199,39664,43535,10724,4576,6148,8191,2807,5384,27198,10438,16760,381,118,263,0,0,0,Septiembre 2016
2016,Septiembre,CENTRO,9002,4620,4382,121,60,61,563,328,235,1959,1108,851,387,184,203,3041,1739,1302,455,214,241,389,151,238,2056,823,1233,31,13,18,0,0,0,Septiembre 2016
2016,Septiembre,ARGANZUELA,8320,3695,4625,63,39,24,273,139,134,1461,734,727,471,206,265,3023,1422,1601,563,257,306,525,201,324,1908,690,1218,33,7,26,0,0,0,Septiembre 2016
2016,Septiembre,RETIRO,4867,2129,2738,58,29,29,349,158,191,633,318,315,202,84,118,1509,675,834,304,155,149,354,142,212,1431,561,870,27,7,20,0,0,0,Septiembre 2016
2016,Septiembre,SALAMANCA,5772,2491,3281,11,5,6,117,50,67,1708,786,922,204,74,130,1430,648,782,288,131,157,305,120,185,1682,668,1014,27,9,18,0,0,0,Septiembre 2016
2016,Septiembre,CHAMARTÍN,5503,2419,3084,14,5,9,128,62,66,1161,556,605,182,67,115,1536,695,841,296,124,172,348,133,215,1823,772,1051,15,5,10,0,0,0,Septiembre 2016
2016,Septiembre,TETUÁN,9559,4383,5176,48,19,29,1163,585,578,1498,689,809,475,190,285,4105,1964,2141,452,195,257,380,139,241,1428,599,829,10,3,7,0,0,0,Septiembre 2016
2016,Septiembre,CHAMBERÍ,5672,2449,3223,44,17,27,190,86,104,805,382,423,192,70,122,1836,887,949,300,142,158,358,122,236,1917,731,1186,30,12,18,0,0,0,Septiembre 2016
2016,Septiembre,FUENCARRAL - EL PARDO,10644,4523,6121,28,10,18,459,194,265,1805,865,940,598,229,369,4142,1849,2293,665,280,385,650,221,429,2268,865,1403,29,10,19,0,0,0,Septiembre 2016
2016,Septiembre,MONCLOA - ARAVACA,4797,2170,2627,33,14,19,215,114,101,496,248,248,212,86,126,1880,892,988,252,113,139,296,114,182,1388,582,806,25,7,18,0,0,0,Septiembre 2016
2016,Septiembre,LATINA,15799,7338,8461,196,94,102,1636,799,837,2150,1083,1067,1260,529,731,7129,3525,3604,1058,457,601,684,211,473,1660,627,1033,26,13,13,0,0,0,Septiembre 2016
2016,Septiembre,CARABANCHEL,18472,8505,9967,150,76,74,1569,734,835,4818,2392,2426,1118,461,657,8027,3822,4205,940,406,534,577,172,405,1257,438,819,16,4,12,0,0,0,Septiembre 2016
2016,Septiembre,USERA,10716,4936,5780,85,40,45,980,451,529,2021,1018,1003,741,306,435,5659,2683,2976,464,166,298,225,73,152,529,195,334,12,4,8,0,0,0,Septiembre 2016
2016,Septiembre,PUENTE DE VALLECAS,20977,10029,10948,1757,868,889,2491,1260,1231,3085,1556,1529,1437,632,805,10155,4939,5216,817,339,478,346,105,241,881,328,553,8,2,6,0,0,0,Septiembre 2016
2016,Septiembre,MORATALAZ,5917,2658,3259,166,75,91,300,139,161,1327,644,683,348,153,195,2448,1145,1303,371,165,206,280,84,196,669,249,420,8,4,4,0,0,0,Septiembre 2016
2016,Septiembre,CIUDAD LINEAL,12707,5663,7044,85,33,52,321,149,172,3055,1453,1602,672,281,391,5256,2429,2827,773,352,421,649,244,405,1869,716,1153,27,6,21,0,0,0,Septiembre 2016
2016,Septiembre,HORTALEZA,9075,3950,5125,37,14,23,407,208,199,1677,820,857,516,179,337,3600,1654,1946,609,241,368,560,196,364,1649,634,1015,20,4,16,0,0,0,Septiembre 2016
2016,Septiembre,VILLAVERDE,12434,5844,6590,111,50,61,1022,558,464,2448,1226,1222,736,270,466,6803,3285,3518,531,210,321,292,86,206,482,159,323,9,0,9,0,0,0,Septiembre 2016
2016,Septiembre,VILLA DE VALLECAS,7954,3448,4506,121,55,66,1236,616,620,1387,675,712,481,147,334,3470,1538,1932,448,176,272,258,62,196,545,177,368,8,2,6,0,0,0,Septiembre 2016
2016,Septiembre,VICÁLVARO,5068,2210,2858,198,92,106,404,217,187,1226,590,636,317,100,217,2061,947,1114,320,116,204,173,48,125,366,98,268,3,2,1,0,0,0,Septiembre 2016
2016,Septiembre,SAN BLAS-CANILLEJAS,10514,4812,5702,102,47,55,380,165,215,2143,1112,1031,697,255,442,5104,2454,2650,662,268,394,414,132,282,997,376,621,15,3,12,0,0,0,Septiembre 2016
2016,Septiembre,BARAJAS,2151,965,1186,21,8,13,89,39,50,267,120,147,110,55,55,985,472,513,156,69,87,128,51,77,393,150,243,2,1,1,0,0,0,Septiembre 2016
2016,Octubre,MADRID,195388,89476,105912,3534,1691,1843,14448,7166,7282,37576,18644,18932,11660,4645,7015,83151,39790,43361,10542,4517,6025,7908,2775,5133,26195,10138,16057,374,110,264,0,0,0,Octubre 2016
2016,Octubre,CENTRO,8894,4665,4229,131,70,61,570,334,236,1941,1105,836,400,196,204,3084,1800,1284,453,217,236,379,149,230,1905,782,1123,31,12,19,0,0,0,Octubre 2016
2016,Octubre,ARGANZUELA,8117,3654,4463,58,33,25,279,144,135,1457,752,705,469,195,274,2973,1416,1557,528,245,283,507,193,314,1810,670,1140,36,6,30,0,0,0,Octubre 2016
2016,Octubre,RETIRO,4806,2108,2698,49,23,26,335,156,179,651,314,337,196,72,124,1509,690,819,298,156,142,346,143,203,1399,550,849,23,4,19,0,0,0,Octubre 2016
2016,Octubre,SALAMANCA,5630,2384,3246,13,6,7,129,58,71,1676,754,922,190,69,121,1412,635,777,270,123,147,294,106,188,1624,626,998,22,7,15,0,0,0,Octubre 2016
2016,Octubre,CHAMARTÍN,5446,2425,3021,15,6,9,126,65,61,1153,549,604,186,68,118,1524,701,823,305,135,170,347,135,212,1770,757,1013,20,9,11,0,0,0,Octubre 2016
2016,Octubre,TETUÁN,9656,4435,5221,49,23,26,1211,605,606,1543,716,827,509,207,302,4120,1968,2152,453,199,254,370,136,234,1393,578,815,8,3,5,0,0,0,Octubre 2016
2016,Octubre,CHAMBERÍ,5598,2457,3141,51,22,29,179,84,95,793,390,403,209,75,134,1818,874,944,280,121,159,345,124,221,1894,755,1139,29,12,17,0,0,0,Octubre 2016
2016,Octubre,FUENCARRAL - EL PARDO,10624,4540,6084,29,7,22,483,210,273,1822,886,936,602,222,380,4128,1840,2288,677,290,387,600,199,401,2254,876,1378,29,10,19,0,0,0,Octubre 2016
2016,Octubre,MONCLOA - ARAVACA,4714,2136,2578,25,11,14,225,120,105,492,247,245,231,93,138,1865,883,982,239,107,132,284,105,179,1331,565,766,22,5,17,0,0,0,Octubre 2016
2016,Octubre,LATINA,15851,7434,8417,188,93,95,1680,833,847,2197,1101,1096,1306,563,743,7141,3564,3577,1051,453,598,662,216,446,1598,598,1000,28,13,15,0,0,0,Octubre 2016
2016,Octubre,CARABANCHEL,18687,8597,10090,151,73,78,1567,748,819,4989,2470,2519,1175,473,702,8066,3842,4224,931,388,543,576,176,400,1212,423,789,20,4,16,0,0,0,Octubre 2016
2016,Octubre,USERA,10714,4959,5755,85,39,46,997,462,535,2055,1038,1017,757,300,457,5641,2692,2949,445,163,282,212,68,144,512,193,319,10,4,6,0,0,0,Octubre 2016
2016,Octubre,PUENTE DE VALLECAS,20956,9998,10958,1834,896,938,2533,1268,1265,3098,1539,1559,1419,616,803,10103,4927,5176,818,348,470,334,112,222,805,290,515,12,2,10,0,0,0,Octubre 2016
2016,Octubre,MORATALAZ,5928,2661,3267,156,69,87,305,141,164,1366,673,693,368,156,212,2456,1149,1307,360,153,207,270,92,178,638,224,414,9,4,5,0,0,0,Octubre 2016
2016,Octubre,CIUDAD LINEAL,12715,5718,6997,84,33,51,300,140,160,3099,1493,1606,693,278,415,5345,2491,2854,747,339,408,639,248,391,1784,692,1092,24,4,20,0,0,0,Octubre 2016
2016,Octubre,HORTALEZA,9022,3983,5039,48,22,26,428,219,209,1663,826,837,534,187,347,3567,1652,1915,599,240,359,542,205,337,1624,629,995,17,3,14,0,0,0,Octubre 2016
2016,Octubre,VILLAVERDE,12515,5898,6617,117,53,64,998,542,456,2506,1251,1255,766,300,466,6840,3304,3536,524,207,317,282,83,199,474,157,317,8,1,7,0,0,0,Octubre 2016
2016,Octubre,VILLA DE VALLECAS,7882,3412,4470,123,55,68,1238,615,623,1380,676,704,501,153,348,3444,1503,1941,441,179,262,233,60,173,514,169,345,8,2,6,0,0,0,Octubre 2016
2016,Octubre,VICÁLVARO,5087,2256,2831,193,94,99,401,213,188,1282,635,647,333,104,229,2052,955,1097,300,114,186,166,44,122,356,95,261,4,2,2,0,0,0,Octubre 2016
2016,Octubre,SAN BLAS-CANILLEJAS,10403,4780,5623,107,51,56,373,167,206,2143,1109,1034,699,264,435,5077,2431,2646,661,264,397,399,133,266,932,359,573,12,2,10,0,0,0,Octubre 2016
2016,Octubre,BARAJAS,2143,976,1167,28,12,16,91,42,49,270,120,150,117,54,63,986,473,513,162,76,86,121,48,73,366,150,216,2,1,1,0,0,0,Octubre 2016
2016,Noviembre,MADRID,193547,88916,104631,3590,1713,1877,14321,7117,7204,37571,18717,18854,11499,4592,6907,82251,39438,42813,10336,4461,5875,7706,2664,5042,25910,10115,15795,363,99,264,0,0,0,Noviembre 2016
2016,Noviembre,CENTRO,8883,4702,4181,128,72,56,562,332,230,1974,1152,822,395,196,199,3089,1790,1299,440,221,219,359,133,226,1908,798,1110,28,8,20,0,0,0,Noviembre 2016
2016,Noviembre,ARGANZUELA,8065,3601,4464,55,29,26,282,150,132,1456,743,713,466,189,277,2963,1384,1579,499,227,272,504,196,308,1810,679,1131,30,4,26,0,0,0,Noviembre 2016
2016,Noviembre,RETIRO,4762,2115,2647,53,24,29,322,149,173,664,328,336,201,77,124,1512,706,806,296,140,156,330,139,191,1363,550,813,21,2,19,0,0,0,Noviembre 2016
2016,Noviembre,SALAMANCA,5586,2417,3169,15,6,9,137,63,74,1632,744,888,188,66,122,1399,643,756,280,135,145,293,110,183,1618,642,976,24,8,16,0,0,0,Noviembre 2016
2016,Noviembre,CHAMARTÍN,5389,2360,3029,24,9,15,129,71,58,1156,535,621,184,66,118,1520,681,839,287,124,163,341,121,220,1731,747,984,17,6,11,0,0,0,Noviembre 2016
2016,Noviembre,TETUÁN,9746,4487,5259,51,24,27,1242,609,633,1570,754,816,513,219,294,4103,1972,2131,451,194,257,375,138,237,1430,576,854,11,1,10,0,0,0,Noviembre 2016
2016,Noviembre,CHAMBERÍ,5581,2437,3144,51,17,34,182,87,95,783,383,400,206,78,128,1812,862,950,289,127,162,335,121,214,1894,754,1140,29,8,21,0,0,0,Noviembre 2016
2016,Noviembre,FUENCARRAL - EL PARDO,10416,4490,5926,31,13,18,481,210,271,1829,884,945,606,225,381,4002,1803,2199,666,286,380,597,200,397,2177,859,1318,27,10,17,0,0,0,Noviembre 2016
2016,Noviembre,MONCLOA - ARAVACA,4699,2141,2558,27,12,15,222,123,99,502,255,247,220,87,133,1860,898,962,248,105,143,269,95,174,1324,558,766,27,8,19,0,0,0,Noviembre 2016
2016,Noviembre,LATINA,15776,7447,8329,197,101,96,1694,849,845,2183,1106,1077,1281,555,726,7160,3573,3587,1019,455,564,647,209,438,1565,587,978,30,12,18,0,0,0,Noviembre 2016
2016,Noviembre,CARABANCHEL,18454,8531,9923,165,80,85,1502,723,779,5017,2481,2536,1185,478,707,7904,3777,4127,906,386,520,569,174,395,1190,429,761,16,3,13,0,0,0,Noviembre 2016
2016,Noviembre,USERA,10744,5007,5737,97,49,48,976,450,526,2095,1046,1049,765,317,448,5641,2715,2926,442,160,282,204,67,137,514,199,315,10,4,6,0,0,0,Noviembre 2016
2016,Noviembre,PUENTE DE VALLECAS,20650,9856,10794,1821,885,936,2520,1261,1259,3047,1522,1525,1362,593,769,9964,4835,5129,796,349,447,329,112,217,800,296,504,11,3,8,0,0,0,Noviembre 2016
2016,Noviembre,MORATALAZ,5794,2609,3185,169,75,94,307,147,160,1337,658,679,362,145,217,2396,1138,1258,344,147,197,260,79,181,610,216,394,9,4,5,0,0,0,Noviembre 2016
2016,Noviembre,CIUDAD LINEAL,12511,5642,6869,83,30,53,304,140,164,3056,1485,1571,670,266,404,5253,2469,2784,733,333,400,611,231,380,1779,684,1095,22,4,18,0,0,0,Noviembre 2016
2016,Noviembre,HORTALEZA,8918,3916,5002,58,26,32,417,205,212,1649,810,839,516,176,340,3524,1636,1888,594,243,351,539,203,336,1607,614,993,14,3,11,0,0,0,Noviembre 2016
2016,Noviembre,VILLAVERDE,12325,5803,6522,117,49,68,953,515,438,2544,1283,1261,769,300,469,6687,3225,3462,510,201,309,267,74,193,469,154,315,9,2,7,0,0,0,Noviembre 2016
2016,Noviembre,VILLA DE VALLECAS,7788,3409,4379,122,55,67,1240,629,611,1374,674,700,483,149,334,3416,1498,1918,423,177,246,228,62,166,492,163,329,10,2,8,0,0,0,Noviembre 2016
2016,Noviembre,VICÁLVARO,5050,2218,2832,199,98,101,406,201,205,1280,618,662,330,104,226,2024,946,1078,295,111,184,159,38,121,354,100,254,3,2,1,0,0,0,Noviembre 2016
2016,Noviembre,SAN BLAS-CANILLEJAS,10270,4756,5514,101,47,54,358,166,192,2140,1120,1020,677,253,424,5038,2423,2615,657,263,394,376,120,256,910,360,550,13,4,9,0,0,0,Noviembre 2016
2016,Noviembre,BARAJAS,2140,972,1168,26,12,14,85,37,48,283,136,147,120,53,67,984,464,520,161,77,84,114,42,72,365,150,215,2,1,1,0,0,0,Noviembre 2016
2016,Diciembre,MADRID,188838,87551,101287,3442,1658,1784,13870,7030,6840,36735,18453,18282,11072,4533,6539,80064,38659,41405,10087,4400,5687,7591,2677,4914,25627,10042,15585,350,99,251,0,0,0,Diciembre 2016
2016,Diciembre,CENTRO,8725,4588,4137,123,65,58,541,319,222,1942,1109,833,370,194,176,3063,1772,1291,421,211,210,350,135,215,1888,776,1112,27,7,20,0,0,0,Diciembre 2016
2016,Diciembre,ARGANZUELA,7881,3546,4335,50,30,20,289,156,133,1412,725,687,442,180,262,2883,1371,1512,491,216,275,498,185,313,1781,676,1105,35,7,28,0,0,0,Diciembre 2016
2016,Diciembre,RETIRO,4703,2101,2602,57,32,25,315,150,165,648,322,326,184,71,113,1479,684,795,286,147,139,327,142,185,1387,550,837,20,3,17,0,0,0,Diciembre 2016
2016,Diciembre,SALAMANCA,5481,2345,3136,16,7,9,118,52,66,1551,702,849,197,72,125,1397,648,749,291,138,153,301,117,184,1585,603,982,25,6,19,0,0,0,Diciembre 2016
2016,Diciembre,CHAMARTÍN,5352,2362,2990,17,8,9,130,74,56,1129,533,596,183,68,115,1517,678,839,277,117,160,347,132,215,1738,747,991,14,5,9,0,0,0,Diciembre 2016
2016,Diciembre,TETUÁN,9471,4411,5060,46,20,26,1198,600,598,1531,738,793,499,218,281,3964,1929,2035,439,199,240,376,141,235,1411,564,847,7,2,5,0,0,0,Diciembre 2016
2016,Diciembre,CHAMBERÍ,5466,2417,3049,53,18,35,179,86,93,758,379,379,203,71,132,1792,877,915,280,120,160,333,125,208,1845,735,1110,23,6,17,0,0,0,Diciembre 2016
2016,Diciembre,FUENCARRAL - EL PARDO,10155,4417,5738,29,10,19,467,220,247,1785,872,913,574,229,345,3894,1745,2149,656,282,374,577,193,384,2141,856,1285,32,10,22,0,0,0,Diciembre 2016
2016,Diciembre,MONCLOA - ARAVACA,4594,2103,2491,28,12,16,227,128,99,473,234,239,216,94,122,1822,870,952,229,96,133,273,96,177,1300,564,736,26,9,17,0,0,0,Diciembre 2016
2016,Diciembre,LATINA,15298,7271,8027,178,89,89,1642,835,807,2181,1125,1056,1243,545,698,6891,3440,3451,969,435,534,638,209,429,1530,582,948,26,11,15,0,0,0,Diciembre 2016
2016,Diciembre,CARABANCHEL,17829,8345,9484,160,77,83,1415,705,710,4801,2422,2379,1129,462,667,7669,3703,3966,910,384,526,548,164,384,1182,425,757,15,3,12,0,0,0,Diciembre 2016
2016,Diciembre,USERA,10394,4921,5473,87,44,43,926,442,484,2055,1044,1011,741,306,435,5443,2644,2799,430,168,262,197,64,133,505,206,299,10,3,7,0,0,0,Diciembre 2016
2016,Diciembre,PUENTE DE VALLECAS,20089,9690,10399,1758,865,893,2438,1250,1188,2978,1483,1495,1301,573,728,9736,4781,4955,747,328,419,346,121,225,775,286,489,10,3,7,0,0,0,Diciembre 2016
2016,Diciembre,MORATALAZ,5666,2572,3094,162,77,85,295,136,159,1330,655,675,340,146,194,2323,1107,1216,348,155,193,240,76,164,620,216,404,8,4,4,0,0,0,Diciembre 2016
2016,Diciembre,CIUDAD LINEAL,12203,5559,6644,80,30,50,305,145,160,3009,1458,1551,652,267,385,5117,2429,2688,699,317,382,578,226,352,1743,682,1061,20,5,15,0,0,0,Diciembre 2016
2016,Diciembre,HORTALEZA,8665,3838,4827,58,23,35,405,206,199,1569,780,789,511,178,333,3413,1589,1824,583,249,334,526,197,329,1586,613,973,14,3,11,0,0,0,Diciembre 2016
2016,Diciembre,VILLAVERDE,12128,5800,6328,105,44,61,933,507,426,2597,1328,1269,735,303,432,6495,3160,3335,523,218,305,263,78,185,468,160,308,9,2,7,0,0,0,Diciembre 2016
2016,Diciembre,VILLA DE VALLECAS,7648,3399,4249,127,58,69,1216,617,599,1355,684,671,487,162,325,3311,1470,1841,426,182,244,212,57,155,504,168,336,10,1,9,0,0,0,Diciembre 2016
2016,Diciembre,VICÁLVARO,4942,2193,2749,187,93,94,384,200,184,1258,628,630,303,95,208,1997,922,1075,282,101,181,163,42,121,364,109,255,4,3,1,0,0,0,Diciembre 2016
2016,Diciembre,SAN BLAS-CANILLEJAS,10048,4708,5340,98,46,52,366,167,199,2094,1106,988,644,244,400,4903,2379,2524,647,261,386,383,134,249,901,367,534,12,4,8,0,0,0,Diciembre 2016
2016,Diciembre,BARAJAS,2100,965,1135,23,10,13,81,35,46,279,126,153,118,55,63,955,461,494,153,76,77,115,43,72,373,157,216,3,2,1,0,0,0,Diciembre 2016
,,,,,,,,,,,,,,,,,,,,,,,,,,,,,,,,,,,,
,,,,,,,,,,,,,,,,,,,,,,,,,,,,,,,,,,,,
Fuente: Servicio Público de Empleo Estatal Elaboración: Subdirección General de Estadística Ayuntamiento de Madrid,,,,,,,,,,,,,,,,,,,,,,,,,,,,,,,,,,,,
2017,Enero,MADRID,192905,89761,103144,3545,1721,1824,14043,7115,6928,37655,18929,18726,11375,4643,6732,81519,39630,41889,10492,4601,5891,7750,2775,4975,26194,10249,15945,332,98,234,0,0,0,Enero 2017
2017,Enero,CENTRO,8942,4703,4239,144,79,65,541,322,219,1990,1158,832,385,199,186,3094,1781,1313,424,203,221,381,150,231,1959,803,1156,24,8,16,0,0,0,Enero 2017
2017,Enero,ARGANZUELA,8093,3662,4431,54,32,22,281,147,134,1424,733,691,454,183,271,2989,1443,1546,535,253,282,502,185,317,1818,678,1140,36,8,28,0,0,0,Enero 2017
2017,Enero,RETIRO,4773,2134,2639,59,32,27,306,143,163,689,328,361,181,76,105,1509,707,802,295,147,148,338,148,190,1382,550,832,14,3,11,0,0,0,Enero 2017
2017,Enero,SALAMANCA,5640,2445,3195,23,11,12,128,59,69,1610,723,887,213,84,129,1421,664,757,286,141,145,313,127,186,1626,632,994,20,4,16,0,0,0,Enero 2017
2017,Enero,CHAMARTÍN,5452,2410,3042,24,11,13,126,69,57,1148,552,596,189,66,123,1526,682,844,300,130,170,338,132,206,1784,761,1023,17,7,10,0,0,0,Enero 2017
2017,Enero,TETUÁN,9559,4492,5067,40,15,25,1227,621,606,1512,749,763,500,205,295,4055,1989,2066,464,207,257,368,136,232,1386,568,818,7,2,5,0,0,0,Enero 2017
2017,Enero,CHAMBERÍ,5549,2425,3124,60,19,41,177,85,92,778,387,391,197,62,135,1803,865,938,284,124,160,344,138,206,1883,737,1146,23,8,15,0,0,0,Enero 2017
2017,Enero,FUENCARRAL - EL PARDO,10493,4642,5851,41,15,26,463,208,255,1852,907,945,590,234,356,4011,1846,2165,649,285,364,604,215,389,2254,923,1331,29,9,20,0,0,0,Enero 2017
2017,Enero,MONCLOA - ARAVACA,4630,2126,2504,27,11,16,225,126,99,475,234,241,225,95,130,1824,886,938,250,114,136,281,98,183,1297,555,742,26,7,19,0,0,0,Enero 2017
2017,Enero,LATINA,15512,7371,8141,204,100,104,1641,836,805,2160,1127,1033,1258,548,710,6966,3479,3487,1035,459,576,653,218,435,1570,593,977,25,11,14,0,0,0,Enero 2017
2017,Enero,CARABANCHEL,18396,8616,9780,164,83,81,1502,752,750,4896,2471,2425,1189,485,704,7910,3817,4093,918,380,538,559,175,384,1243,451,792,15,2,13,0,0,0,Enero 2017
2017,Enero,USERA,10566,4992,5574,90,46,44,957,457,500,2070,1031,1039,735,306,429,5544,2707,2837,454,183,271,206,64,142,501,195,306,9,3,6,0,0,0,Enero 2017
2017,Enero,PUENTE DE VALLECAS,20476,9941,10535,1790,892,898,2465,1276,1189,3092,1548,1544,1320,584,736,9851,4868,4983,791,354,437,345,128,217,816,290,526,6,1,5,0,0,0,Enero 2017
2017,Enero,MORATALAZ,5809,2643,3166,145,65,80,298,134,164,1419,695,724,351,147,204,2396,1154,1242,347,149,198,239,72,167,605,223,382,9,4,5,0,0,0,Enero 2017
2017,Enero,CIUDAD LINEAL,12451,5717,6734,83,35,48,310,146,164,3021,1453,1568,705,296,409,5217,2505,2712,739,341,398,597,229,368,1757,706,1051,22,6,16,0,0,0,Enero 2017
2017,Enero,HORTALEZA,8935,3998,4937,71,29,42,415,208,207,1615,808,807,494,172,322,3526,1678,1848,621,276,345,542,218,324,1637,605,1032,14,4,10,0,0,0,Enero 2017
2017,Enero,VILLAVERDE,12361,5914,6447,98,42,56,907,498,409,2841,1449,1392,752,309,443,6462,3146,3316,536,217,319,272,76,196,488,176,312,5,1,4,0,0,0,Enero 2017
2017,Enero,VILLA DE VALLECAS,7764,3452,4312,126,59,67,1233,624,609,1370,695,675,499,167,332,3361,1501,1860,445,182,263,215,60,155,505,162,343,10,2,8,0,0,0,Enero 2017
2017,Enero,VICÁLVARO,5068,2287,2781,180,89,91,405,211,194,1302,654,648,339,119,220,2030,952,1078,288,111,177,153,35,118,368,114,254,3,2,1,0,0,0,Enero 2017
2017,Enero,SAN BLAS-CANILLEJAS,10309,4805,5504,97,46,51,359,162,197,2116,1103,1013,682,249,433,5037,2475,2562,668,263,405,396,134,262,941,369,572,13,4,9,0,0,0,Enero 2017
2017,Enero,BARAJAS,2127,986,1141,25,10,15,77,31,46,275,124,151,117,57,60,987,485,502,163,82,81,104,37,67,374,158,216,5,2,3,0,0,0,Enero 2017
2017,Febrero,MADRID,194232,90030,104202,3589,1708,1881,14156,7065,7091,38492,19170,19322,11576,4706,6870,82047,39743,42304,10457,4597,5860,7640,2723,4917,25944,10221,15723,331,97,234,0,0,0,Febrero 2017
2017,Febrero,CENTRO,8884,4657,4227,145,77,68,545,317,228,1995,1140,855,381,198,183,3073,1770,1303,431,215,216,354,136,218,1938,797,1141,22,7,15,0,0,0,Febrero 2017
2017,Febrero,ARGANZUELA,8121,3668,4453,55,30,25,284,155,129,1443,730,713,461,190,271,3032,1441,1591,525,249,276,493,185,308,1791,679,1112,37,9,28,0,0,0,Febrero 2017
2017,Febrero,RETIRO,4824,2167,2657,71,40,31,313,146,167,739,342,397,192,84,108,1495,695,800,299,153,146,335,145,190,1363,560,803,17,2,15,0,0,0,Febrero 2017
2017,Febrero,SALAMANCA,5621,2423,3198,43,24,19,128,56,72,1589,704,885,200,74,126,1409,657,752,289,149,140,320,123,197,1621,630,991,22,6,16,0,0,0,Febrero 2017
2017,Febrero,CHAMARTÍN,5388,2410,2978,23,10,13,113,53,60,1128,549,579,183,64,119,1513,692,821,291,127,164,351,142,209,1768,767,1001,18,6,12,0,0,0,Febrero 2017
2017,Febrero,TETUÁN,9785,4553,5232,40,16,24,1229,608,621,1537,736,801,533,219,314,4167,2032,2135,476,213,263,374,129,245,1420,596,824,9,4,5,0,0,0,Febrero 2017
2017,Febrero,CHAMBERÍ,5575,2450,3125,63,19,44,175,82,93,775,389,386,207,66,141,1830,891,939,285,130,155,343,133,210,1872,731,1141,25,9,16,0,0,0,Febrero 2017
2017,Febrero,FUENCARRAL - EL PARDO,10439,4579,5860,42,14,28,478,213,265,1863,910,953,604,240,364,4012,1844,2168,637,273,364,598,203,395,2180,875,1305,25,7,18,0,0,0,Febrero 2017
2017,Febrero,MONCLOA - ARAVACA,4563,2110,2453,26,13,13,229,131,98,485,236,249,220,92,128,1792,853,939,253,118,135,270,101,169,1264,559,705,24,7,17,0,0,0,Febrero 2017
2017,Febrero,LATINA,15606,7380,8226,191,95,96,1660,844,816,2193,1111,1082,1246,532,714,7063,3535,3528,1021,451,570,630,203,427,1574,596,978,28,13,15,0,0,0,Febrero 2017
2017,Febrero,CARABANCHEL,18516,8642,9874,172,87,85,1529,736,793,4974,2488,2486,1207,494,713,7953,3856,4097,918,380,538,538,174,364,1210,424,786,15,3,12,0,0,0,Febrero 2017
2017,Febrero,USERA,10664,5003,5661,88,43,45,989,460,529,2113,1052,1061,751,307,444,5546,2689,2857,451,180,271,216,69,147,499,200,299,11,3,8,0,0,0,Febrero 2017
2017,Febrero,PUENTE DE VALLECAS,20775,10015,10760,1775,854,921,2486,1261,1225,3149,1568,1581,1372,598,774,10021,4952,5069,808,372,436,341,119,222,818,290,528,5,1,4,0,0,0,Febrero 2017
2017,Febrero,MORATALAZ,5932,2722,3210,152,72,80,284,127,157,1484,717,767,371,165,206,2446,1180,1266,352,156,196,233,70,163,603,231,372,7,4,3,0,0,0,Febrero 2017
2017,Febrero,CIUDAD LINEAL,12572,5722,6850,81,31,50,311,151,160,3088,1487,1601,717,301,416,5256,2496,2760,733,326,407,600,226,374,1765,700,1065,21,4,17,0,0,0,Febrero 2017
2017,Febrero,HORTALEZA,8988,4001,4987,87,39,48,434,220,214,1600,787,813,516,181,335,3569,1695,1874,614,258,356,515,208,307,1641,611,1030,12,2,10,0,0,0,Febrero 2017
2017,Febrero,VILLAVERDE,12407,5859,6548,88,39,49,887,474,413,3123,1589,1534,740,291,449,6300,2998,3302,528,219,309,255,78,177,482,170,312,4,1,3,0,0,0,Febrero 2017
2017,Febrero,VILLA DE VALLECAS,7798,3481,4317,130,57,73,1220,617,603,1393,713,680,495,170,325,3423,1533,1890,443,171,272,207,59,148,479,159,320,8,2,6,0,0,0,Febrero 2017
2017,Febrero,VICÁLVARO,5166,2327,2839,195,94,101,414,214,200,1355,660,695,341,115,226,2052,966,1086,292,122,170,154,38,116,360,116,244,3,2,1,0,0,0,Febrero 2017
2017,Febrero,SAN BLAS-CANILLEJAS,10456,4867,5589,92,42,50,366,162,204,2183,1122,1061,708,263,445,5107,2492,2615,649,256,393,401,143,258,934,383,551,16,4,12,0,0,0,Febrero 2017
2017,Febrero,BARAJAS,2152,994,1158,30,12,18,82,38,44,283,140,143,131,62,69,988,476,512,162,79,83,112,39,73,362,147,215,2,1,1,0,0,0,Febrero 2017
2017,Marzo,MADRID,191437,88336,103101,3625,1737,1888,14102,6948,7154,38748,19154,19594,11226,4532,6694,80636,38846,41790,10153,4418,5735,7379,2625,4754,25258,9986,15272,310,90,220,0,0,0,Marzo 2017
2017,Marzo,CENTRO,8712,4589,4123,147,80,67,538,319,219,2004,1146,858,360,180,180,3019,1730,1289,413,208,205,365,147,218,1845,772,1073,21,7,14,0,0,0,Marzo 2017
2017,Marzo,ARGANZUELA,8002,3596,4406,58,31,27,277,142,135,1444,713,731,445,184,261,2983,1423,1560,519,238,281,477,178,299,1766,679,1087,33,8,25,0,0,0,Marzo 2017
2017,Marzo,RETIRO,4724,2127,2597,74,41,33,287,134,153,743,336,407,190,77,113,1483,693,790,275,144,131,338,150,188,1321,550,771,13,2,11,0,0,0,Marzo 2017
2017,Marzo,SALAMANCA,5515,2382,3133,27,12,15,142,66,76,1612,726,886,181,70,111,1377,627,750,270,133,137,299,112,187,1587,630,957,20,6,14,0,0,0,Marzo 2017
2017,Marzo,CHAMARTÍN,5297,2365,2932,30,12,18,119,62,57,1120,535,585,176,64,112,1483,669,814,292,132,160,346,141,205,1717,746,971,14,4,10,0,0,0,Marzo 2017
2017,Marzo,TETUÁN,9670,4491,5179,39,16,23,1261,605,656,1565,773,792,538,229,309,4046,1968,2078,469,202,267,371,130,241,1372,565,807,9,3,6,0,0,0,Marzo 2017
2017,Marzo,CHAMBERÍ,5461,2409,3052,65,21,44,177,90,87,789,397,392,182,63,119,1813,867,946,275,118,157,320,128,192,1820,717,1103,20,8,12,0,0,0,Marzo 2017
2017,Marzo,FUENCARRAL - EL PARDO,10254,4465,5789,42,15,27,479,215,264,1815,879,936,615,230,385,3964,1816,2148,633,280,353,572,194,378,2108,830,1278,26,6,20,0,0,0,Marzo 2017
2017,Marzo,MONCLOA - ARAVACA,4514,2046,2468,28,12,16,220,124,96,491,238,253,215,89,126,1751,821,930,244,109,135,262,96,166,1281,553,728,22,4,18,0,0,0,Marzo 2017
2017,Marzo,LATINA,15232,7215,8017,206,108,98,1644,819,825,2133,1074,1059,1146,490,656,6966,3487,3479,1000,454,546,591,192,399,1517,577,940,29,14,15,0,0,0,Marzo 2017
2017,Marzo,CARABANCHEL,18231,8497,9734,166,88,78,1506,713,793,5047,2508,2539,1161,478,683,7759,3781,3978,872,354,518,534,167,367,1171,405,766,15,3,12,0,0,0,Marzo 2017
2017,Marzo,USERA,10569,4942,5627,89,49,40,987,444,543,2108,1031,1077,705,292,413,5553,2691,2862,429,169,260,198,63,135,491,200,291,9,3,6,0,0,0,Marzo 2017
2017,Marzo,PUENTE DE VALLECAS,20531,9849,10682,1787,863,924,2469,1233,1236,3128,1549,1579,1329,566,763,9902,4858,5044,793,366,427,318,111,207,798,300,498,7,3,4,0,0,0,Marzo 2017
2017,Marzo,MORATALAZ,5806,2627,3179,146,71,75,291,133,158,1485,702,783,352,147,205,2390,1137,1253,329,138,191,216,65,151,590,230,360,7,4,3,0,0,0,Marzo 2017
2017,Marzo,CIUDAD LINEAL,12473,5642,6831,83,29,54,314,149,165,3132,1487,1645,713,295,418,5193,2456,2737,727,329,398,572,210,362,1720,685,1035,19,2,17,0,0,0,Marzo 2017
2017,Marzo,HORTALEZA,8812,3848,4964,92,41,51,441,219,222,1588,773,815,533,184,349,3457,1605,1852,590,249,341,511,196,315,1589,579,1010,11,2,9,0,0,0,Marzo 2017
2017,Marzo,VILLAVERDE,12293,5716,6577,88,40,48,877,459,418,3258,1635,1623,731,290,441,6106,2859,3247,523,207,316,239,71,168,466,154,312,5,1,4,0,0,0,Marzo 2017
2017,Marzo,VILLA DE VALLECAS,7702,3416,4286,137,63,74,1227,612,615,1399,707,692,470,160,310,3352,1493,1859,427,157,270,205,58,147,479,164,315,6,2,4,0,0,0,Marzo 2017
2017,Marzo,VICÁLVARO,5143,2312,2831,193,91,102,414,216,198,1361,657,704,341,120,221,2032,960,1072,291,111,180,155,41,114,351,113,238,5,3,2,0,0,0,Marzo 2017
2017,Marzo,SAN BLAS-CANILLEJAS,10344,4797,5547,100,43,57,356,158,198,2215,1139,1076,712,267,445,5025,2427,2598,629,246,383,380,135,245,911,379,532,16,3,13,0,0,0,Marzo 2017
2017,Marzo,BARAJAS,2152,1005,1147,28,11,17,76,36,40,311,149,162,131,57,74,982,478,504,153,74,79,110,40,70,358,158,200,3,2,1,0,0,0,Marzo 2017
2017,Abril,MADRID,186033,85357,100676,3496,1646,1850,13902,6819,7083,38205,18797,19408,10857,4348,6509,78234,37428,40806,9663,4128,5535,7043,2481,4562,24329,9619,14710,304,91,213,0,0,0,Abril 2017
2017,Abril,CENTRO,8395,4422,3973,140,74,66,536,316,220,1946,1115,831,335,167,168,2940,1673,1267,396,190,206,361,152,209,1717,727,990,24,8,16,0,0,0,Abril 2017
2017,Abril,ARGANZUELA,7716,3425,4291,59,29,30,278,140,138,1393,684,709,411,165,246,2902,1370,1532,503,227,276,462,168,294,1678,636,1042,30,6,24,0,0,0,Abril 2017
2017,Abril,RETIRO,4624,2090,2534,71,39,32,273,126,147,749,342,407,190,75,115,1457,696,761,268,135,133,323,145,178,1280,530,750,13,2,11,0,0,0,Abril 2017
2017,Abril,SALAMANCA,5365,2304,3061,26,12,14,137,67,70,1588,719,869,186,72,114,1334,590,744,256,122,134,288,109,179,1530,608,922,20,5,15,0,0,0,Abril 2017
2017,Abril,CHAMARTÍN,5145,2258,2887,24,9,15,117,61,56,1071,506,565,176,63,113,1449,639,810,277,121,156,321,115,206,1698,738,960,12,6,6,0,0,0,Abril 2017
2017,Abril,TETUÁN,9334,4326,5008,44,17,27,1212,589,623,1506,745,761,526,216,310,3908,1881,2027,458,194,264,341,121,220,1328,560,768,11,3,8,0,0,0,Abril 2017
2017,Abril,CHAMBERÍ,5265,2304,2961,52,21,31,175,89,86,774,370,404,177,63,114,1752,824,928,252,111,141,314,115,199,1749,701,1048,20,10,10,0,0,0,Abril 2017
2017,Abril,FUENCARRAL - EL PARDO,10010,4338,5672,48,19,29,485,218,267,1781,857,924,619,228,391,3832,1742,2090,614,265,349,551,182,369,2056,820,1236,24,7,17,0,0,0,Abril 2017
2017,Abril,MONCLOA - ARAVACA,4431,2002,2429,24,11,13,228,124,104,495,237,258,220,94,126,1709,807,902,230,101,129,254,96,158,1249,527,722,22,5,17,0,0,0,Abril 2017
2017,Abril,LATINA,14712,6932,7780,193,98,95,1594,791,803,2144,1077,1067,1124,473,651,6737,3340,3397,916,403,513,547,183,364,1431,555,876,26,12,14,0,0,0,Abril 2017
2017,Abril,CARABANCHEL,17579,8136,9443,155,82,73,1436,670,766,4981,2468,2513,1095,442,653,7450,3612,3838,837,334,503,489,149,340,1121,376,745,15,3,12,0,0,0,Abril 2017
2017,Abril,USERA,10330,4822,5508,83,44,39,1011,456,555,2063,1001,1062,691,279,412,5417,2638,2779,388,145,243,198,67,131,469,188,281,10,4,6,0,0,0,Abril 2017
2017,Abril,PUENTE DE VALLECAS,19932,9510,10422,1717,809,908,2437,1219,1218,3057,1530,1527,1267,538,729,9625,4694,4931,747,341,406,292,99,193,784,279,505,6,1,5,0,0,0,Abril 2017
2017,Abril,MORATALAZ,5612,2531,3081,141,69,72,284,128,156,1453,677,776,325,138,187,2318,1100,1218,314,126,188,205,67,138,564,221,343,8,5,3,0,0,0,Abril 2017
2017,Abril,CIUDAD LINEAL,12083,5443,6640,91,37,54,322,153,169,3060,1441,1619,697,286,411,5007,2357,2650,700,320,380,538,194,344,1649,652,997,19,3,16,0,0,0,Abril 2017
2017,Abril,HORTALEZA,8639,3764,4875,83,31,52,435,209,226,1574,755,819,519,181,338,3395,1579,1816,577,239,338,485,188,297,1557,579,978,14,3,11,0,0,0,Abril 2017
2017,Abril,VILLAVERDE,12076,5583,6493,85,39,46,859,454,405,3301,1642,1659,722,291,431,5912,2742,3170,490,191,299,239,73,166,463,150,313,5,1,4,0,0,0,Abril 2017
2017,Abril,VILLA DE VALLECAS,7581,3350,4231,140,62,78,1238,611,627,1378,705,673,459,154,305,3257,1447,1810,424,159,265,217,50,167,462,161,301,6,1,5,0,0,0,Abril 2017
2017,Abril,VICÁLVARO,5018,2245,2773,187,89,98,414,216,198,1367,653,714,309,107,202,1984,929,1055,271,103,168,150,38,112,332,108,224,4,2,2,0,0,0,Abril 2017
2017,Abril,SAN BLAS-CANILLEJAS,10081,4610,5471,101,44,57,352,143,209,2213,1129,1084,682,260,422,4898,2322,2576,603,235,368,360,129,231,860,346,514,12,2,10,0,0,0,Abril 2017
2017,Abril,BARAJAS,2105,962,1143,32,11,21,79,39,40,311,144,167,127,56,71,951,446,505,142,66,76,108,41,67,352,157,195,3,2,1,0,0,0,Abril 2017
2017,Mayo,MADRID,181735,82796,98939,3401,1594,1807,13372,6474,6898,37660,18424,19236,10514,4173,6341,76078,36176,39902,9390,4022,5368,6813,2379,4434,24107,9436,14671,400,118,282,0,0,0,Mayo 2017
2017,Mayo,CENTRO,8292,4374,3918,130,68,62,512,302,210,1921,1096,825,330,174,156,2854,1628,1226,390,204,186,356,147,209,1772,748,1024,27,7,20,0,0,0,Mayo 2017
2017,Mayo,ARGANZUELA,7533,3323,4210,59,28,31,266,136,130,1341,641,700,405,153,252,2827,1331,1496,498,221,277,450,167,283,1639,633,1006,48,13,35,0,0,0,Mayo 2017
2017,Mayo,RETIRO,4487,2009,2478,67,35,32,256,122,134,734,344,390,180,70,110,1440,678,762,264,130,134,301,135,166,1224,491,733,21,4,17,0,0,0,Mayo 2017
2017,Mayo,SALAMANCA,5235,2264,2971,23,9,14,139,70,69,1518,693,825,181,65,116,1328,604,724,246,118,128,267,104,163,1502,590,912,31,11,20,0,0,0,Mayo 2017
2017,Mayo,CHAMARTÍN,5007,2200,2807,23,10,13,123,69,54,1048,505,543,168,63,105,1409,619,790,284,124,160,307,106,201,1627,697,930,18,7,11,0,0,0,Mayo 2017
2017,Mayo,TETUÁN,9111,4206,4905,47,20,27,1174,565,609,1509,723,786,503,203,300,3776,1837,1939,445,194,251,315,112,203,1322,546,776,20,6,14,0,0,0,Mayo 2017
2017,Mayo,CHAMBERÍ,5182,2268,2914,55,24,31,167,83,84,748,365,383,173,62,111,1692,805,887,241,106,135,311,120,191,1759,694,1065,36,9,27,0,0,0,Mayo 2017
2017,Mayo,FUENCARRAL - EL PARDO,9805,4208,5597,46,19,27,460,201,259,1746,854,892,570,207,363,3753,1685,2068,581,252,329,540,171,369,2075,809,1266,34,10,24,0,0,0,Mayo 2017
2017,Mayo,MONCLOA - ARAVACA,4387,1977,2410,24,12,12,226,125,101,484,226,258,212,98,114,1700,794,906,226,103,123,255,90,165,1235,520,715,25,9,16,0,0,0,Mayo 2017
2017,Mayo,LATINA,14407,6732,7675,219,111,108,1540,739,801,2112,1046,1066,1108,474,634,6588,3253,3335,885,380,505,534,178,356,1394,537,857,27,14,13,0,0,0,Mayo 2017
2017,Mayo,CARABANCHEL,17156,7889,9267,148,71,77,1355,635,720,5043,2454,2589,1054,425,629,7149,3461,3688,814,336,478,477,141,336,1100,364,736,16,2,14,0,0,0,Mayo 2017
2017,Mayo,USERA,10070,4674,5396,78,38,40,988,442,546,1946,954,992,665,262,403,5358,2578,2780,390,153,237,191,63,128,441,177,264,13,7,6,0,0,0,Mayo 2017
2017,Mayo,PUENTE DE VALLECAS,19406,9198,10208,1645,769,876,2315,1139,1176,3046,1525,1521,1260,534,726,9335,4539,4796,724,322,402,297,100,197,779,270,509,5,0,5,0,0,0,Mayo 2017
2017,Mayo,MORATALAZ,5525,2452,3073,134,68,66,293,131,162,1449,656,793,328,135,193,2258,1038,1220,293,125,168,197,62,135,566,233,333,7,4,3,0,0,0,Mayo 2017
2017,Mayo,CIUDAD LINEAL,11653,5197,6456,77,34,43,311,146,165,2970,1392,1578,641,260,381,4786,2226,2560,680,301,379,531,191,340,1638,645,993,19,2,17,0,0,0,Mayo 2017
2017,Mayo,HORTALEZA,8452,3640,4812,80,29,51,429,200,229,1541,719,822,502,176,326,3292,1529,1763,553,227,326,465,176,289,1573,579,994,17,5,12,0,0,0,Mayo 2017
2017,Mayo,VILLAVERDE,11790,5415,6375,89,40,49,834,426,408,3307,1661,1646,693,261,432,5671,2596,3075,484,187,297,223,74,149,483,169,314,6,1,5,0,0,0,Mayo 2017
2017,Mayo,VILLA DE VALLECAS,7516,3248,4268,146,67,79,1189,572,617,1408,693,715,459,148,311,3218,1405,1813,409,154,255,209,53,156,472,154,318,6,2,4,0,0,0,Mayo 2017
2017,Mayo,VICÁLVARO,4896,2196,2700,177,87,90,392,200,192,1343,649,694,309,105,204,1935,909,1026,271,105,166,153,39,114,314,101,213,2,1,1,0,0,0,Mayo 2017
2017,Mayo,SAN BLAS-CANILLEJAS,9756,4397,5359,95,42,53,331,137,194,2152,1095,1057,648,239,409,4765,2222,2543,572,216,356,338,117,221,840,327,513,15,2,13,0,0,0,Mayo 2017
2017,Mayo,BARAJAS,2069,929,1140,39,13,26,72,34,38,294,133,161,125,59,66,944,439,505,140,64,76,96,33,63,352,152,200,7,2,5,0,0,0,Mayo 2017
2017,Junio,MADRID,179324,80059,99265,3327,1536,1791,13098,6222,6876,37384,17925,19459,10379,3944,6435,74485,34793,39692,9337,3875,5462,6888,2310,4578,24037,9338,14699,389,116,273,0,0,0,Junio 2017
2017,Junio,CENTRO,8181,4231,3950,127,68,59,491,289,202,1872,1054,818,324,170,154,2800,1584,1216,390,187,203,360,138,222,1786,731,1055,31,10,21,0,0,0,Junio 2017
2017,Junio,ARGANZUELA,7405,3251,4154,47,23,24,263,126,137,1278,615,663,402,159,243,2793,1315,1478,486,212,274,439,157,282,1649,632,1017,48,12,36,0,0,0,Junio 2017
2017,Junio,RETIRO,4371,1940,2431,59,31,28,242,114,128,753,352,401,166,63,103,1340,631,709,269,134,135,318,134,184,1203,477,726,21,4,17,0,0,0,Junio 2017
2017,Junio,SALAMANCA,5158,2170,2988,25,12,13,125,59,66,1481,649,832,182,63,119,1306,589,717,254,116,138,262,100,162,1489,573,916,34,9,25,0,0,0,Junio 2017
2017,Junio,CHAMARTÍN,4934,2152,2782,21,7,14,121,60,61,1016,482,534,159,54,105,1362,608,754,278,126,152,308,108,200,1649,701,948,20,6,14,0,0,0,Junio 2017
2017,Junio,TETUÁN,8954,4091,4863,51,20,31,1107,521,586,1558,735,823,496,203,293,3683,1779,1904,422,181,241,335,104,231,1281,541,740,21,7,14,0,0,0,Junio 2017
2017,Junio,CHAMBERÍ,5101,2200,2901,48,18,30,162,77,85,740,357,383,175,54,121,1636,753,883,248,114,134,311,119,192,1749,699,1050,32,9,23,0,0,0,Junio 2017
2017,Junio,FUENCARRAL - EL PARDO,9627,4061,5566,42,18,24,435,189,246,1727,821,906,555,198,357,3665,1620,2045,591,243,348,531,175,356,2051,786,1265,30,11,19,0,0,0,Junio 2017
2017,Junio,MONCLOA - ARAVACA,4431,1973,2458,27,15,12,221,123,98,516,232,284,217,88,129,1672,790,882,239,102,137,277,100,177,1242,517,725,20,6,14,0,0,0,Junio 2017
2017,Junio,LATINA,14177,6492,7685,196,99,97,1516,715,801,2038,997,1041,1110,466,644,6463,3113,3350,904,374,530,534,174,360,1397,542,855,19,12,7,0,0,0,Junio 2017
2017,Junio,CARABANCHEL,16909,7540,9369,144,69,75,1318,590,728,5001,2388,2613,1050,403,647,6953,3278,3675,801,311,490,484,131,353,1140,368,772,18,2,16,0,0,0,Junio 2017
2017,Junio,USERA,10109,4596,5513,82,42,40,1018,458,560,1961,934,1027,657,250,407,5349,2517,2832,389,144,245,194,63,131,454,184,270,5,4,1,0,0,0,Junio 2017
2017,Junio,PUENTE DE VALLECAS,19359,8945,10414,1629,736,893,2280,1110,1170,3095,1504,1591,1237,504,733,9307,4416,4891,724,309,415,308,92,216,773,273,500,6,1,5,0,0,0,Junio 2017
2017,Junio,MORATALAZ,5500,2392,3108,127,64,63,290,127,163,1477,662,815,319,113,206,2205,1010,1195,288,121,167,204,57,147,582,235,347,8,3,5,0,0,0,Junio 2017
2017,Junio,CIUDAD LINEAL,11408,5001,6407,89,42,47,290,125,165,2914,1364,1550,639,251,388,4665,2120,2545,670,296,374,522,180,342,1600,621,979,19,2,17,0,0,0,Junio 2017
2017,Junio,HORTALEZA,8377,3568,4809,92,34,58,465,218,247,1501,710,791,490,158,332,3259,1499,1760,545,212,333,462,160,302,1542,571,971,21,6,15,0,0,0,Junio 2017
2017,Junio,VILLAVERDE,11426,5099,6327,87,37,50,808,407,401,3236,1564,1672,687,243,444,5464,2442,3022,468,176,292,213,68,145,458,160,298,5,2,3,0,0,0,Junio 2017
2017,Junio,VILLA DE VALLECAS,7464,3109,4355,138,65,73,1157,550,607,1451,696,755,454,127,327,3137,1307,1830,412,154,258,216,52,164,493,155,338,6,3,3,0,0,0,Junio 2017
2017,Junio,VICÁLVARO,4808,2081,2727,169,82,87,385,198,187,1326,609,717,308,102,206,1889,870,1019,258,88,170,156,38,118,314,93,221,3,1,2,0,0,0,Junio 2017
2017,Junio,SAN BLAS-CANILLEJAS,9649,4300,5349,93,43,50,333,134,199,2169,1081,1088,639,221,418,4644,2143,2501,566,216,350,345,121,224,843,336,507,17,5,12,0,0,0,Junio 2017
2017,Junio,BARAJAS,1976,867,1109,34,11,23,71,32,39,274,119,155,113,54,59,893,409,484,135,59,76,109,39,70,342,143,199,5,1,4,0,0,0,Junio 2017
2017,Julio,MADRID,180274,79345,100929,3281,1464,1817,12822,6044,6778,37211,17695,19516,10040,3795,6245,74044,34150,39894,9558,3925,5633,7355,2414,4941,25665,9775,15890,298,83,215,0,0,0,Julio 2017
2017,Julio,CENTRO,8373,4303,4070,128,68,60,480,279,201,1901,1071,830,317,153,164,2864,1608,1256,412,207,205,371,146,225,1876,765,1111,24,6,18,0,0,0,Julio 2017
2017,Julio,ARGANZUELA,7607,3284,4323,42,24,18,246,121,125,1284,612,672,409,160,249,2832,1305,1527,496,219,277,502,186,316,1762,652,1110,34,5,29,0,0,0,Julio 2017
2017,Julio,RETIRO,4462,1950,2512,60,33,27,237,105,132,748,348,400,174,72,102,1377,628,749,264,134,130,308,124,184,1279,501,778,15,5,10,0,0,0,Julio 2017
2017,Julio,SALAMANCA,5198,2190,3008,24,12,12,126,58,68,1459,657,802,173,65,108,1303,570,733,263,122,141,303,113,190,1526,587,939,21,6,15,0,0,0,Julio 2017
2017,Julio,CHAMARTÍN,5036,2164,2872,23,9,14,137,66,71,993,471,522,152,47,105,1370,607,763,277,117,160,328,111,217,1741,732,1009,15,4,11,0,0,0,Julio 2017
2017,Julio,TETUÁN,8951,4048,4903,44,17,27,1022,481,541,1569,728,841,485,197,288,3685,1759,1926,430,175,255,351,115,236,1352,573,779,13,3,10,0,0,0,Julio 2017
2017,Julio,CHAMBERÍ,5175,2237,2938,45,16,29,163,84,79,749,353,396,162,53,109,1649,774,875,244,108,136,324,123,201,1819,720,1099,20,6,14,0,0,0,Julio 2017
2017,Julio,FUENCARRAL - EL PARDO,9745,4065,5680,46,19,27,400,165,235,1744,818,926,528,184,344,3647,1615,2032,601,245,356,569,182,387,2187,828,1359,23,9,14,0,0,0,Julio 2017
2017,Julio,MONCLOA - ARAVACA,4453,1935,2518,21,11,10,214,115,99,501,230,271,207,82,125,1641,762,879,250,108,142,277,94,183,1321,527,794,21,6,15,0,0,0,Julio 2017
2017,Julio,LATINA,14424,6522,7902,194,94,100,1510,712,798,2049,995,1054,1087,455,632,6460,3095,3365,964,389,575,594,189,405,1545,582,963,21,11,10,0,0,0,Julio 2017
2017,Julio,CARABANCHEL,16838,7409,9429,137,59,78,1278,558,720,5054,2404,2650,1011,382,629,6756,3148,3608,813,317,496,516,140,376,1255,399,856,18,2,16,0,0,0,Julio 2017
2017,Julio,USERA,9904,4436,5468,78,39,39,979,445,534,1866,883,983,624,242,382,5260,2412,2848,398,151,247,193,66,127,501,194,307,5,4,1,0,0,0,Julio 2017
2017,Julio,PUENTE DE VALLECAS,19266,8776,10490,1615,708,907,2225,1080,1145,3105,1489,1616,1175,466,709,9266,4322,4944,730,317,413,329,98,231,817,296,521,4,0,4,0,0,0,Julio 2017
2017,Julio,MORATALAZ,5609,2414,3195,127,62,65,292,130,162,1506,668,838,313,118,195,2208,995,1213,310,127,183,200,59,141,645,252,393,8,3,5,0,0,0,Julio 2017
2017,Julio,CIUDAD LINEAL,11404,4883,6521,90,39,51,284,127,157,2847,1296,1551,616,237,379,4623,2083,2540,689,288,401,548,177,371,1689,633,1056,18,3,15,0,0,0,Julio 2017
2017,Julio,HORTALEZA,8518,3575,4943,91,30,61,471,226,245,1458,681,777,478,157,321,3313,1505,1808,535,200,335,491,171,320,1670,603,1067,11,2,9,0,0,0,Julio 2017
2017,Julio,VILLAVERDE,11374,4958,6416,96,38,58,803,377,426,3173,1522,1651,675,243,432,5396,2379,3017,478,174,304,249,71,178,501,154,347,3,0,3,0,0,0,Julio 2017
2017,Julio,VILLA DE VALLECAS,7545,3097,4448,140,62,78,1189,570,619,1460,686,774,438,120,318,3113,1271,1842,413,157,256,246,54,192,542,176,366,4,1,3,0,0,0,Julio 2017
2017,Julio,VICÁLVARO,4809,2045,2764,163,74,89,380,190,190,1318,600,718,295,101,194,1855,840,1015,275,94,181,161,37,124,359,107,252,3,2,1,0,0,0,Julio 2017
2017,Julio,SAN BLAS-CANILLEJAS,9605,4205,5400,86,41,45,319,127,192,2163,1063,1100,609,209,400,4553,2081,2472,578,215,363,372,121,251,911,344,567,14,4,10,0,0,0,Julio 2017
2017,Julio,BARAJAS,1978,849,1129,31,9,22,67,28,39,264,120,144,112,52,60,873,391,482,138,61,77,123,37,86,367,150,217,3,1,2,0,0,0,Julio 2017
2017,Agosto,MADRID,182379,80106,102273,3171,1438,1733,12580,5964,6616,37471,17848,19623,10191,3828,6363,74415,34392,40023,9975,4073,5902,7611,2447,5164,26654,10030,16624,311,86,225,0,0,0,Agosto 2017
2017,Agosto,CENTRO,8457,4333,4124,125,70,55,477,274,203,1920,1067,853,313,151,162,2838,1602,1236,414,203,211,390,150,240,1954,809,1145,26,7,19,0,0,0,Agosto 2017
2017,Agosto,ARGANZUELA,7693,3327,4366,40,22,18,241,115,126,1248,594,654,418,167,251,2848,1341,1507,517,228,289,512,187,325,1838,669,1169,31,4,27,0,0,0,Agosto 2017
2017,Agosto,RETIRO,4504,1981,2523,52,29,23,222,95,127,780,364,416,180,77,103,1367,638,729,268,141,127,309,118,191,1309,515,794,17,4,13,0,0,0,Agosto 2017
2017,Agosto,SALAMANCA,5342,2240,3102,22,10,12,119,50,69,1540,694,846,169,61,108,1326,603,723,259,116,143,311,117,194,1565,580,985,31,9,22,0,0,0,Agosto 2017
2017,Agosto,CHAMARTÍN,5141,2212,2929,25,11,14,129,60,69,986,473,513,153,49,104,1403,627,776,302,128,174,336,112,224,1795,749,1046,12,3,9,0,0,0,Agosto 2017
2017,Agosto,TETUÁN,9094,4151,4943,40,15,25,1008,479,529,1621,767,854,484,194,290,3706,1788,1918,450,190,260,357,119,238,1418,595,823,10,4,6,0,0,0,Agosto 2017
2017,Agosto,CHAMBERÍ,5295,2244,3051,46,21,25,170,86,84,759,354,405,177,57,120,1680,776,904,259,109,150,322,112,210,1857,721,1136,25,8,17,0,0,0,Agosto 2017
2017,Agosto,FUENCARRAL - EL PARDO,9890,4096,5794,48,20,28,405,173,232,1778,830,948,533,186,347,3608,1586,2022,625,243,382,591,190,401,2278,860,1418,24,8,16,0,0,0,Agosto 2017
2017,Agosto,MONCLOA - ARAVACA,4572,1997,2575,25,11,14,209,114,95,511,246,265,203,79,124,1678,779,899,257,117,140,295,97,198,1374,548,826,20,6,14,0,0,0,Agosto 2017
2017,Agosto,LATINA,14576,6557,8019,192,97,95,1461,693,768,2040,979,1061,1101,452,649,6491,3115,3376,1024,424,600,613,185,428,1635,602,1033,19,10,9,0,0,0,Agosto 2017
2017,Agosto,CARABANCHEL,16933,7439,9494,135,59,76,1259,550,709,5050,2402,2648,1027,390,637,6759,3151,3608,832,327,505,540,143,397,1316,415,901,15,2,13,0,0,0,Agosto 2017
2017,Agosto,USERA,9918,4447,5471,86,38,48,957,445,512,1825,870,955,634,236,398,5260,2427,2833,410,156,254,211,70,141,529,200,329,6,5,1,0,0,0,Agosto 2017
2017,Agosto,PUENTE DE VALLECAS,19447,8864,10583,1535,690,845,2189,1063,1126,3123,1508,1615,1219,497,722,9366,4368,4998,792,333,459,345,105,240,874,299,575,4,1,3,0,0,0,Agosto 2017
2017,Agosto,MORATALAZ,5642,2430,3212,118,61,57,276,126,150,1532,693,839,312,117,195,2217,999,1218,317,126,191,217,63,154,648,243,405,5,2,3,0,0,0,Agosto 2017
2017,Agosto,CIUDAD LINEAL,11535,4940,6595,94,39,55,270,115,155,2879,1311,1568,616,238,378,4664,2115,2549,707,283,424,539,172,367,1747,665,1082,19,2,17,0,0,0,Agosto 2017
2017,Agosto,HORTALEZA,8666,3565,5101,97,35,62,446,211,235,1434,656,778,501,160,341,3359,1512,1847,581,212,369,501,167,334,1731,610,1121,16,2,14,0,0,0,Agosto 2017
2017,Agosto,VILLAVERDE,11379,4940,6439,90,36,54,787,385,402,3165,1501,1664,676,239,437,5363,2362,3001,498,181,317,272,79,193,523,156,367,5,1,4,0,0,0,Agosto 2017
2017,Agosto,VILLA DE VALLECAS,7684,3181,4503,134,60,74,1175,573,602,1487,711,776,447,120,327,3154,1311,1843,437,157,280,268,58,210,574,188,386,8,3,5,0,0,0,Agosto 2017
2017,Agosto,VICÁLVARO,4918,2086,2832,158,72,86,385,197,188,1351,615,736,301,103,198,1892,847,1045,283,103,180,168,37,131,377,111,266,3,1,2,0,0,0,Agosto 2017
2017,Agosto,SAN BLAS-CANILLEJAS,9662,4204,5458,79,33,46,323,133,190,2177,1091,1086,616,204,412,4542,2041,2501,606,236,370,385,126,259,923,337,586,11,3,8,0,0,0,Agosto 2017
2017,Agosto,BARAJAS,2031,872,1159,30,9,21,72,27,45,265,122,143,111,51,60,894,404,490,137,60,77,129,40,89,389,158,231,4,1,3,0,0,0,Agosto 2017
2017,Septiembre,MADRID,181859,80458,101401,3081,1393,1688,12765,6018,6747,38037,18088,19949,10312,3998,6314,74557,34593,39964,9928,4127,5801,7217,2388,4829,25642,9762,15880,320,91,229,0,0,0,Septiembre 2017
2017,Septiembre,CENTRO,8257,4225,4032,112,66,46,471,268,203,1900,1044,856,335,161,174,2812,1588,1224,408,195,213,361,139,222,1830,753,1077,28,11,17,0,0,0,Septiembre 2017
2017,Septiembre,ARGANZUELA,7579,3280,4299,44,24,20,252,124,128,1248,596,652,416,168,248,2802,1318,1484,507,221,286,506,186,320,1777,640,1137,27,3,24,0,0,0,Septiembre 2017
2017,Septiembre,RETIRO,4549,2001,2548,56,31,25,223,95,128,801,370,431,180,81,99,1389,640,749,280,145,135,321,119,202,1286,516,770,13,4,9,0,0,0,Septiembre 2017
2017,Septiembre,SALAMANCA,5422,2281,3141,22,13,9,125,63,62,1595,714,881,178,63,115,1350,605,745,255,110,145,291,107,184,1573,597,976,33,9,24,0,0,0,Septiembre 2017
2017,Septiembre,CHAMARTÍN,5046,2220,2826,22,8,14,133,62,71,982,475,507,161,58,103,1439,647,792,296,130,166,304,110,194,1693,725,968,16,5,11,0,0,0,Septiembre 2017
2017,Septiembre,TETUÁN,8940,4037,4903,43,17,26,1074,492,582,1585,735,850,485,202,283,3630,1725,1905,451,190,261,319,106,213,1338,563,775,15,7,8,0,0,0,Septiembre 2017
2017,Septiembre,CHAMBERÍ,5267,2272,2995,49,21,28,174,86,88,778,369,409,182,67,115,1699,791,908,269,116,153,297,105,192,1790,710,1080,29,7,22,0,0,0,Septiembre 2017
2017,Septiembre,FUENCARRAL - EL PARDO,9774,4119,5655,43,16,27,419,181,238,1742,819,923,535,199,336,3634,1634,2000,595,235,360,574,191,383,2200,832,1368,32,12,20,0,0,0,Septiembre 2017
2017,Septiembre,MONCLOA - ARAVACA,4514,2007,2507,21,9,12,213,124,89,502,250,252,201,90,111,1720,792,928,250,116,134,288,94,194,1299,526,773,20,6,14,0,0,0,Septiembre 2017
2017,Septiembre,LATINA,14459,6509,7950,196,96,100,1493,705,788,2073,983,1090,1114,456,658,6435,3068,3367,1002,428,574,571,192,379,1556,570,986,19,11,8,0,0,0,Septiembre 2017
2017,Septiembre,CARABANCHEL,16944,7530,9414,142,62,80,1244,554,690,5190,2471,2719,1019,404,615,6763,3157,3606,828,339,489,526,148,378,1222,394,828,10,1,9,0,0,0,Septiembre 2017
2017,Septiembre,USERA,10016,4526,5490,81,38,43,951,434,517,1867,898,969,657,251,406,5295,2464,2831,423,170,253,212,70,142,523,197,326,7,4,3,0,0,0,Septiembre 2017
2017,Septiembre,PUENTE DE VALLECAS,19575,9006,10569,1456,655,801,2262,1076,1186,3169,1535,1634,1236,512,724,9506,4475,5031,799,353,446,324,107,217,820,293,527,3,0,3,0,0,0,Septiembre 2017
2017,Septiembre,MORATALAZ,5624,2402,3222,124,65,59,275,119,156,1542,689,853,314,123,191,2194,979,1215,313,125,188,207,55,152,648,245,403,7,2,5,0,0,0,Septiembre 2017
2017,Septiembre,CIUDAD LINEAL,11525,4964,6561,87,32,55,309,135,174,2876,1296,1580,635,250,385,4665,2127,2538,715,292,423,509,170,339,1710,660,1050,19,2,17,0,0,0,Septiembre 2017
2017,Septiembre,HORTALEZA,8541,3567,4974,103,33,70,445,212,233,1411,654,757,492,170,322,3326,1487,1839,587,229,358,468,167,301,1694,613,1081,15,2,13,0,0,0,Septiembre 2017
2017,Septiembre,VILLAVERDE,11578,5062,6516,84,32,52,750,359,391,3414,1614,1800,701,246,455,5357,2387,2970,503,181,322,261,82,179,504,160,344,4,1,3,0,0,0,Septiembre 2017
2017,Septiembre,VILLA DE VALLECAS,7632,3214,4418,130,60,70,1171,568,603,1529,741,788,458,126,332,3142,1336,1806,415,153,262,245,51,194,536,178,358,6,1,5,0,0,0,Septiembre 2017
2017,Septiembre,VICÁLVARO,4888,2099,2789,160,72,88,390,201,189,1357,618,739,292,97,195,1900,876,1024,282,93,189,153,34,119,351,107,244,3,1,2,0,0,0,Septiembre 2017
2017,Septiembre,SAN BLAS-CANILLEJAS,9697,4251,5446,79,34,45,316,129,187,2204,1097,1107,607,219,388,4580,2083,2497,605,240,365,361,118,243,934,330,604,11,1,10,0,0,0,Septiembre 2017
2017,Septiembre,BARAJAS,2032,886,1146,27,9,18,75,31,44,272,120,152,114,55,59,919,414,505,145,66,79,119,37,82,358,153,205,3,1,2,0,0,0,Septiembre 2017
2017,Octubre,MADRID,181715,80900,100815,3076,1390,1686,12916,6102,6814,39018,18563,20455,10695,4117,6578,74275,34710,39565,9792,4070,5722,6878,2297,4581,24754,9560,15194,311,91,220,0,0,0,Octubre 2017
2017,Octubre,CENTRO,8300,4282,4018,118,68,50,462,267,195,1953,1075,878,362,180,182,2827,1615,1212,423,192,231,379,148,231,1753,729,1024,23,8,15,0,0,0,Octubre 2017
2017,Octubre,ARGANZUELA,7508,3310,4198,47,23,24,260,127,133,1278,622,656,412,159,253,2812,1337,1475,503,222,281,487,182,305,1678,631,1047,31,7,24,0,0,0,Octubre 2017
2017,Octubre,RETIRO,4455,1956,2499,54,30,24,227,95,132,811,370,441,178,77,101,1380,643,737,276,137,139,297,108,189,1217,491,726,15,5,10,0,0,0,Octubre 2017
2017,Octubre,SALAMANCA,5371,2232,3139,22,11,11,125,64,61,1593,691,902,198,68,130,1343,613,730,260,105,155,267,89,178,1532,586,946,31,5,26,0,0,0,Octubre 2017
2017,Octubre,CHAMARTÍN,4990,2173,2817,24,9,15,134,66,68,978,465,513,169,55,114,1437,648,789,284,123,161,301,112,189,1650,691,959,13,4,9,0,0,0,Octubre 2017
2017,Octubre,TETUÁN,8874,3986,4888,48,20,28,1079,495,584,1606,738,868,491,193,298,3576,1707,1869,457,195,262,302,95,207,1297,536,761,18,7,11,0,0,0,Octubre 2017
2017,Octubre,CHAMBERÍ,5228,2245,2983,40,17,23,171,75,96,803,373,430,195,71,124,1713,803,910,261,103,158,296,108,188,1722,687,1035,27,8,19,0,0,0,Octubre 2017
2017,Octubre,FUENCARRAL - EL PARDO,9741,4124,5617,43,17,26,424,185,239,1776,828,948,545,205,340,3599,1625,1974,610,244,366,553,191,362,2163,820,1343,28,9,19,0,0,0,Octubre 2017
2017,Octubre,MONCLOA - ARAVACA,4471,1992,2479,20,7,13,215,121,94,501,240,261,204,86,118,1696,787,909,249,116,133,270,91,179,1295,536,759,21,8,13,0,0,0,Octubre 2017
2017,Octubre,LATINA,14471,6673,7798,176,78,98,1490,723,767,2145,1046,1099,1164,484,680,6474,3146,3328,991,433,558,524,173,351,1489,580,909,18,10,8,0,0,0,Octubre 2017
2017,Octubre,CARABANCHEL,16985,7590,9395,145,66,79,1253,564,689,5369,2560,2809,1079,414,665,6678,3123,3555,804,338,466,480,137,343,1167,386,781,10,2,8,0,0,0,Octubre 2017
2017,Octubre,USERA,10064,4574,5490,82,38,44,949,431,518,1954,939,1015,669,262,407,5293,2484,2809,413,163,250,191,57,134,507,198,309,6,2,4,0,0,0,Octubre 2017
2017,Octubre,PUENTE DE VALLECAS,19735,9136,10599,1447,650,797,2336,1120,1216,3273,1611,1662,1294,534,760,9498,4494,5004,782,337,445,305,103,202,793,286,507,7,1,6,0,0,0,Octubre 2017
2017,Octubre,MORATALAZ,5599,2439,3160,120,62,58,268,114,154,1592,730,862,325,126,199,2176,989,1187,310,121,189,197,56,141,604,239,365,7,2,5,0,0,0,Octubre 2017
2017,Octubre,CIUDAD LINEAL,11656,5035,6621,93,38,55,324,141,183,2987,1351,1636,651,246,405,4684,2141,2543,700,291,409,498,166,332,1703,658,1045,16,3,13,0,0,0,Octubre 2017
2017,Octubre,HORTALEZA,8492,3576,4916,108,40,68,445,211,234,1415,654,761,497,173,324,3319,1486,1833,569,226,343,466,167,299,1659,617,1042,14,2,12,0,0,0,Octubre 2017
2017,Octubre,VILLAVERDE,11661,5119,6542,82,33,49,776,364,412,3580,1707,1873,728,254,474,5289,2360,2929,478,177,301,247,70,177,475,152,323,6,2,4,0,0,0,Octubre 2017
2017,Octubre,VILLA DE VALLECAS,7603,3215,4388,134,61,73,1188,569,619,1538,749,789,479,145,334,3129,1325,1804,408,149,259,226,50,176,493,163,330,8,4,4,0,0,0,Octubre 2017
2017,Octubre,VICÁLVARO,4904,2141,2763,157,76,81,386,203,183,1431,650,781,312,108,204,1872,864,1008,285,104,181,134,35,99,326,101,225,1,0,1,0,0,0,Octubre 2017
2017,Octubre,SAN BLAS-CANILLEJAS,9613,4227,5386,86,36,50,332,138,194,2154,1041,1113,630,221,409,4573,2113,2460,591,232,359,347,120,227,892,325,567,8,1,7,0,0,0,Octubre 2017
2017,Octubre,BARAJAS,1994,875,1119,30,10,20,72,29,43,281,123,158,113,56,57,907,407,500,138,62,76,111,39,72,339,148,191,3,1,2,0,0,0,Octubre 2017
2017,Noviembre,MADRID,178399,79515,98884,3014,1366,1648,12767,6006,6761,39110,18578,20532,10340,4003,6337,72715,33967,38748,9456,3915,5541,6650,2255,4395,24043,9340,14703,304,85,219,0,0,0,Noviembre 2017
2017,Noviembre,CENTRO,8095,4156,3939,119,65,54,458,254,204,1894,1042,852,344,175,169,2792,1592,1200,400,182,218,367,143,224,1693,693,1000,28,10,18,0,0,0,Noviembre 2017
2017,Noviembre,ARGANZUELA,7380,3276,4104,49,26,23,244,123,121,1247,618,629,417,167,250,2777,1318,1459,498,218,280,464,171,293,1659,630,1029,25,5,20,0,0,0,Noviembre 2017
2017,Noviembre,RETIRO,4406,1950,2456,53,30,23,217,89,128,803,366,437,173,71,102,1362,652,710,280,138,142,289,115,174,1213,483,730,16,6,10,0,0,0,Noviembre 2017
2017,Noviembre,SALAMANCA,5312,2233,3079,19,11,8,126,59,67,1604,710,894,191,65,126,1334,602,732,255,107,148,268,90,178,1493,584,909,22,5,17,0,0,0,Noviembre 2017
2017,Noviembre,CHAMARTÍN,4948,2139,2809,31,12,19,136,68,68,990,448,542,178,63,115,1410,633,777,273,119,154,295,109,186,1621,682,939,14,5,9,0,0,0,Noviembre 2017
2017,Noviembre,TETUÁN,8828,3978,4850,45,20,25,1074,501,573,1649,762,887,478,198,280,3533,1684,1849,443,187,256,299,97,202,1289,523,766,18,6,12,0,0,0,Noviembre 2017
2017,Noviembre,CHAMBERÍ,5167,2228,2939,35,16,19,168,74,94,825,393,432,189,66,123,1734,798,936,239,95,144,295,115,180,1661,666,995,21,5,16,0,0,0,Noviembre 2017
2017,Noviembre,FUENCARRAL - EL PARDO,9549,4055,5494,33,12,21,413,180,233,1752,809,943,542,214,328,3546,1591,1955,574,232,342,546,186,360,2114,824,1290,29,7,22,0,0,0,Noviembre 2017
2017,Noviembre,MONCLOA - ARAVACA,4371,1966,2405,18,7,11,212,116,96,494,240,254,192,78,114,1688,787,901,252,116,136,249,96,153,1245,520,725,21,6,15,0,0,0,Noviembre 2017
2017,Noviembre,LATINA,14217,6571,7646,180,75,105,1457,701,756,2168,1056,1112,1116,473,643,6415,3128,3287,963,406,557,492,164,328,1412,559,853,14,9,5,0,0,0,Noviembre 2017
2017,Noviembre,CARABANCHEL,16817,7513,9304,142,70,72,1226,545,681,5494,2608,2886,1032,400,632,6518,3026,3492,794,336,458,461,144,317,1139,383,756,11,1,10,0,0,0,Noviembre 2017
2017,Noviembre,USERA,9920,4499,5421,72,32,40,946,427,519,1986,945,1041,667,261,406,5178,2428,2750,397,155,242,190,59,131,475,188,287,9,4,5,0,0,0,Noviembre 2017
2017,Noviembre,PUENTE DE VALLECAS,19380,8978,10402,1411,635,776,2328,1115,1213,3297,1602,1695,1227,502,725,9307,4425,4882,749,312,437,283,98,185,769,287,482,9,2,7,0,0,0,Noviembre 2017
2017,Noviembre,MORATALAZ,5500,2386,3114,124,64,60,270,119,151,1594,708,886,320,133,187,2091,963,1128,302,108,194,192,53,139,603,237,366,4,1,3,0,0,0,Noviembre 2017
2017,Noviembre,CIUDAD LINEAL,11376,4922,6454,90,38,52,318,142,176,2966,1342,1624,634,247,387,4534,2075,2459,684,283,401,484,155,329,1650,637,1013,16,3,13,0,0,0,Noviembre 2017
2017,Noviembre,HORTALEZA,8288,3498,4790,110,40,70,453,221,232,1371,627,744,496,165,331,3253,1470,1783,553,228,325,448,165,283,1587,579,1008,17,3,14,0,0,0,Noviembre 2017
2017,Noviembre,VILLAVERDE,11340,4965,6375,81,33,48,757,347,410,3569,1690,1879,693,239,454,5103,2265,2838,458,172,286,232,69,163,440,148,292,7,2,5,0,0,0,Noviembre 2017
2017,Noviembre,VILLA DE VALLECAS,7396,3120,4276,131,59,72,1184,565,619,1540,765,775,446,127,319,3011,1262,1749,381,140,241,219,42,177,476,157,319,8,3,5,0,0,0,Noviembre 2017
2017,Noviembre,VICÁLVARO,4727,2054,2673,157,77,80,379,192,187,1406,653,753,290,96,194,1794,827,967,258,83,175,128,33,95,313,93,220,2,0,2,0,0,0,Noviembre 2017
2017,Noviembre,SAN BLAS-CANILLEJAS,9445,4188,5257,84,32,52,327,139,188,2183,1071,1112,612,215,397,4458,2054,2404,569,236,333,339,117,222,864,323,541,9,1,8,0,0,0,Noviembre 2017
2017,Noviembre,BARAJAS,1937,840,1097,30,12,18,74,29,45,278,123,155,103,48,55,877,387,490,134,62,72,110,34,76,327,144,183,4,1,3,0,0,0,Noviembre 2017
2017,Diciembre,MADRID,174212,78544,95668,2920,1362,1558,12390,5904,6486,38267,18517,19750,9955,3903,6052,70585,33247,37338,9228,3866,5362,6573,2277,4296,24000,9388,14612,294,80,214,0,0,0,Diciembre 2017
2017,Diciembre,CENTRO,7989,4121,3868,118,66,52,445,253,192,1872,1025,847,322,160,162,2739,1566,1173,393,180,213,358,141,217,1718,721,997,24,9,15,0,0,0,Diciembre 2017
2017,Diciembre,ARGANZUELA,7227,3208,4019,46,27,19,237,116,121,1209,602,607,408,164,244,2700,1290,1410,471,209,262,456,164,292,1676,629,1047,24,7,17,0,0,0,Diciembre 2017
2017,Diciembre,RETIRO,4275,1904,2371,46,24,22,211,89,122,773,357,416,169,70,99,1315,616,699,257,131,126,290,120,170,1195,492,703,19,5,14,0,0,0,Diciembre 2017
2017,Diciembre,SALAMANCA,5137,2195,2942,21,11,10,124,59,65,1527,703,824,184,66,118,1286,581,705,251,110,141,270,96,174,1447,563,884,27,6,21,0,0,0,Diciembre 2017
2017,Diciembre,CHAMARTÍN,4874,2122,2752,34,13,21,138,69,69,949,435,514,159,54,105,1370,618,752,278,125,153,298,111,187,1631,692,939,17,5,12,0,0,0,Diciembre 2017
2017,Diciembre,TETUÁN,8571,3906,4665,44,21,23,1000,468,532,1639,765,874,458,183,275,3427,1648,1779,442,195,247,279,94,185,1268,528,740,14,4,10,0,0,0,Diciembre 2017
2017,Diciembre,CHAMBERÍ,5098,2196,2902,32,12,20,153,65,88,811,392,419,182,68,114,1685,774,911,252,112,140,299,117,182,1663,651,1012,21,5,16,0,0,0,Diciembre 2017
2017,Diciembre,FUENCARRAL - EL PARDO,9386,4021,5365,41,17,24,417,185,232,1687,807,880,528,206,322,3489,1562,1927,567,234,333,543,200,343,2084,801,1283,30,9,21,0,0,0,Diciembre 2017
2017,Diciembre,MONCLOA - ARAVACA,4287,1929,2358,13,4,9,205,110,95,478,233,245,194,82,112,1637,773,864,244,112,132,244,89,155,1251,520,731,21,6,15,0,0,0,Diciembre 2017
2017,Diciembre,LATINA,13895,6482,7413,172,77,95,1400,681,719,2124,1034,1090,1041,442,599,6266,3089,3177,972,411,561,483,162,321,1421,576,845,16,10,6,0,0,0,Diciembre 2017
2017,Diciembre,CARABANCHEL,16506,7509,8997,140,63,77,1200,557,643,5491,2676,2815,1017,405,612,6268,2948,3320,788,332,456,469,146,323,1122,381,741,11,1,10,0,0,0,Diciembre 2017
2017,Diciembre,USERA,9624,4430,5194,70,33,37,923,415,508,1970,964,1006,647,259,388,4978,2365,2613,367,137,230,174,57,117,491,198,293,4,2,2,0,0,0,Diciembre 2017
2017,Diciembre,PUENTE DE VALLECAS,18699,8784,9915,1360,639,721,2259,1089,1170,3203,1577,1626,1142,483,659,9008,4323,4685,708,302,406,275,100,175,734,271,463,10,0,10,0,0,0,Diciembre 2017
2017,Diciembre,MORATALAZ,5343,2346,2997,121,58,63,259,116,143,1513,680,833,328,139,189,2036,937,1099,294,116,178,182,56,126,606,242,364,4,2,2,0,0,0,Diciembre 2017
2017,Diciembre,CIUDAD LINEAL,11154,4874,6280,83,38,45,287,129,158,2951,1348,1603,610,239,371,4414,2039,2375,654,273,381,489,164,325,1652,641,1011,14,3,11,0,0,0,Diciembre 2017
2017,Diciembre,HORTALEZA,8241,3543,4698,100,41,59,458,226,232,1364,638,726,496,177,319,3204,1475,1729,545,222,323,458,165,293,1604,597,1007,12,2,10,0,0,0,Diciembre 2017
2017,Diciembre,VILLAVERDE,10989,4870,6119,80,31,49,744,352,392,3435,1654,1781,669,236,433,4935,2213,2722,450,171,279,227,62,165,442,150,292,7,1,6,0,0,0,Diciembre 2017
2017,Diciembre,VILLA DE VALLECAS,7246,3139,4107,139,65,74,1162,563,599,1514,781,733,411,122,289,2950,1257,1693,370,137,233,211,46,165,484,167,317,5,1,4,0,0,0,Diciembre 2017
2017,Diciembre,VICÁLVARO,4573,1995,2578,151,74,77,371,189,182,1366,644,722,283,93,190,1714,793,921,245,75,170,126,35,91,315,92,223,2,0,2,0,0,0,Diciembre 2017
2017,Diciembre,SAN BLAS-CANILLEJAS,9169,4109,5060,80,35,45,332,148,184,2115,1067,1048,605,208,397,4282,1983,2299,548,221,327,331,118,213,867,328,539,9,1,8,0,0,0,Diciembre 2017
2017,Diciembre,BARAJAS,1929,861,1068,29,13,16,65,25,40,276,135,141,102,47,55,882,397,485,132,61,71,111,34,77,329,148,181,3,1,2,0,0,0,Diciembre 2017
,,,,,,,,,,,,,,,,,,,,,,,,,,,,,,,,,,,,
,,,,,,,,,,,,,,,,,,,,,,,,,,,,,,,,,,,,
Fuente: Servicio Público de Empleo Estatal Elaboración: Subdirección General de Estadística Ayuntamiento de Madrid,,,,,,,,,,,,,,,,,,,,,,,,,,,,,,,,,,,,
2018,Enero,MADRID,179757,81320,98437,2962,1378,1584,12692,6059,6633,39759,19245,20514,10438,4123,6315,72625,34420,38205,9696,4115,5581,6737,2337,4400,24546,9562,14984,302,81,221,0,0,0,Enero 2018
2018,Enero,CENTRO,8210,4255,3955,121,73,48,461,259,202,1944,1078,866,348,184,164,2788,1593,1195,403,186,217,372,145,227,1750,728,1022,23,9,14,0,0,0,Enero 2018
2018,Enero,ARGANZUELA,7446,3318,4128,44,24,20,251,132,119,1268,632,636,415,167,248,2773,1324,1449,495,223,272,462,170,292,1710,638,1072,28,8,20,0,0,0,Enero 2018
2018,Enero,RETIRO,4452,1982,2470,43,22,21,218,92,126,822,384,438,187,80,107,1344,634,710,278,141,137,308,124,184,1232,499,733,20,6,14,0,0,0,Enero 2018
2018,Enero,SALAMANCA,5260,2238,3022,21,13,8,123,59,64,1537,700,837,180,56,124,1342,606,736,271,127,144,275,96,179,1482,574,908,29,7,22,0,0,0,Enero 2018
2018,Enero,CHAMARTÍN,4934,2162,2772,29,12,17,149,75,74,997,451,546,157,56,101,1374,637,737,272,126,146,304,109,195,1632,689,943,20,7,13,0,0,0,Enero 2018
2018,Enero,TETUÁN,8834,4020,4814,39,17,22,990,459,531,1786,832,954,502,203,299,3448,1658,1790,448,198,250,298,102,196,1308,545,763,15,6,9,0,0,0,Enero 2018
2018,Enero,CHAMBERÍ,5251,2304,2947,32,14,18,163,73,90,825,411,414,193,72,121,1718,806,912,274,127,147,312,121,191,1713,675,1038,21,5,16,0,0,0,Enero 2018
2018,Enero,FUENCARRAL - EL PARDO,9644,4140,5504,40,15,25,429,185,244,1736,825,911,546,208,338,3597,1617,1980,591,242,349,540,196,344,2135,844,1291,30,8,22,0,0,0,Enero 2018
2018,Enero,MONCLOA - ARAVACA,4351,1948,2403,11,5,6,206,105,101,492,231,261,190,81,109,1650,777,873,239,106,133,246,96,150,1299,543,756,18,4,14,0,0,0,Enero 2018
2018,Enero,LATINA,14307,6600,7707,177,77,100,1472,712,760,2185,1067,1118,1095,466,629,6379,3096,3283,1007,432,575,511,177,334,1468,567,901,13,6,7,0,0,0,Enero 2018
2018,Enero,CARABANCHEL,17177,7808,9369,140,65,75,1225,566,659,5727,2774,2953,1063,417,646,6542,3085,3457,832,356,476,466,144,322,1169,400,769,13,1,12,0,0,0,Enero 2018
2018,Enero,USERA,9886,4578,5308,74,36,38,937,429,508,1972,966,1006,663,264,399,5150,2465,2685,407,159,248,184,61,123,492,195,297,7,3,4,0,0,0,Enero 2018
2018,Enero,PUENTE DE VALLECAS,19398,9164,10234,1372,654,718,2320,1107,1213,3314,1653,1661,1233,522,711,9343,4525,4818,742,320,422,285,98,187,780,284,496,9,1,8,0,0,0,Enero 2018
2018,Enero,MORATALAZ,5436,2424,3012,113,57,56,263,117,146,1565,711,854,328,137,191,2087,989,1098,310,124,186,190,62,128,576,225,351,4,2,2,0,0,0,Enero 2018
2018,Enero,CIUDAD LINEAL,11557,5116,6441,104,42,62,283,140,143,3071,1418,1653,650,260,390,4593,2135,2458,684,297,387,503,167,336,1655,654,1001,14,3,11,0,0,0,Enero 2018
2018,Enero,HORTALEZA,8379,3630,4749,117,43,74,483,243,240,1361,629,732,496,180,316,3240,1522,1718,587,246,341,470,170,300,1611,595,1016,14,2,12,0,0,0,Enero 2018
2018,Enero,VILLAVERDE,11450,5129,6321,91,31,60,767,365,402,3652,1769,1883,702,249,453,5073,2317,2756,474,179,295,222,63,159,462,155,307,7,1,6,0,0,0,Enero 2018
2018,Enero,VILLA DE VALLECAS,7493,3232,4261,130,56,74,1186,579,607,1588,801,787,443,141,302,3065,1301,1764,378,134,244,206,48,158,491,171,320,6,1,5,0,0,0,Enero 2018
2018,Enero,VICÁLVARO,4775,2113,2662,156,78,78,374,193,181,1418,680,738,309,106,203,1779,842,937,264,85,179,135,36,99,338,93,245,2,0,2,0,0,0,Enero 2018
2018,Enero,SAN BLAS-CANILLEJAS,9543,4256,5287,82,34,48,327,143,184,2214,1096,1118,626,226,400,4442,2075,2367,600,242,358,339,116,223,906,323,583,7,1,6,0,0,0,Enero 2018
2018,Enero,BARAJAS,1974,903,1071,26,10,16,65,26,39,285,137,148,112,48,64,898,416,482,140,65,75,109,36,73,337,165,172,2,0,2,0,0,0,Enero 2018
2018,Febrero,MADRID,181056,81837,99219,3003,1368,1635,12855,6139,6716,40474,19542,20932,10650,4212,6438,73093,34599,38494,9691,4111,5580,6638,2303,4335,24385,9483,14902,267,80,187,0,0,0,Febrero 2018
2018,Febrero,CENTRO,8241,4277,3964,114,67,47,441,248,193,2028,1140,888,347,174,173,2779,1582,1197,401,192,209,361,140,221,1752,728,1024,18,6,12,0,0,0,Febrero 2018
2018,Febrero,ARGANZUELA,7416,3304,4112,36,21,15,246,122,124,1287,628,659,421,172,249,2747,1310,1437,493,227,266,456,172,284,1710,646,1064,20,6,14,0,0,0,Febrero 2018
2018,Febrero,RETIRO,4487,1992,2495,40,19,21,212,91,121,840,389,451,185,84,101,1401,660,741,270,129,141,300,127,173,1218,489,729,21,4,17,0,0,0,Febrero 2018
2018,Febrero,SALAMANCA,5310,2273,3037,21,10,11,125,56,69,1570,722,848,177,58,119,1351,624,727,273,122,151,271,91,180,1496,582,914,26,8,18,0,0,0,Febrero 2018
2018,Febrero,CHAMARTÍN,4964,2198,2766,45,19,26,151,82,69,1011,467,544,162,61,101,1376,624,752,282,124,158,315,122,193,1608,692,916,14,7,7,0,0,0,Febrero 2018
2018,Febrero,TETUÁN,8827,4017,4810,37,15,22,987,457,530,1778,834,944,514,211,303,3446,1671,1775,448,196,252,288,94,194,1317,534,783,12,5,7,0,0,0,Febrero 2018
2018,Febrero,CHAMBERÍ,5241,2314,2927,36,16,20,167,73,94,818,413,405,200,76,124,1728,817,911,279,128,151,312,121,191,1684,664,1020,17,6,11,0,0,0,Febrero 2018
2018,Febrero,FUENCARRAL - EL PARDO,9803,4224,5579,52,22,30,429,186,243,1772,859,913,571,223,348,3646,1636,2010,610,244,366,549,204,345,2150,842,1308,24,8,16,0,0,0,Febrero 2018
2018,Febrero,MONCLOA - ARAVACA,4408,1955,2453,9,3,6,207,112,95,523,244,279,206,87,119,1643,763,880,252,110,142,250,98,152,1301,533,768,17,5,12,0,0,0,Febrero 2018
2018,Febrero,LATINA,14415,6625,7790,177,77,100,1519,739,780,2171,1048,1123,1107,481,626,6442,3112,3330,1011,439,572,511,169,342,1462,553,909,15,7,8,0,0,0,Febrero 2018
2018,Febrero,CARABANCHEL,17253,7819,9434,142,64,78,1261,574,687,5787,2785,3002,1095,424,671,6545,3089,3456,835,354,481,459,139,320,1119,389,730,10,1,9,0,0,0,Febrero 2018
2018,Febrero,USERA,9995,4605,5390,78,38,40,924,422,502,2056,978,1078,673,276,397,5189,2472,2717,407,157,250,181,64,117,480,194,286,7,4,3,0,0,0,Febrero 2018
2018,Febrero,PUENTE DE VALLECAS,19585,9213,10372,1367,635,732,2407,1161,1246,3364,1674,1690,1240,525,715,9434,4534,4900,730,308,422,274,96,178,760,278,482,9,2,7,0,0,0,Febrero 2018
2018,Febrero,MORATALAZ,5557,2488,3069,116,57,59,269,121,148,1623,732,891,340,137,203,2095,998,1097,338,146,192,194,65,129,578,230,348,4,2,2,0,0,0,Febrero 2018
2018,Febrero,CIUDAD LINEAL,11573,5129,6444,98,42,56,279,139,140,3117,1430,1687,660,262,398,4641,2159,2482,662,298,364,482,152,330,1617,643,974,17,4,13,0,0,0,Febrero 2018
2018,Febrero,HORTALEZA,8422,3643,4779,138,52,86,479,233,246,1375,650,725,517,189,328,3282,1528,1754,569,231,338,439,160,279,1611,599,1012,12,1,11,0,0,0,Febrero 2018
2018,Febrero,VILLAVERDE,11519,5190,6329,88,29,59,781,377,404,3723,1803,1920,706,247,459,5089,2352,2737,452,171,281,212,59,153,463,151,312,5,1,4,0,0,0,Febrero 2018
2018,Febrero,VILLA DE VALLECAS,7587,3252,4335,140,61,79,1194,577,617,1593,779,814,467,145,322,3131,1336,1795,357,134,223,209,49,160,488,169,319,8,2,6,0,0,0,Febrero 2018
2018,Febrero,VICÁLVARO,4849,2163,2686,150,72,78,378,200,178,1480,721,759,315,102,213,1782,844,938,279,95,184,133,37,96,330,92,238,2,0,2,0,0,0,Febrero 2018
2018,Febrero,SAN BLAS-CANILLEJAS,9612,4268,5344,93,41,52,325,141,184,2274,1116,1158,644,233,411,4443,2074,2369,600,237,363,332,109,223,894,316,578,7,1,6,0,0,0,Febrero 2018
2018,Febrero,BARAJAS,1992,888,1104,26,8,18,74,28,46,284,130,154,103,45,58,903,414,489,143,69,74,110,35,75,347,159,188,2,0,2,0,0,0,Febrero 2018
2018,Marzo,MADRID,179406,80906,98500,3038,1395,1643,12851,6126,6725,40979,19662,21317,10358,4070,6288,72235,34118,38117,9416,3986,5430,6372,2204,4168,23892,9264,14628,265,81,184,0,0,0,Marzo 2018
2018,Marzo,CENTRO,8176,4254,3922,128,73,55,416,246,170,2100,1171,929,340,174,166,2734,1526,1208,385,187,198,347,139,208,1711,731,980,15,7,8,0,0,0,Marzo 2018
2018,Marzo,ARGANZUELA,7237,3236,4001,38,22,16,238,121,117,1239,606,633,404,164,240,2711,1299,1412,484,212,272,429,163,266,1672,641,1031,22,8,14,0,0,0,Marzo 2018
2018,Marzo,RETIRO,4444,1951,2493,41,19,22,210,94,116,868,407,461,174,71,103,1347,625,722,274,129,145,304,124,180,1207,477,730,19,5,14,0,0,0,Marzo 2018
2018,Marzo,SALAMANCA,5184,2164,3020,29,14,15,135,58,77,1537,682,855,169,51,118,1333,609,724,266,114,152,265,92,173,1426,539,887,24,5,19,0,0,0,Marzo 2018
2018,Marzo,CHAMARTÍN,4887,2155,2732,44,19,25,146,74,72,986,475,511,175,65,110,1386,630,756,258,120,138,300,107,193,1578,657,921,14,8,6,0,0,0,Marzo 2018
2018,Marzo,TETUÁN,8798,4026,4772,45,19,26,961,446,515,1898,888,1010,479,204,275,3416,1664,1752,412,178,234,274,92,182,1301,529,772,12,6,6,0,0,0,Marzo 2018
2018,Marzo,CHAMBERÍ,5165,2272,2893,36,17,19,167,73,94,798,411,387,197,64,133,1684,796,888,259,123,136,300,121,179,1704,661,1043,20,6,14,0,0,0,Marzo 2018
2018,Marzo,FUENCARRAL - EL PARDO,9569,4109,5460,55,25,30,421,185,236,1792,870,922,540,204,336,3568,1585,1983,585,237,348,519,190,329,2060,805,1255,29,8,21,0,0,0,Marzo 2018
2018,Marzo,MONCLOA - ARAVACA,4343,1965,2378,10,4,6,202,114,88,518,244,274,196,84,112,1658,783,875,253,123,130,249,96,153,1246,515,731,11,2,9,0,0,0,Marzo 2018
2018,Marzo,LATINA,14342,6557,7785,172,69,103,1552,732,820,2191,1034,1157,1106,472,634,6409,3118,3291,1012,434,578,465,151,314,1419,540,879,16,7,9,0,0,0,Marzo 2018
2018,Marzo,CARABANCHEL,17340,7880,9460,143,62,81,1279,582,697,5960,2850,3110,1067,418,649,6485,3094,3391,817,343,474,446,137,309,1133,393,740,10,1,9,0,0,0,Marzo 2018
2018,Marzo,USERA,10005,4593,5412,84,40,44,963,441,522,2123,1006,1117,664,271,393,5129,2438,2691,392,150,242,165,59,106,480,185,295,5,3,2,0,0,0,Marzo 2018
2018,Marzo,PUENTE DE VALLECAS,19475,9130,10345,1359,632,727,2389,1160,1229,3429,1699,1730,1207,515,692,9343,4450,4893,729,313,416,275,94,181,732,262,470,12,5,7,0,0,0,Marzo 2018
2018,Marzo,MORATALAZ,5529,2475,3054,103,53,50,287,127,160,1633,746,887,331,141,190,2077,973,1104,327,141,186,188,60,128,578,231,347,5,3,2,0,0,0,Marzo 2018
2018,Marzo,CIUDAD LINEAL,11419,5008,6411,107,45,62,298,142,156,3132,1432,1700,629,247,382,4527,2091,2436,636,282,354,464,149,315,1611,618,993,15,2,13,0,0,0,Marzo 2018
2018,Marzo,HORTALEZA,8297,3591,4706,148,61,87,466,222,244,1374,639,735,477,168,309,3255,1541,1714,548,214,334,440,155,285,1576,590,986,13,1,12,0,0,0,Marzo 2018
2018,Marzo,VILLAVERDE,11480,5168,6312,92,34,58,769,365,404,3761,1808,1953,697,247,450,5056,2327,2729,449,178,271,196,55,141,456,153,303,4,1,3,0,0,0,Marzo 2018
2018,Marzo,VILLA DE VALLECAS,7576,3253,4323,142,64,78,1194,582,612,1583,767,816,473,152,321,3121,1331,1790,353,134,219,205,52,153,498,170,328,7,1,6,0,0,0,Marzo 2018
2018,Marzo,VICÁLVARO,4764,2126,2638,149,72,77,367,191,176,1478,711,767,297,100,197,1768,819,949,258,91,167,120,31,89,326,111,215,1,0,1,0,0,0,Marzo 2018
2018,Marzo,SAN BLAS-CANILLEJAS,9411,4136,5275,90,43,47,307,139,168,2297,1093,1204,627,217,410,4333,2010,2323,577,218,359,316,104,212,855,310,545,9,2,7,0,0,0,Marzo 2018
2018,Marzo,BARAJAS,1965,857,1108,23,8,15,84,32,52,282,123,159,109,41,68,895,409,486,142,65,77,105,33,72,323,146,177,2,0,2,0,0,0,Marzo 2018
2018,Abril,MADRID,175464,78484,96980,2999,1353,1646,12627,5941,6686,40716,19390,21326,10076,3880,6196,70204,32833,37371,9118,3831,5287,6239,2183,4056,23216,8992,14224,269,81,188,0,0,0,Abril 2018
2018,Abril,CENTRO,7932,4144,3788,116,66,50,401,229,172,2090,1183,907,317,158,159,2588,1457,1131,375,181,194,332,143,189,1692,718,974,21,9,12,0,0,0,Abril 2018
2018,Abril,ARGANZUELA,7047,3100,3947,35,22,13,223,114,109,1217,587,630,383,149,234,2661,1248,1413,477,213,264,422,158,264,1611,603,1008,18,6,12,0,0,0,Abril 2018
2018,Abril,RETIRO,4324,1892,2432,38,18,20,185,73,112,883,413,470,167,71,96,1299,595,704,264,127,137,288,116,172,1180,474,706,20,5,15,0,0,0,Abril 2018
2018,Abril,SALAMANCA,5016,2096,2920,24,12,12,140,63,77,1523,680,843,167,57,110,1269,576,693,246,111,135,256,82,174,1366,509,857,25,6,19,0,0,0,Abril 2018
2018,Abril,CHAMARTÍN,4776,2080,2696,51,18,33,150,75,75,947,435,512,169,68,101,1353,615,738,255,112,143,294,110,184,1544,641,903,13,6,7,0,0,0,Abril 2018
2018,Abril,TETUÁN,8611,3905,4706,41,16,25,906,411,495,1976,930,1046,449,182,267,3307,1580,1727,399,172,227,280,97,183,1241,510,731,12,7,5,0,0,0,Abril 2018
2018,Abril,CHAMBERÍ,5004,2188,2816,32,15,17,168,80,88,798,406,392,184,50,134,1642,777,865,242,114,128,276,110,166,1638,628,1010,24,8,16,0,0,0,Abril 2018
2018,Abril,FUENCARRAL - EL PARDO,9355,3998,5357,53,22,31,409,183,226,1762,831,931,518,200,318,3503,1557,1946,568,232,336,507,179,328,2014,787,1227,21,7,14,0,0,0,Abril 2018
2018,Abril,MONCLOA - ARAVACA,4303,1936,2367,15,7,8,200,111,89,542,250,292,195,78,117,1615,765,850,253,115,138,242,94,148,1230,514,716,11,2,9,0,0,0,Abril 2018
2018,Abril,LATINA,13982,6315,7667,175,72,103,1554,721,833,2144,1025,1119,1084,439,645,6225,2987,3238,952,392,560,462,162,300,1368,510,858,18,7,11,0,0,0,Abril 2018
2018,Abril,CARABANCHEL,16982,7675,9307,148,62,86,1240,567,673,6004,2833,3171,1049,412,637,6206,2942,3264,795,326,469,439,142,297,1090,391,699,11,0,11,0,0,0,Abril 2018
2018,Abril,USERA,9838,4437,5401,90,46,44,945,421,524,2131,971,1160,640,258,382,5002,2344,2658,390,153,237,163,57,106,474,185,289,3,2,1,0,0,0,Abril 2018
2018,Abril,PUENTE DE VALLECAS,18951,8790,10161,1288,586,702,2362,1141,1221,3348,1639,1709,1182,483,699,9117,4296,4821,679,306,373,258,88,170,707,247,460,10,4,6,0,0,0,Abril 2018
2018,Abril,MORATALAZ,5412,2385,3027,102,50,52,263,115,148,1623,749,874,322,128,194,2032,933,1099,304,123,181,185,57,128,577,228,349,4,2,2,0,0,0,Abril 2018
2018,Abril,CIUDAD LINEAL,11122,4840,6282,114,52,62,325,151,174,3018,1374,1644,618,227,391,4395,2005,2390,615,271,344,464,153,311,1558,604,954,15,3,12,0,0,0,Abril 2018
2018,Abril,HORTALEZA,8113,3499,4614,149,64,85,456,208,248,1354,633,721,475,172,303,3146,1465,1681,542,217,325,433,158,275,1540,578,962,18,4,14,0,0,0,Abril 2018
2018,Abril,VILLAVERDE,11303,5027,6276,95,31,64,755,357,398,3709,1755,1954,680,246,434,4947,2257,2690,458,173,285,194,55,139,459,152,307,6,1,5,0,0,0,Abril 2018
2018,Abril,VILLA DE VALLECAS,7383,3143,4240,151,70,81,1176,562,614,1528,733,795,459,141,318,3062,1297,1765,351,137,214,191,47,144,460,156,304,5,0,5,0,0,0,Abril 2018
2018,Abril,VICÁLVARO,4750,2108,2642,148,67,81,377,195,182,1509,731,778,290,104,186,1719,785,934,261,87,174,125,34,91,319,105,214,2,0,2,0,0,0,Abril 2018
2018,Abril,SAN BLAS-CANILLEJAS,9317,4092,5225,103,45,58,311,132,179,2332,1104,1228,628,221,407,4245,1966,2279,557,207,350,316,105,211,816,310,506,9,2,7,0,0,0,Abril 2018
2018,Abril,BARAJAS,1943,834,1109,31,12,19,81,32,49,278,128,150,100,36,64,871,386,485,135,62,73,112,36,76,332,142,190,3,0,3,0,0,0,Abril 2018
2018,Mayo,MADRID,170620,75685,94935,2824,1266,1558,12255,5713,6542,39732,18770,20962,9782,3685,6097,68152,31643,36509,8769,3638,5131,6076,2112,3964,22646,8736,13910,384,122,262,0,0,0,Mayo 2018
2018,Mayo,CENTRO,7715,4010,3705,111,66,45,392,225,167,2024,1139,885,324,161,163,2488,1391,1097,366,173,193,338,144,194,1637,694,943,35,17,18,0,0,0,Mayo 2018
2018,Mayo,ARGANZUELA,6917,3004,3913,35,23,12,204,103,101,1207,574,633,357,135,222,2596,1207,1389,467,212,255,420,150,270,1595,590,1005,36,10,26,0,0,0,Mayo 2018
2018,Mayo,RETIRO,4251,1864,2387,31,15,16,169,67,102,905,438,467,166,75,91,1257,576,681,248,119,129,281,116,165,1171,451,720,23,7,16,0,0,0,Mayo 2018
2018,Mayo,SALAMANCA,4904,2035,2869,21,10,11,132,58,74,1479,652,827,168,50,118,1260,578,682,242,108,134,242,76,166,1331,495,836,29,8,21,0,0,0,Mayo 2018
2018,Mayo,CHAMARTÍN,4705,2059,2646,48,17,31,136,66,70,921,425,496,176,69,107,1336,624,712,252,112,140,287,106,181,1525,631,894,24,9,15,0,0,0,Mayo 2018
2018,Mayo,TETUÁN,8258,3719,4539,38,13,25,853,373,480,1921,896,1025,455,182,273,3141,1498,1643,374,160,214,267,90,177,1187,498,689,22,9,13,0,0,0,Mayo 2018
2018,Mayo,CHAMBERÍ,4916,2123,2793,27,12,15,165,75,90,736,368,368,187,58,129,1606,762,844,226,102,124,276,109,167,1646,623,1023,47,14,33,0,0,0,Mayo 2018
2018,Mayo,FUENCARRAL - EL PARDO,9123,3884,5239,54,20,34,393,171,222,1724,806,918,487,182,305,3410,1498,1912,554,222,332,485,179,306,1992,798,1194,24,8,16,0,0,0,Mayo 2018
2018,Mayo,MONCLOA - ARAVACA,4177,1889,2288,14,6,8,197,106,91,532,254,278,176,67,109,1540,730,810,238,107,131,246,96,150,1215,517,698,19,6,13,0,0,0,Mayo 2018
2018,Mayo,LATINA,13412,5973,7439,164,67,97,1508,686,822,2089,984,1105,1037,418,619,5931,2806,3125,898,368,530,447,155,292,1319,480,839,19,9,10,0,0,0,Mayo 2018
2018,Mayo,CARABANCHEL,16419,7305,9114,142,61,81,1211,567,644,5855,2689,3166,997,392,605,5951,2770,3181,770,315,455,439,139,300,1041,370,671,13,2,11,0,0,0,Mayo 2018
2018,Mayo,USERA,9552,4269,5283,82,42,40,908,399,509,2060,942,1118,625,238,387,4889,2264,2625,373,147,226,152,53,99,457,180,277,6,4,2,0,0,0,Mayo 2018
2018,Mayo,PUENTE DE VALLECAS,18513,8472,10041,1196,540,656,2297,1083,1214,3296,1589,1707,1158,447,711,8956,4200,4756,671,293,378,251,85,166,678,233,445,10,2,8,0,0,0,Mayo 2018
2018,Mayo,MORATALAZ,5356,2366,2990,105,49,56,259,113,146,1606,745,861,312,117,195,2023,937,1086,289,114,175,181,61,120,575,227,348,6,3,3,0,0,0,Mayo 2018
2018,Mayo,CIUDAD LINEAL,10671,4672,5999,95,40,55,318,157,161,2845,1308,1537,595,224,371,4246,1954,2292,601,258,343,457,147,310,1496,580,916,18,4,14,0,0,0,Mayo 2018
2018,Mayo,HORTALEZA,7921,3358,4563,142,60,82,437,203,234,1379,629,750,456,154,302,3042,1378,1664,518,216,302,419,158,261,1505,555,950,23,5,18,0,0,0,Mayo 2018
2018,Mayo,VILLAVERDE,11071,4901,6170,91,30,61,724,339,385,3705,1749,1956,668,246,422,4816,2179,2637,445,167,278,186,49,137,428,141,287,8,1,7,0,0,0,Mayo 2018
2018,Mayo,VILLA DE VALLECAS,7221,3069,4152,147,65,82,1168,568,600,1506,724,782,448,127,321,2983,1259,1724,342,126,216,190,47,143,431,152,279,6,1,5,0,0,0,Mayo 2018
2018,Mayo,VICÁLVARO,4598,2005,2593,141,65,76,374,193,181,1468,686,782,272,93,179,1678,757,921,239,77,162,112,30,82,310,104,206,4,0,4,0,0,0,Mayo 2018
2018,Mayo,SAN BLAS-CANILLEJAS,9038,3933,5105,101,46,55,331,134,197,2211,1056,1155,616,217,399,4158,1915,2243,526,185,341,297,89,208,789,288,501,9,3,6,0,0,0,Mayo 2018
2018,Mayo,BARAJAS,1882,775,1107,39,19,20,79,27,52,263,117,146,102,33,69,845,360,485,130,57,73,103,33,70,318,129,189,3,0,3,0,0,0,Mayo 2018
2018,Junio,MADRID,166473,73039,93434,2737,1220,1517,12191,5657,6534,39059,18255,20804,9513,3538,5975,65980,30254,35726,8508,3474,5034,5957,2026,3931,22176,8501,13675,352,114,238,0,0,0,Junio 2018
2018,Junio,CENTRO,7612,3923,3689,101,57,44,383,220,163,1991,1118,873,310,158,152,2479,1366,1113,353,162,191,330,140,190,1628,687,941,37,15,22,0,0,0,Junio 2018
2018,Junio,ARGANZUELA,6701,2874,3827,31,19,12,210,107,103,1141,531,610,356,135,221,2474,1149,1325,469,212,257,406,140,266,1582,572,1010,32,9,23,0,0,0,Junio 2018
2018,Junio,RETIRO,4145,1785,2360,30,14,16,170,64,106,876,401,475,157,76,81,1238,557,681,234,112,122,261,105,156,1156,448,708,23,8,15,0,0,0,Junio 2018
2018,Junio,SALAMANCA,4767,1951,2816,20,9,11,126,54,72,1466,647,819,160,48,112,1194,543,651,214,90,124,237,67,170,1328,489,839,22,4,18,0,0,0,Junio 2018
2018,Junio,CHAMARTÍN,4585,2024,2561,43,22,21,125,60,65,909,433,476,167,63,104,1300,601,699,230,102,128,288,107,181,1500,625,875,23,11,12,0,0,0,Junio 2018
2018,Junio,TETUÁN,8073,3604,4469,35,13,22,843,368,475,1966,888,1078,433,164,269,2996,1412,1584,378,159,219,251,88,163,1152,501,651,19,11,8,0,0,0,Junio 2018
2018,Junio,CHAMBERÍ,4763,2030,2733,25,10,15,165,71,94,723,356,367,178,52,126,1542,722,820,231,100,131,280,108,172,1589,600,989,30,11,19,0,0,0,Junio 2018
2018,Junio,FUENCARRAL - EL PARDO,8893,3724,5169,59,22,37,376,162,214,1704,777,927,497,185,312,3234,1395,1839,570,227,343,485,170,315,1943,779,1164,25,7,18,0,0,0,Junio 2018
2018,Junio,MONCLOA - ARAVACA,4089,1828,2261,15,6,9,184,95,89,530,256,274,180,65,115,1484,699,785,240,108,132,246,97,149,1194,498,696,16,4,12,0,0,0,Junio 2018
2018,Junio,LATINA,13153,5793,7360,163,67,96,1450,670,780,2042,953,1089,1051,427,624,5781,2697,3084,895,361,534,451,156,295,1297,452,845,23,10,13,0,0,0,Junio 2018
2018,Junio,CARABANCHEL,15978,7026,8952,135,55,80,1188,535,653,5734,2630,3104,958,358,600,5748,2650,3098,731,296,435,419,124,295,1054,377,677,11,1,10,0,0,0,Junio 2018
2018,Junio,USERA,9336,4104,5232,74,33,41,1147,512,635,1941,877,1064,587,222,365,4650,2106,2544,351,122,229,158,56,102,424,172,252,4,4,0,0,0,0,Junio 2018
2018,Junio,PUENTE DE VALLECAS,18166,8257,9909,1145,517,628,2256,1059,1197,3324,1594,1730,1109,442,667,8778,4059,4719,629,266,363,247,78,169,666,237,429,12,5,7,0,0,0,Junio 2018
2018,Junio,MORATALAZ,5181,2257,2924,105,47,58,248,107,141,1557,711,846,302,115,187,1965,900,1065,266,103,163,180,59,121,552,211,341,6,4,2,0,0,0,Junio 2018
2018,Junio,CIUDAD LINEAL,10430,4511,5919,102,41,61,289,144,145,2802,1267,1535,588,218,370,4134,1889,2245,604,267,337,446,145,301,1446,538,908,19,2,17,0,0,0,Junio 2018
2018,Junio,HORTALEZA,7753,3257,4496,148,72,76,424,202,222,1361,614,747,461,152,309,2940,1316,1624,499,204,295,416,141,275,1486,553,933,18,3,15,0,0,0,Junio 2018
2018,Junio,VILLAVERDE,10810,4704,6106,90,29,61,716,334,382,3591,1670,1921,664,224,440,4726,2101,2625,437,166,271,184,49,135,396,130,266,6,1,5,0,0,0,Junio 2018
2018,Junio,VILLA DE VALLECAS,7042,2942,4100,141,59,82,1140,555,585,1508,712,796,435,117,318,2880,1191,1689,341,124,217,175,46,129,415,137,278,7,1,6,0,0,0,Junio 2018
2018,Junio,VICÁLVARO,4487,1935,2552,143,67,76,367,187,180,1436,646,790,253,83,170,1670,764,906,221,69,152,111,30,81,282,89,193,4,0,4,0,0,0,Junio 2018
2018,Junio,SAN BLAS-CANILLEJAS,8728,3786,4942,94,45,49,313,128,185,2200,1060,1140,573,202,371,3969,1801,2168,508,182,326,284,86,198,774,279,495,13,3,10,0,0,0,Junio 2018
2018,Junio,BARAJAS,1781,724,1057,38,16,22,71,23,48,257,114,143,94,32,62,798,336,462,107,42,65,102,34,68,312,127,185,2,0,2,0,0,0,Junio 2018
2018,Julio,MADRID,166322,71975,94347,2582,1126,1456,12090,5592,6498,38694,17812,20882,9077,3369,5708,65082,29517,35565,8693,3540,5153,6235,2035,4200,23581,8893,14688,288,91,197,0,0,0,Julio 2018
2018,Julio,CENTRO,7768,3911,3857,96,54,42,377,216,161,2006,1085,921,314,154,160,2510,1368,1142,365,167,198,349,141,208,1730,717,1013,21,9,12,0,0,0,Julio 2018
2018,Julio,ARGANZUELA,6801,2909,3892,31,15,16,196,98,98,1089,491,598,345,133,212,2514,1167,1347,483,211,272,417,141,276,1698,645,1053,28,8,20,0,0,0,Julio 2018
2018,Julio,RETIRO,4177,1805,2372,24,11,13,167,59,108,907,426,481,153,75,78,1230,566,664,241,115,126,260,105,155,1175,442,733,20,6,14,0,0,0,Julio 2018
2018,Julio,SALAMANCA,4812,1934,2878,16,6,10,122,50,72,1462,631,831,156,46,110,1188,530,658,225,92,133,238,67,171,1385,508,877,20,4,16,0,0,0,Julio 2018
2018,Julio,CHAMARTÍN,4617,2014,2603,42,19,23,122,60,62,913,420,493,152,57,95,1286,596,690,250,111,139,297,102,195,1541,642,899,14,7,7,0,0,0,Julio 2018
2018,Julio,TETUÁN,8020,3536,4484,29,12,17,795,351,444,1976,903,1073,396,149,247,2942,1351,1591,392,163,229,275,96,179,1203,503,700,12,8,4,0,0,0,Julio 2018
2018,Julio,CHAMBERÍ,4802,2070,2732,25,9,16,162,75,87,744,369,375,172,53,119,1505,703,802,221,98,123,296,120,176,1656,635,1021,21,8,13,0,0,0,Julio 2018
2018,Julio,FUENCARRAL - EL PARDO,8893,3694,5199,58,22,36,373,163,210,1673,772,901,459,160,299,3187,1393,1794,569,218,351,507,170,337,2046,792,1254,21,4,17,0,0,0,Julio 2018
2018,Julio,MONCLOA - ARAVACA,4190,1869,2321,15,7,8,175,98,77,534,263,271,178,65,113,1508,711,797,254,110,144,258,90,168,1255,523,732,13,2,11,0,0,0,Julio 2018
2018,Julio,LATINA,13104,5678,7426,162,70,92,1432,654,778,2009,917,1092,964,383,581,5688,2635,3053,914,377,537,472,152,320,1445,483,962,18,7,11,0,0,0,Julio 2018
2018,Julio,CARABANCHEL,15699,6790,8909,127,50,77,1142,507,635,5644,2536,3108,903,336,567,5552,2537,3015,753,310,443,448,138,310,1118,374,744,12,2,10,0,0,0,Julio 2018
2018,Julio,USERA,9276,4017,5259,62,24,38,1335,611,724,1870,823,1047,554,197,357,4473,2000,2473,339,119,220,173,56,117,465,182,283,5,5,0,0,0,0,Julio 2018
2018,Julio,PUENTE DE VALLECAS,17959,7995,9964,1088,478,610,2195,1002,1193,3295,1524,1771,1064,438,626,8637,3932,4705,652,271,381,267,77,190,747,268,479,14,5,9,0,0,0,Julio 2018
2018,Julio,MORATALAZ,5226,2224,3002,98,42,56,246,102,144,1529,697,832,290,107,183,1991,890,1101,284,112,172,183,51,132,601,220,381,4,3,1,0,0,0,Julio 2018
2018,Julio,CIUDAD LINEAL,10416,4422,5994,91,38,53,274,138,136,2749,1229,1520,571,215,356,4091,1833,2258,594,251,343,466,148,318,1565,568,997,15,2,13,0,0,0,Julio 2018
2018,Julio,HORTALEZA,7927,3271,4656,143,63,80,413,195,218,1417,632,785,461,155,306,2973,1299,1674,505,209,296,425,142,283,1574,574,1000,16,2,14,0,0,0,Julio 2018
2018,Julio,VILLAVERDE,10679,4610,6069,91,31,60,714,337,377,3557,1622,1935,625,211,414,4621,2059,2562,438,166,272,192,42,150,436,141,295,5,1,4,0,0,0,Julio 2018
2018,Julio,VILLA DE VALLECAS,7123,2974,4149,133,58,75,1119,547,572,1501,696,805,424,127,297,2930,1199,1731,352,131,221,181,47,134,476,167,309,7,2,5,0,0,0,Julio 2018
2018,Julio,VICÁLVARO,4438,1868,2570,128,58,70,359,178,181,1393,632,761,248,78,170,1655,732,923,229,72,157,122,27,95,301,90,211,3,1,2,0,0,0,Julio 2018
2018,Julio,SAN BLAS-CANILLEJAS,8635,3673,4962,88,42,46,301,126,175,2168,1028,1140,555,196,359,3853,1710,2143,525,194,331,296,85,211,837,288,549,12,4,8,0,0,0,Julio 2018
2018,Julio,BARAJAS,1760,711,1049,35,17,18,71,25,46,258,116,142,93,34,59,748,306,442,108,43,65,113,38,75,327,131,196,7,1,6,0,0,0,Julio 2018
2018,Agosto,MADRID,167871,72318,95553,2510,1089,1421,12098,5579,6519,38959,17921,21038,9174,3410,5764,64937,29317,35620,9072,3680,5392,6463,2095,4368,24381,9140,15241,277,87,190,0,0,0,Agosto 2018
2018,Agosto,CENTRO,7807,3915,3892,92,52,40,378,218,160,2023,1107,916,309,150,159,2482,1342,1140,375,168,207,345,145,200,1781,726,1055,22,7,15,0,0,0,Agosto 2018
2018,Agosto,ARGANZUELA,6946,2932,4014,33,17,16,193,100,93,1126,502,624,357,142,215,2521,1155,1366,486,209,277,443,146,297,1757,652,1105,30,9,21,0,0,0,Agosto 2018
2018,Agosto,RETIRO,4200,1792,2408,27,14,13,167,58,109,891,408,483,154,71,83,1216,548,668,261,126,135,261,98,163,1206,464,742,17,5,12,0,0,0,Agosto 2018
2018,Agosto,SALAMANCA,4916,1983,2933,23,10,13,140,61,79,1490,642,848,152,48,104,1190,523,667,231,104,127,248,74,174,1419,515,904,23,6,17,0,0,0,Agosto 2018
2018,Agosto,CHAMARTÍN,4681,2037,2644,45,20,25,121,60,61,915,421,494,160,58,102,1289,589,700,245,110,135,295,98,197,1598,674,924,13,7,6,0,0,0,Agosto 2018
2018,Agosto,TETUÁN,8067,3525,4542,34,12,22,797,363,434,1919,867,1052,414,151,263,2937,1349,1588,389,154,235,288,100,188,1278,522,756,11,7,4,0,0,0,Agosto 2018
2018,Agosto,CHAMBERÍ,4895,2098,2797,26,9,17,160,70,90,748,375,373,179,53,126,1517,707,810,232,107,125,301,113,188,1709,656,1053,23,8,15,0,0,0,Agosto 2018
2018,Agosto,FUENCARRAL - EL PARDO,8994,3734,5260,56,21,35,378,163,215,1673,774,899,475,168,307,3194,1393,1801,575,223,352,530,178,352,2094,811,1283,19,3,16,0,0,0,Agosto 2018
2018,Agosto,MONCLOA - ARAVACA,4246,1860,2386,15,7,8,180,94,86,525,253,272,180,63,117,1506,699,807,268,116,152,266,90,176,1295,537,758,11,1,10,0,0,0,Agosto 2018
2018,Agosto,LATINA,13246,5741,7505,153,68,85,1440,660,780,2010,931,1079,981,394,587,5690,2625,3065,954,387,567,496,153,343,1503,515,988,19,8,11,0,0,0,Agosto 2018
2018,Agosto,CARABANCHEL,15851,6838,9013,123,50,73,1172,513,659,5746,2590,3156,921,339,582,5459,2489,2970,790,314,476,459,147,312,1168,395,773,13,1,12,0,0,0,Agosto 2018
2018,Agosto,USERA,9417,4069,5348,63,27,36,1376,629,747,1946,866,1080,558,190,368,4418,1967,2451,361,129,232,192,62,130,498,194,304,5,5,0,0,0,0,Agosto 2018
2018,Agosto,PUENTE DE VALLECAS,17980,8026,9954,1045,464,581,2171,993,1178,3337,1572,1765,1063,450,613,8602,3895,4707,697,286,411,269,80,189,783,280,503,13,6,7,0,0,0,Agosto 2018
2018,Agosto,MORATALAZ,5244,2207,3037,96,41,55,253,112,141,1507,670,837,293,107,186,1969,873,1096,306,119,187,194,54,140,622,228,394,4,3,1,0,0,0,Agosto 2018
2018,Agosto,CIUDAD LINEAL,10530,4428,6102,92,31,61,274,129,145,2753,1212,1541,571,219,352,4103,1841,2262,645,279,366,465,151,314,1613,564,1049,14,2,12,0,0,0,Agosto 2018
2018,Agosto,HORTALEZA,7966,3277,4689,145,64,81,408,198,210,1417,618,799,466,162,304,2945,1294,1651,529,217,312,443,145,298,1599,576,1023,14,3,11,0,0,0,Agosto 2018
2018,Agosto,VILLAVERDE,10733,4598,6135,79,26,53,678,307,371,3565,1624,1941,618,212,406,4661,2066,2595,453,162,291,213,47,166,462,153,309,4,1,3,0,0,0,Agosto 2018
2018,Agosto,VILLA DE VALLECAS,7130,2929,4201,128,52,76,1100,538,562,1499,690,809,420,128,292,2929,1183,1746,375,137,238,186,45,141,488,155,333,5,1,4,0,0,0,Agosto 2018
2018,Agosto,VICÁLVARO,4508,1881,2627,130,59,71,351,165,186,1411,657,754,258,84,174,1672,719,953,235,78,157,143,34,109,305,84,221,3,1,2,0,0,0,Agosto 2018
2018,Agosto,SAN BLAS-CANILLEJAS,8770,3751,5019,81,34,47,297,127,170,2197,1030,1167,556,189,367,3882,1756,2126,559,208,351,313,97,216,875,307,568,10,3,7,0,0,0,Agosto 2018
2018,Agosto,BARAJAS,1744,697,1047,24,11,13,64,21,43,261,112,149,89,32,57,755,304,451,106,47,59,113,38,75,328,132,196,4,0,4,0,0,0,Agosto 2018
2018,Septiembre,MADRID,167319,72480,94839,2505,1073,1432,12139,5573,6566,40071,18527,21544,9226,3460,5766,64206,29085,35121,9147,3794,5353,6107,2041,4066,23634,8837,14797,284,90,194,0,0,0,Septiembre 2018
2018,Septiembre,CENTRO,7563,3771,3792,83,43,40,380,211,169,1979,1062,917,294,144,150,2417,1305,1112,362,173,189,344,150,194,1676,673,1003,28,10,18,0,0,0,Septiembre 2018
2018,Septiembre,ARGANZUELA,6902,2942,3960,34,15,19,192,101,91,1137,515,622,375,144,231,2496,1156,1340,502,219,283,420,154,266,1722,631,1091,24,7,17,0,0,0,Septiembre 2018
2018,Septiembre,RETIRO,4207,1810,2397,28,14,14,167,60,107,918,442,476,163,76,87,1204,533,671,262,124,138,264,109,155,1181,445,736,20,7,13,0,0,0,Septiembre 2018
2018,Septiembre,SALAMANCA,4870,1984,2886,26,12,14,140,59,81,1455,648,807,154,49,105,1202,528,674,233,106,127,236,66,170,1401,511,890,23,5,18,0,0,0,Septiembre 2018
2018,Septiembre,CHAMARTÍN,4601,1970,2631,43,19,24,137,59,78,929,435,494,158,56,102,1283,588,695,253,107,146,265,84,181,1518,613,905,15,9,6,0,0,0,Septiembre 2018
2018,Septiembre,TETUÁN,7994,3506,4488,32,11,21,822,373,449,1958,898,1060,415,152,263,2862,1302,1560,389,166,223,269,95,174,1233,501,732,14,8,6,0,0,0,Septiembre 2018
2018,Septiembre,CHAMBERÍ,4874,2089,2785,28,11,17,156,68,88,774,380,394,178,58,120,1518,706,812,237,106,131,283,111,172,1675,642,1033,25,7,18,0,0,0,Septiembre 2018
2018,Septiembre,FUENCARRAL - EL PARDO,8988,3738,5250,58,23,35,376,159,217,1761,808,953,470,172,298,3196,1376,1820,568,226,342,500,173,327,2045,799,1246,14,2,12,0,0,0,Septiembre 2018
2018,Septiembre,MONCLOA - ARAVACA,4189,1836,2353,15,5,10,177,87,90,503,252,251,168,63,105,1513,706,807,267,109,158,245,88,157,1285,523,762,16,3,13,0,0,0,Septiembre 2018
2018,Septiembre,LATINA,13283,5848,7435,165,70,95,1458,658,800,2030,944,1086,974,387,587,5739,2692,3047,989,420,569,468,155,313,1439,514,925,21,8,13,0,0,0,Septiembre 2018
2018,Septiembre,CARABANCHEL,15818,6911,8907,134,51,83,1128,518,610,5848,2676,3172,927,353,574,5438,2472,2966,792,320,472,423,135,288,1121,385,736,7,1,6,0,0,0,Septiembre 2018
2018,Septiembre,USERA,9521,4108,5413,64,26,38,1392,630,762,2084,936,1148,577,209,368,4380,1928,2452,360,133,227,173,59,114,483,183,300,8,4,4,0,0,0,Septiembre 2018
2018,Septiembre,PUENTE DE VALLECAS,18024,8093,9931,1024,454,570,2163,995,1168,3663,1733,1930,1085,455,630,8350,3791,4559,686,300,386,257,81,176,788,281,507,8,3,5,0,0,0,Septiembre 2018
2018,Septiembre,MORATALAZ,5193,2207,2986,89,39,50,249,110,139,1471,662,809,304,123,181,1968,887,1081,325,125,200,177,46,131,608,214,394,2,1,1,0,0,0,Septiembre 2018
2018,Septiembre,CIUDAD LINEAL,10493,4453,6040,99,36,63,290,129,161,2766,1237,1529,574,205,369,4083,1856,2227,654,278,376,447,144,303,1560,564,996,20,4,16,0,0,0,Septiembre 2018
2018,Septiembre,HORTALEZA,7800,3249,4551,136,55,81,435,216,219,1373,586,787,463,165,298,2909,1290,1619,513,221,292,421,144,277,1536,568,968,14,4,10,0,0,0,Septiembre 2018
2018,Septiembre,VILLAVERDE,10813,4639,6174,80,29,51,676,298,378,3724,1687,2037,617,222,395,4593,2035,2558,471,170,301,213,52,161,436,145,291,3,1,2,0,0,0,Septiembre 2018
2018,Septiembre,VILLA DE VALLECAS,7068,2889,4179,131,54,77,1085,527,558,1721,791,930,408,112,296,2717,1092,1625,360,131,229,181,39,142,460,142,318,5,1,4,0,0,0,Septiembre 2018
2018,Septiembre,VICÁLVARO,4560,1934,2626,133,61,72,355,169,186,1439,672,767,253,85,168,1684,738,946,257,86,171,127,31,96,309,91,218,3,1,2,0,0,0,Septiembre 2018
2018,Septiembre,SAN BLAS-CANILLEJAS,8769,3801,4968,74,32,42,294,123,171,2259,1051,1208,578,201,377,3882,1791,2091,556,221,335,283,88,195,832,290,542,11,4,7,0,0,0,Septiembre 2018
2018,Septiembre,BARAJAS,1789,702,1087,29,13,16,67,23,44,279,112,167,91,29,62,772,313,459,111,53,58,111,37,74,326,122,204,3,0,3,0,0,0,Septiembre 2018
2018,Octubre,MADRID,166345,72395,93950,2479,1062,1417,12147,5533,6614,41019,18935,22084,9595,3585,6010,63425,28941,34484,8900,3718,5182,5829,1941,3888,22685,8596,14089,266,84,182,0,0,0,Octubre 2018
2018,Octubre,CENTRO,7431,3725,3706,86,49,37,365,201,164,2037,1100,937,297,150,147,2359,1285,1074,336,154,182,336,149,187,1593,627,966,22,10,12,0,0,0,Octubre 2018
2018,Octubre,ARGANZUELA,6786,2890,3896,39,19,20,194,96,98,1166,521,645,381,145,236,2461,1124,1337,491,223,268,398,140,258,1631,615,1016,25,7,18,0,0,0,Octubre 2018
2018,Octubre,RETIRO,4170,1797,2373,25,10,15,173,64,109,951,440,511,167,74,93,1202,529,673,250,126,124,252,98,154,1133,449,684,17,7,10,0,0,0,Octubre 2018
2018,Octubre,SALAMANCA,4757,1951,2806,19,9,10,142,53,89,1428,630,798,162,49,113,1183,533,650,227,109,118,220,60,160,1354,502,852,22,6,16,0,0,0,Octubre 2018
2018,Octubre,CHAMARTÍN,4562,1969,2593,38,16,22,150,62,88,927,435,492,163,54,109,1303,602,701,258,113,145,249,83,166,1459,597,862,15,7,8,0,0,0,Octubre 2018
2018,Octubre,TETUÁN,7938,3504,4434,31,11,20,810,371,439,2047,943,1104,411,160,251,2758,1266,1492,388,162,226,263,88,175,1217,498,719,13,5,8,0,0,0,Octubre 2018
2018,Octubre,CHAMBERÍ,4805,2029,2776,28,11,17,153,68,85,810,376,434,173,53,120,1475,665,810,217,101,116,277,106,171,1648,644,1004,24,5,19,0,0,0,Octubre 2018
2018,Octubre,FUENCARRAL - EL PARDO,8907,3710,5197,57,21,36,392,167,225,1797,810,987,505,179,326,3135,1359,1776,576,239,337,483,168,315,1946,764,1182,16,3,13,0,0,0,Octubre 2018
2018,Octubre,MONCLOA - ARAVACA,4147,1820,2327,16,7,9,172,87,85,554,270,284,185,72,113,1504,715,789,254,105,149,243,89,154,1205,472,733,14,3,11,0,0,0,Octubre 2018
2018,Octubre,LATINA,13334,5941,7393,172,77,95,1508,695,813,2072,984,1088,1031,409,622,5724,2701,3023,960,418,542,455,147,308,1391,502,889,21,8,13,0,0,0,Octubre 2018
2018,Octubre,CARABANCHEL,15883,6956,8927,134,53,81,1133,510,623,6094,2783,3311,947,354,593,5323,2432,2891,795,323,472,400,125,275,1049,374,675,8,2,6,0,0,0,Octubre 2018
2018,Octubre,USERA,9469,4127,5342,67,27,40,1382,607,775,2181,999,1182,589,216,373,4289,1916,2373,340,126,214,156,55,101,459,178,281,6,3,3,0,0,0,Octubre 2018
2018,Octubre,PUENTE DE VALLECAS,18105,8110,9995,991,431,560,2139,974,1165,3763,1788,1975,1178,473,705,8369,3799,4570,696,302,394,249,86,163,711,253,458,9,4,5,0,0,0,Octubre 2018
2018,Octubre,MORATALAZ,5131,2210,2921,83,36,47,252,106,146,1507,686,821,312,117,195,1958,911,1047,307,120,187,159,41,118,552,192,360,1,1,0,0,0,0,Octubre 2018
2018,Octubre,CIUDAD LINEAL,10443,4524,5919,99,44,55,278,137,141,2809,1260,1549,593,215,378,4059,1879,2180,625,271,354,436,139,297,1526,576,950,18,3,15,0,0,0,Octubre 2018
2018,Octubre,HORTALEZA,7758,3228,4530,127,58,69,439,216,223,1420,606,814,479,166,313,2890,1283,1607,485,206,279,393,133,260,1515,557,958,10,3,7,0,0,0,Octubre 2018
2018,Octubre,VILLAVERDE,10737,4602,6135,78,26,52,685,306,379,3794,1700,2094,644,222,422,4482,2003,2479,459,158,301,185,46,139,406,139,267,4,2,2,0,0,0,Octubre 2018
2018,Octubre,VILLA DE VALLECAS,6986,2870,4116,134,54,80,1052,499,553,1720,778,942,440,146,294,2677,1081,1596,342,124,218,172,36,136,444,151,293,5,1,4,0,0,0,Octubre 2018
2018,Octubre,VICÁLVARO,4444,1885,2559,133,59,74,354,162,192,1399,649,750,268,92,176,1612,711,901,253,83,170,118,31,87,306,98,208,1,0,1,0,0,0,Octubre 2018
2018,Octubre,SAN BLAS-CANILLEJAS,8751,3810,4941,88,30,58,304,127,177,2252,1045,1207,585,207,378,3886,1814,2072,530,206,324,280,88,192,815,289,526,11,4,7,0,0,0,Octubre 2018
2018,Octubre,BARAJAS,1801,737,1064,34,14,20,70,25,45,291,132,159,85,32,53,776,333,443,111,49,62,105,33,72,325,119,206,4,0,4,0,0,0,Octubre 2018
2018,Noviembre,MADRID,163866,71621,92245,2477,1052,1425,12136,5600,6536,41769,19312,22457,9260,3521,5739,61782,28233,33549,8579,3568,5011,5682,1882,3800,21918,8372,13546,263,81,182,0,0,0,Noviembre 2018
2018,Noviembre,CENTRO,7406,3718,3688,80,45,35,370,199,171,2099,1138,961,302,156,146,2296,1250,1046,351,160,191,321,143,178,1560,615,945,27,12,15,0,0,0,Noviembre 2018
2018,Noviembre,ARGANZUELA,6624,2787,3837,34,17,17,193,99,94,1144,504,640,378,151,227,2406,1093,1313,468,207,261,383,128,255,1598,583,1015,20,5,15,0,0,0,Noviembre 2018
2018,Noviembre,RETIRO,4076,1748,2328,26,13,13,168,61,107,994,459,535,148,67,81,1146,515,631,230,115,115,239,86,153,1109,427,682,16,5,11,0,0,0,Noviembre 2018
2018,Noviembre,SALAMANCA,4714,1942,2772,23,8,15,132,50,82,1454,638,816,164,56,108,1152,517,635,222,109,113,225,65,160,1319,494,825,23,5,18,0,0,0,Noviembre 2018
2018,Noviembre,CHAMARTÍN,4480,1939,2541,40,18,22,157,67,90,919,413,506,153,52,101,1276,589,687,246,106,140,250,84,166,1423,603,820,16,7,9,0,0,0,Noviembre 2018
2018,Noviembre,TETUÁN,7796,3470,4326,32,10,22,790,359,431,2089,970,1119,410,164,246,2673,1237,1436,383,161,222,252,86,166,1155,479,676,12,4,8,0,0,0,Noviembre 2018
2018,Noviembre,CHAMBERÍ,4724,2008,2716,23,9,14,143,70,73,835,391,444,162,51,111,1484,672,812,214,89,125,270,99,171,1573,623,950,20,4,16,0,0,0,Noviembre 2018
2018,Noviembre,FUENCARRAL - EL PARDO,8749,3654,5095,55,21,34,380,161,219,1837,825,1012,471,173,298,3119,1358,1761,550,224,326,470,165,305,1847,722,1125,20,5,15,0,0,0,Noviembre 2018
2018,Noviembre,MONCLOA - ARAVACA,4090,1784,2306,12,5,7,164,88,76,568,272,296,190,80,110,1467,682,785,248,104,144,238,81,157,1189,469,720,14,3,11,0,0,0,Noviembre 2018
2018,Noviembre,LATINA,13024,5845,7179,191,85,106,1489,708,781,2066,976,1090,983,388,595,5610,2654,2956,923,387,536,423,147,276,1321,494,827,18,6,12,0,0,0,Noviembre 2018
2018,Noviembre,CARABANCHEL,15750,6952,8798,134,55,79,1108,492,616,6275,2885,3390,898,333,565,5134,2376,2758,764,310,454,390,121,269,1041,379,662,6,1,5,0,0,0,Noviembre 2018
2018,Noviembre,USERA,9323,4094,5229,68,27,41,1469,652,817,2162,996,1166,549,193,356,4140,1866,2274,347,131,216,152,55,97,430,170,260,6,4,2,0,0,0,Noviembre 2018
2018,Noviembre,PUENTE DE VALLECAS,17887,8069,9818,975,421,554,2147,995,1152,3832,1826,2006,1168,489,679,8169,3724,4445,656,287,369,235,77,158,695,245,450,10,5,5,0,0,0,Noviembre 2018
2018,Noviembre,MORATALAZ,4951,2160,2791,78,32,46,255,111,144,1459,664,795,294,114,180,1891,882,1009,285,115,170,158,44,114,528,196,332,3,2,1,0,0,0,Noviembre 2018
2018,Noviembre,CIUDAD LINEAL,10236,4400,5836,91,40,51,260,127,133,2904,1272,1632,582,216,366,3905,1799,2106,585,255,330,427,134,293,1465,554,911,17,3,14,0,0,0,Noviembre 2018
2018,Noviembre,HORTALEZA,7695,3217,4478,148,66,82,441,227,214,1463,635,828,433,147,286,2849,1255,1594,467,203,264,399,132,267,1486,550,936,9,2,7,0,0,0,Noviembre 2018
2018,Noviembre,VILLAVERDE,10591,4534,6057,84,25,59,693,306,387,3874,1741,2133,615,217,398,4333,1917,2416,425,149,276,170,45,125,392,132,260,5,2,3,0,0,0,Noviembre 2018
2018,Noviembre,VILLA DE VALLECAS,6974,2913,4061,135,55,80,1059,513,546,1765,819,946,461,153,308,2613,1062,1551,345,129,216,172,38,134,419,143,276,5,1,4,0,0,0,Noviembre 2018
2018,Noviembre,VICÁLVARO,4396,1873,2523,128,57,71,343,162,181,1416,659,757,262,93,169,1588,699,889,247,78,169,119,29,90,293,96,197,0,0,0,0,0,0,Noviembre 2018
2018,Noviembre,SAN BLAS-CANILLEJAS,8617,3775,4842,86,28,58,302,125,177,2317,1094,1223,556,196,360,3777,1755,2022,516,202,314,280,88,192,770,282,488,13,5,8,0,0,0,Noviembre 2018
2018,Noviembre,BARAJAS,1763,739,1024,34,15,19,73,28,45,297,135,162,81,32,49,754,331,423,107,47,60,109,35,74,305,116,189,3,0,3,0,0,0,Noviembre 2018
2018,Diciembre,MADRID,160413,70685,89728,2411,1024,1387,11852,5521,6331,41096,19313,21783,8939,3404,5535,60226,27696,32530,8385,3488,4897,5546,1827,3719,21707,8336,13371,251,76,175,0,0,0,Diciembre 2018
2018,Diciembre,CENTRO,7280,3710,3570,78,43,35,364,199,165,2073,1135,938,303,154,149,2226,1210,1016,348,163,185,324,156,168,1540,640,900,24,10,14,0,0,0,Diciembre 2018
2018,Diciembre,ARGANZUELA,6513,2809,3704,34,18,16,199,101,98,1125,530,595,365,150,215,2384,1087,1297,459,202,257,366,132,234,1560,585,975,21,4,17,0,0,0,Diciembre 2018
2018,Diciembre,RETIRO,4023,1739,2284,22,11,11,154,60,94,985,457,528,158,73,85,1129,513,616,224,112,112,246,86,160,1092,422,670,13,5,8,0,0,0,Diciembre 2018
2018,Diciembre,SALAMANCA,4614,1912,2702,21,9,12,122,45,77,1454,651,803,152,51,101,1109,497,612,212,98,114,226,64,162,1296,492,804,22,5,17,0,0,0,Diciembre 2018
2018,Diciembre,CHAMARTÍN,4440,1941,2499,44,21,23,134,57,77,935,431,504,149,50,99,1251,583,668,248,109,139,259,89,170,1408,596,812,12,5,7,0,0,0,Diciembre 2018
2018,Diciembre,TETUÁN,7669,3435,4234,33,9,24,757,351,406,2072,973,1099,398,159,239,2623,1223,1400,376,153,223,243,82,161,1158,481,677,9,4,5,0,0,0,Diciembre 2018
2018,Diciembre,CHAMBERÍ,4684,2013,2671,21,9,12,137,66,71,811,379,432,154,49,105,1473,689,784,221,98,123,259,90,169,1592,630,962,16,3,13,0,0,0,Diciembre 2018
2018,Diciembre,FUENCARRAL - EL PARDO,8547,3575,4972,51,18,33,370,161,209,1796,828,968,458,163,295,3042,1337,1705,525,217,308,467,151,316,1817,695,1122,21,5,16,0,0,0,Diciembre 2018
2018,Diciembre,MONCLOA - ARAVACA,4031,1780,2251,13,5,8,167,89,78,562,265,297,183,79,104,1434,670,764,237,101,136,241,84,157,1176,483,693,18,4,14,0,0,0,Diciembre 2018
2018,Diciembre,LATINA,12750,5762,6988,173,76,97,1454,696,758,2032,969,1063,952,364,588,5477,2630,2847,902,376,526,408,141,267,1334,503,831,18,7,11,0,0,0,Diciembre 2018
2018,Diciembre,CARABANCHEL,15449,6905,8544,133,56,77,1106,505,601,6178,2884,3294,863,323,540,5013,2327,2686,751,320,431,372,115,257,1026,374,652,7,1,6,0,0,0,Diciembre 2018
2018,Diciembre,USERA,9004,3992,5012,61,25,36,1463,664,799,2117,990,1127,513,186,327,3954,1791,2163,316,114,202,143,47,96,433,173,260,4,2,2,0,0,0,Diciembre 2018
2018,Diciembre,PUENTE DE VALLECAS,17488,7938,9550,965,422,543,2095,976,1119,3778,1813,1965,1095,463,632,7959,3649,4310,641,281,360,236,76,160,708,253,455,11,5,6,0,0,0,Diciembre 2018
2018,Diciembre,MORATALAZ,4898,2153,2745,76,29,47,248,102,146,1470,680,790,293,112,181,1853,882,971,282,114,168,154,43,111,518,189,329,4,2,2,0,0,0,Diciembre 2018
2018,Diciembre,CIUDAD LINEAL,10024,4349,5675,86,34,52,248,121,127,2852,1287,1565,555,203,352,3839,1784,2055,580,235,345,416,127,289,1437,556,881,11,2,9,0,0,0,Diciembre 2018
2018,Diciembre,HORTALEZA,7435,3104,4331,146,63,83,399,200,199,1443,638,805,421,147,274,2706,1199,1507,476,200,276,370,125,245,1461,528,933,13,4,9,0,0,0,Diciembre 2018
2018,Diciembre,VILLAVERDE,10354,4529,5825,79,25,54,680,309,371,3783,1747,2036,599,215,384,4253,1910,2343,403,147,256,165,38,127,386,136,250,6,2,4,0,0,0,Diciembre 2018
2018,Diciembre,VILLA DE VALLECAS,6863,2844,4019,132,53,79,1052,513,539,1731,799,932,455,154,301,2564,1027,1537,345,129,216,163,36,127,414,132,282,7,1,6,0,0,0,Diciembre 2018
2018,Diciembre,VICÁLVARO,4233,1811,2422,125,57,68,344,169,175,1342,628,714,254,91,163,1533,677,856,230,73,157,116,26,90,289,90,199,0,0,0,0,0,0,Diciembre 2018
2018,Diciembre,SAN BLAS-CANILLEJAS,8373,3669,4704,90,31,59,286,111,175,2269,1100,1169,537,186,351,3657,1694,1963,497,195,302,265,81,184,760,266,494,12,5,7,0,0,0,Diciembre 2018
2018,Diciembre,BARAJAS,1741,715,1026,28,10,18,73,26,47,288,129,159,82,32,50,747,317,430,112,51,61,107,38,69,302,112,190,2,0,2,0,0,0,Diciembre 2018
,,,,,,,,,,,,,,,,,,,,,,,,,,,,,,,,,,,,
,,,,,,,,,,,,,,,,,,,,,,,,,,,,,,,,,,,,
Fuente: Servicio Público de Empleo Estatal Elaboración: Subdirección General de Estadística Ayuntamiento de Madrid,,,,,,,,,,,,,,,,,,,,,,,,,,,,,,,,,,,,
2019,Enero,MADRID,165911,73029,92882,2392,1020,1372,12077,5566,6511,42871,20001,22870,9427,3641,5786,62126,28642,33484,8829,3721,5108,5673,1894,3779,22265,8465,13800,251,79,172,0,0,0,Enero 2019
2019,Enero,CENTRO,7571,3865,3706,78,44,34,371,201,170,2172,1207,965,302,146,156,2323,1274,1049,372,177,195,326,144,182,1604,663,941,23,9,14,0,0,0,Enero 2019
2019,Enero,ARGANZUELA,6727,2902,3825,40,21,19,214,103,111,1186,550,636,387,167,220,2433,1109,1324,475,217,258,376,133,243,1593,596,997,23,6,17,0,0,0,Enero 2019
2019,Enero,RETIRO,4074,1753,2321,25,12,13,147,58,89,989,451,538,157,77,80,1127,499,628,234,119,115,247,93,154,1137,441,696,11,3,8,0,0,0,Enero 2019
2019,Enero,SALAMANCA,4730,1948,2782,20,8,12,128,44,84,1518,677,841,162,47,115,1120,506,614,219,104,115,221,72,149,1322,486,836,20,4,16,0,0,0,Enero 2019
2019,Enero,CHAMARTÍN,4542,1995,2547,40,20,20,127,59,68,978,448,530,161,61,100,1281,606,675,251,116,135,257,94,163,1431,583,848,16,8,8,0,0,0,Enero 2019
2019,Enero,TETUÁN,7947,3527,4420,32,9,23,745,345,400,2205,1007,1198,395,156,239,2736,1286,1450,373,162,211,236,76,160,1215,483,732,10,3,7,0,0,0,Enero 2019
2019,Enero,CHAMBERÍ,4778,2068,2710,21,10,11,133,64,69,808,378,430,168,55,113,1524,706,818,219,99,120,271,100,171,1613,649,964,21,7,14,0,0,0,Enero 2019
2019,Enero,FUENCARRAL - EL PARDO,8851,3707,5144,60,19,41,384,158,226,1876,840,1036,475,180,295,3137,1383,1754,564,235,329,472,160,312,1865,728,1137,18,4,14,0,0,0,Enero 2019
2019,Enero,MONCLOA - ARAVACA,4082,1822,2260,12,3,9,162,85,77,592,285,307,180,82,98,1459,692,767,247,112,135,244,89,155,1171,469,702,15,5,10,0,0,0,Enero 2019
2019,Enero,LATINA,13154,5919,7235,175,75,100,1503,709,794,2061,967,1094,1010,397,613,5647,2716,2931,956,400,556,429,146,283,1357,502,855,16,7,9,0,0,0,Enero 2019
2019,Enero,CARABANCHEL,15870,7053,8817,121,52,69,1105,499,606,6304,2927,3377,941,359,582,5187,2421,2766,769,311,458,377,113,264,1060,370,690,6,1,5,0,0,0,Enero 2019
2019,Enero,USERA,9527,4216,5311,63,26,37,1528,710,818,2324,1064,1260,565,209,356,4079,1851,2228,352,129,223,161,54,107,450,170,280,5,3,2,0,0,0,Enero 2019
2019,Enero,PUENTE DE VALLECAS,18101,8250,9851,958,426,532,2163,994,1169,3933,1907,2026,1126,470,656,8247,3811,4436,692,300,392,252,84,168,719,254,465,11,4,7,0,0,0,Enero 2019
2019,Enero,MORATALAZ,5003,2174,2829,70,27,43,266,113,153,1497,669,828,305,118,187,1864,884,980,302,119,183,163,44,119,531,198,333,5,2,3,0,0,0,Enero 2019
2019,Enero,CIUDAD LINEAL,10447,4500,5947,94,32,62,249,112,137,3025,1368,1657,591,220,371,3934,1817,2117,609,245,364,433,135,298,1499,570,929,13,1,12,0,0,0,Enero 2019
2019,Enero,HORTALEZA,7705,3273,4432,138,61,77,390,190,200,1534,684,850,462,170,292,2826,1281,1545,492,212,280,381,132,249,1470,541,929,12,2,10,0,0,0,Enero 2019
2019,Enero,VILLAVERDE,10707,4673,6034,79,24,55,680,305,375,3893,1781,2112,643,238,405,4401,1975,2426,438,169,269,171,39,132,398,140,258,4,2,2,0,0,0,Enero 2019
2019,Enero,VILLA DE VALLECAS,7065,2931,4134,128,53,75,1068,509,559,1835,849,986,454,148,306,2637,1056,1581,352,143,209,160,39,121,425,133,292,6,1,5,0,0,0,Enero 2019
2019,Enero,VICÁLVARO,4437,1872,2565,124,57,67,364,176,188,1392,635,757,281,101,180,1623,710,913,244,79,165,114,27,87,294,86,208,1,1,0,0,0,0,Enero 2019
2019,Enero,SAN BLAS-CANILLEJAS,8739,3805,4934,88,31,57,279,106,173,2432,1164,1268,569,199,370,3747,1728,2019,550,219,331,272,84,188,789,268,521,13,6,7,0,0,0,Enero 2019
2019,Enero,BARAJAS,1854,776,1078,26,10,16,71,26,45,317,143,174,93,41,52,794,331,463,119,54,65,110,36,74,322,135,187,2,0,2,0,0,0,Enero 2019
2019,Febrero,MADRID,167880,73906,93974,2365,989,1376,12301,5668,6633,44121,20529,23592,9546,3670,5876,62789,28973,33816,8856,3748,5108,5648,1898,3750,22020,8360,13660,234,71,163,0,0,0,Febrero 2019
2019,Febrero,CENTRO,7589,3901,3688,78,46,32,367,201,166,2206,1223,983,311,156,155,2357,1313,1044,376,167,209,315,143,172,1561,644,917,18,8,10,0,0,0,Febrero 2019
2019,Febrero,ARGANZUELA,6856,2959,3897,39,20,19,216,110,106,1208,555,653,405,166,239,2475,1119,1356,472,214,258,384,152,232,1636,618,1018,21,5,16,0,0,0,Febrero 2019
2019,Febrero,RETIRO,4079,1757,2322,26,12,14,141,56,85,1017,474,543,164,72,92,1120,484,636,241,127,114,234,88,146,1125,441,684,11,3,8,0,0,0,Febrero 2019
2019,Febrero,SALAMANCA,4733,1955,2778,19,9,10,115,36,79,1505,663,842,173,53,120,1162,535,627,231,116,115,217,69,148,1290,470,820,21,4,17,0,0,0,Febrero 2019
2019,Febrero,CHAMARTÍN,4521,1956,2565,31,15,16,112,52,60,1062,492,570,163,64,99,1251,571,680,248,111,137,251,85,166,1390,560,830,13,6,7,0,0,0,Febrero 2019
2019,Febrero,TETUÁN,8092,3595,4497,41,15,26,765,341,424,2338,1060,1278,404,160,244,2729,1277,1452,375,166,209,234,78,156,1198,496,702,8,2,6,0,0,0,Febrero 2019
2019,Febrero,CHAMBERÍ,4779,2041,2738,23,10,13,137,70,67,806,376,430,170,52,118,1534,704,830,228,106,122,274,101,173,1585,616,969,22,6,16,0,0,0,Febrero 2019
2019,Febrero,FUENCARRAL - EL PARDO,8993,3739,5254,60,17,43,383,160,223,1971,896,1075,493,191,302,3180,1379,1801,570,236,334,461,149,312,1858,708,1150,17,3,14,0,0,0,Febrero 2019
2019,Febrero,MONCLOA - ARAVACA,4098,1823,2275,16,4,12,185,98,87,611,291,320,193,86,107,1446,671,775,249,110,139,232,88,144,1152,468,684,14,7,7,0,0,0,Febrero 2019
2019,Febrero,LATINA,13262,5938,7324,174,72,102,1535,717,818,2106,974,1132,1029,398,631,5696,2740,2956,928,377,551,432,147,285,1346,507,839,16,6,10,0,0,0,Febrero 2019
2019,Febrero,CARABANCHEL,16284,7311,8973,122,47,75,1140,516,624,6618,3104,3514,946,363,583,5244,2473,2771,781,323,458,376,115,261,1049,369,680,8,1,7,0,0,0,Febrero 2019
2019,Febrero,USERA,9802,4349,5453,62,24,38,1639,767,872,2430,1106,1324,578,218,360,4097,1863,2234,358,132,226,165,52,113,469,184,285,4,3,1,0,0,0,Febrero 2019
2019,Febrero,PUENTE DE VALLECAS,18315,8381,9934,926,400,526,2172,1000,1172,4043,1953,2090,1126,465,661,8382,3916,4466,693,313,380,249,80,169,713,249,464,11,5,6,0,0,0,Febrero 2019
2019,Febrero,MORATALAZ,5050,2189,2861,77,30,47,280,122,158,1513,666,847,296,113,183,1889,897,992,297,118,179,154,43,111,538,197,341,6,3,3,0,0,0,Febrero 2019
2019,Febrero,CIUDAD LINEAL,10618,4595,6023,86,32,54,256,114,142,3120,1419,1701,569,204,365,4010,1864,2146,632,259,373,453,144,309,1480,558,922,12,1,11,0,0,0,Febrero 2019
2019,Febrero,HORTALEZA,7683,3234,4449,130,51,79,381,181,200,1615,705,910,446,161,285,2844,1283,1561,478,207,271,378,132,246,1399,512,887,12,2,10,0,0,0,Febrero 2019
2019,Febrero,VILLAVERDE,10765,4697,6068,81,26,55,669,298,371,3893,1781,2112,663,246,417,4462,1990,2472,433,174,259,172,42,130,387,138,249,5,2,3,0,0,0,Febrero 2019
2019,Febrero,VILLA DE VALLECAS,7169,2964,4205,132,54,78,1073,510,563,1858,864,994,448,142,306,2700,1085,1615,352,139,213,170,40,130,432,129,303,4,1,3,0,0,0,Febrero 2019
2019,Febrero,VICÁLVARO,4512,1885,2627,119,52,67,373,177,196,1420,637,783,295,109,186,1647,716,931,243,79,164,115,29,86,300,86,214,0,0,0,0,0,0,Febrero 2019
2019,Febrero,SAN BLAS-CANILLEJAS,8806,3844,4962,95,39,56,289,113,176,2469,1157,1312,584,215,369,3752,1741,2011,547,211,336,271,87,184,790,278,512,9,3,6,0,0,0,Febrero 2019
2019,Febrero,BARAJAS,1874,793,1081,28,14,14,73,29,44,312,133,179,90,36,54,812,352,460,124,63,61,111,34,77,322,132,190,2,0,2,0,0,0,Febrero 2019
2019,Marzo,MADRID,167672,73632,94040,2292,934,1358,12366,5680,6686,44490,20582,23908,9590,3671,5919,62536,28772,33764,8867,3758,5109,5649,1887,3762,21647,8271,13376,235,77,158,0,0,0,Marzo 2019
2019,Marzo,CENTRO,7641,3922,3719,85,49,36,357,193,164,2193,1224,969,315,150,165,2409,1342,1067,359,159,200,313,132,181,1595,666,929,15,7,8,0,0,0,Marzo 2019
2019,Marzo,ARGANZUELA,6790,2953,3837,37,19,18,217,115,102,1200,550,650,405,165,240,2423,1119,1304,484,214,270,407,151,256,1593,615,978,24,5,19,0,0,0,Marzo 2019
2019,Marzo,RETIRO,4067,1748,2319,25,13,12,146,58,88,997,456,541,165,72,93,1156,512,644,249,130,119,236,82,154,1086,424,662,7,1,6,0,0,0,Marzo 2019
2019,Marzo,SALAMANCA,4681,1948,2733,17,9,8,107,33,74,1492,660,832,152,44,108,1191,530,661,235,116,119,218,72,146,1250,479,771,19,5,14,0,0,0,Marzo 2019
2019,Marzo,CHAMARTÍN,4531,1926,2605,26,11,15,110,52,58,1094,490,604,164,61,103,1252,566,686,240,105,135,255,89,166,1374,545,829,16,7,9,0,0,0,Marzo 2019
2019,Marzo,TETUÁN,8079,3549,4530,39,15,24,736,334,402,2426,1100,1326,415,165,250,2673,1223,1450,385,168,217,227,71,156,1170,472,698,8,1,7,0,0,0,Marzo 2019
2019,Marzo,CHAMBERÍ,4733,2046,2687,23,9,14,150,85,65,792,361,431,176,51,125,1517,714,803,230,107,123,285,106,179,1541,605,936,19,8,11,0,0,0,Marzo 2019
2019,Marzo,FUENCARRAL - EL PARDO,8928,3759,5169,53,16,37,388,163,225,1991,923,1068,480,188,292,3149,1362,1787,561,234,327,451,149,302,1835,718,1117,20,6,14,0,0,0,Marzo 2019
2019,Marzo,MONCLOA - ARAVACA,4099,1825,2274,14,5,9,177,98,79,620,295,325,188,77,111,1445,672,773,255,112,143,220,84,136,1166,476,690,14,6,8,0,0,0,Marzo 2019
2019,Marzo,LATINA,13170,5872,7298,172,62,110,1546,727,819,2127,979,1148,1042,406,636,5619,2678,2941,928,382,546,432,142,290,1287,490,797,17,6,11,0,0,0,Marzo 2019
2019,Marzo,CARABANCHEL,16332,7279,9053,118,46,72,1149,510,639,6667,3086,3581,970,369,601,5196,2434,2762,801,334,467,379,124,255,1045,376,669,7,0,7,0,0,0,Marzo 2019
2019,Marzo,USERA,9707,4283,5424,60,19,41,1663,771,892,2413,1093,1320,575,211,364,4052,1841,2211,344,127,217,157,49,108,438,168,270,5,4,1,0,0,0,Marzo 2019
2019,Marzo,PUENTE DE VALLECAS,18350,8385,9965,902,393,509,2185,995,1190,4102,1977,2125,1128,461,667,8377,3906,4471,700,316,384,253,85,168,691,246,445,12,6,6,0,0,0,Marzo 2019
2019,Marzo,MORATALAZ,5030,2169,2861,74,29,45,299,128,171,1493,648,845,288,109,179,1894,891,1003,305,133,172,163,46,117,507,181,326,7,4,3,0,0,0,Marzo 2019
2019,Marzo,CIUDAD LINEAL,10530,4567,5963,87,23,64,256,117,139,3147,1429,1718,573,221,352,3999,1861,2138,596,236,360,428,137,291,1429,542,887,15,1,14,0,0,0,Marzo 2019
2019,Marzo,HORTALEZA,7729,3229,4500,110,42,68,388,183,205,1662,725,937,459,173,286,2837,1259,1578,482,209,273,369,127,242,1413,509,904,9,2,7,0,0,0,Marzo 2019
2019,Marzo,VILLAVERDE,10746,4631,6115,74,19,55,656,287,369,3918,1780,2138,680,249,431,4426,1956,2470,437,171,266,175,40,135,374,127,247,6,2,4,0,0,0,Marzo 2019
2019,Marzo,VILLA DE VALLECAS,7273,2999,4274,129,51,78,1087,510,577,1897,873,1024,457,155,302,2731,1090,1641,351,139,212,172,45,127,445,134,311,4,2,2,0,0,0,Marzo 2019
2019,Marzo,VICÁLVARO,4542,1909,2633,123,54,69,383,178,205,1424,636,788,297,109,188,1649,724,925,251,93,158,118,32,86,297,83,214,0,0,0,0,0,0,Marzo 2019
2019,Marzo,SAN BLAS-CANILLEJAS,8849,3846,5003,90,34,56,295,119,176,2530,1169,1361,567,200,367,3740,1735,2005,544,214,330,275,83,192,798,288,510,10,4,6,0,0,0,Marzo 2019
2019,Marzo,BARAJAS,1865,787,1078,34,16,18,71,24,47,305,128,177,94,35,59,801,357,444,130,59,71,116,41,75,313,127,186,1,0,1,0,0,0,Marzo 2019
2019,Abril,MADRID,164835,72542,92293,2212,890,1322,12212,5577,6635,44643,20663,23980,9236,3546,5690,61109,28117,32992,8623,3711,4912,5442,1842,3600,21135,8122,13013,223,74,149,0,0,0,Abril 2019
2019,Abril,CENTRO,7452,3848,3604,77,43,34,340,188,152,2136,1169,967,306,150,156,2370,1335,1035,349,160,189,300,132,168,1559,665,894,15,6,9,0,0,0,Abril 2019
2019,Abril,ARGANZUELA,6612,2900,3712,40,18,22,225,117,108,1216,561,655,388,162,226,2359,1085,1274,460,203,257,385,149,236,1516,601,915,23,4,19,0,0,0,Abril 2019
2019,Abril,RETIRO,4063,1773,2290,29,15,14,143,59,84,992,456,536,172,79,93,1154,520,634,260,140,120,229,82,147,1077,420,657,7,2,5,0,0,0,Abril 2019
2019,Abril,SALAMANCA,4623,1925,2698,17,9,8,96,30,66,1482,653,829,139,38,101,1170,514,656,241,119,122,214,71,143,1245,486,759,19,5,14,0,0,0,Abril 2019
2019,Abril,CHAMARTÍN,4477,1904,2573,20,8,12,105,49,56,1121,503,618,160,58,102,1212,540,672,231,103,128,239,80,159,1373,555,818,16,8,8,0,0,0,Abril 2019
2019,Abril,TETUÁN,7968,3514,4454,30,13,17,693,311,382,2543,1177,1366,403,152,251,2555,1159,1396,383,164,219,205,65,140,1150,471,679,6,2,4,0,0,0,Abril 2019
2019,Abril,CHAMBERÍ,4572,1977,2595,21,5,16,137,73,64,792,366,426,164,48,116,1463,676,787,231,116,115,262,96,166,1482,590,892,20,7,13,0,0,0,Abril 2019
2019,Abril,FUENCARRAL - EL PARDO,8878,3738,5140,50,15,35,384,155,229,2074,968,1106,466,181,285,3101,1356,1745,516,222,294,454,148,306,1818,687,1131,15,6,9,0,0,0,Abril 2019
2019,Abril,MONCLOA - ARAVACA,4018,1789,2229,17,5,12,181,95,86,626,296,330,183,73,110,1403,644,759,255,116,139,214,82,132,1127,473,654,12,5,7,0,0,0,Abril 2019
2019,Abril,LATINA,12899,5824,7075,164,63,101,1521,708,813,2160,1018,1142,1004,403,601,5430,2619,2811,907,378,529,421,146,275,1277,483,794,15,6,9,0,0,0,Abril 2019
2019,Abril,CARABANCHEL,16155,7226,8929,115,48,67,1126,507,619,6656,3060,3596,947,370,577,5153,2427,2726,776,323,453,369,124,245,1006,367,639,7,0,7,0,0,0,Abril 2019
2019,Abril,USERA,9489,4156,5333,63,23,40,1689,760,929,2396,1079,1317,524,192,332,3904,1763,2141,340,128,212,150,51,99,417,156,261,6,4,2,0,0,0,Abril 2019
2019,Abril,PUENTE DE VALLECAS,18143,8297,9846,867,370,497,2178,991,1187,4130,2003,2127,1111,466,645,8257,3829,4428,664,306,358,237,78,159,686,248,438,13,6,7,0,0,0,Abril 2019
2019,Abril,MORATALAZ,4923,2092,2831,69,27,42,299,127,172,1448,623,825,270,101,169,1886,874,1012,287,119,168,151,41,110,508,178,330,5,2,3,0,0,0,Abril 2019
2019,Abril,CIUDAD LINEAL,10248,4414,5834,73,20,53,242,107,135,3123,1405,1718,533,205,328,3873,1797,2076,593,248,345,418,132,286,1378,499,879,15,1,14,0,0,0,Abril 2019
2019,Abril,HORTALEZA,7582,3171,4411,110,43,67,384,183,201,1691,729,962,445,154,291,2772,1236,1536,479,210,269,371,124,247,1321,490,831,9,2,7,0,0,0,Abril 2019
2019,Abril,VILLAVERDE,10595,4583,6012,76,17,59,642,282,360,3908,1766,2142,642,229,413,4376,1950,2426,414,171,243,168,36,132,366,131,235,3,1,2,0,0,0,Abril 2019
2019,Abril,VILLA DE VALLECAS,7212,2983,4229,130,50,80,1070,505,565,1956,904,1052,444,149,295,2657,1059,1598,339,126,213,166,46,120,447,142,305,3,2,1,0,0,0,Abril 2019
2019,Abril,VICÁLVARO,4438,1910,2528,121,53,68,381,179,202,1399,641,758,285,107,178,1603,724,879,244,94,150,114,34,80,291,78,213,0,0,0,0,0,0,Abril 2019
2019,Abril,SAN BLAS-CANILLEJAS,8658,3771,4887,92,33,59,307,131,176,2492,1162,1330,553,190,363,3644,1676,1968,519,206,313,268,88,180,771,280,491,12,5,7,0,0,0,Abril 2019
2019,Abril,BARAJAS,1830,747,1083,31,12,19,69,20,49,302,124,178,97,39,58,767,334,433,135,59,76,107,37,70,320,122,198,2,0,2,0,0,0,Abril 2019
2019,Mayo,MADRID,161423,70476,90947,2133,863,1270,11929,5371,6558,43830,20207,23623,9135,3442,5693,59149,27000,32149,8462,3557,4905,5313,1814,3499,21156,8120,13036,316,102,214,0,0,0,Mayo 2019
2019,Mayo,CENTRO,7269,3683,3586,67,35,32,336,182,154,2106,1130,976,296,140,156,2255,1248,1007,347,162,185,301,138,163,1530,635,895,31,13,18,0,0,0,Mayo 2019
2019,Mayo,ARGANZUELA,6487,2853,3634,35,16,19,217,112,105,1180,574,606,394,163,231,2284,1055,1229,453,190,263,369,138,231,1523,596,927,32,9,23,0,0,0,Mayo 2019
2019,Mayo,RETIRO,4025,1756,2269,28,13,15,138,56,82,1038,474,564,158,77,81,1124,514,610,235,117,118,228,78,150,1065,423,642,11,4,7,0,0,0,Mayo 2019
2019,Mayo,SALAMANCA,4505,1861,2644,14,6,8,101,36,65,1416,609,807,143,45,98,1137,505,632,230,106,124,200,68,132,1242,481,761,22,5,17,0,0,0,Mayo 2019
2019,Mayo,CHAMARTÍN,4398,1851,2547,20,7,13,102,42,60,1110,502,608,156,52,104,1183,519,664,221,98,123,229,77,152,1358,547,811,19,7,12,0,0,0,Mayo 2019
2019,Mayo,TETUÁN,7803,3419,4384,28,9,19,643,279,364,2585,1212,1373,396,153,243,2419,1088,1331,370,152,218,203,67,136,1146,457,689,13,2,11,0,0,0,Mayo 2019
2019,Mayo,CHAMBERÍ,4487,1918,2569,21,10,11,147,81,66,767,360,407,159,49,110,1398,648,750,236,119,117,244,90,154,1478,550,928,37,11,26,0,0,0,Mayo 2019
2019,Mayo,FUENCARRAL - EL PARDO,8726,3635,5091,44,14,30,366,145,221,2051,930,1121,460,169,291,2976,1287,1689,497,206,291,450,142,308,1863,734,1129,19,8,11,0,0,0,Mayo 2019
2019,Mayo,MONCLOA - ARAVACA,3912,1732,2180,18,5,13,171,87,84,611,290,321,182,71,111,1345,605,740,237,110,127,198,76,122,1132,483,649,18,5,13,0,0,0,Mayo 2019
2019,Mayo,LATINA,12607,5594,7013,169,62,107,1459,634,825,2107,981,1126,1003,392,611,5291,2530,2761,887,360,527,389,138,251,1280,490,790,22,7,15,0,0,0,Mayo 2019
2019,Mayo,CARABANCHEL,15725,6913,8812,109,49,60,1113,489,624,6448,2895,3553,937,364,573,4952,2295,2657,775,330,445,369,124,245,1013,365,648,9,2,7,0,0,0,Mayo 2019
2019,Mayo,USERA,9293,4042,5251,61,25,36,1663,737,926,2308,1038,1270,532,193,339,3803,1701,2102,339,125,214,153,55,98,425,162,263,9,6,3,0,0,0,Mayo 2019
2019,Mayo,PUENTE DE VALLECAS,17726,8113,9613,819,343,476,2136,982,1154,4065,2001,2064,1093,457,636,8029,3695,4334,652,290,362,235,83,152,683,255,428,14,7,7,0,0,0,Mayo 2019
2019,Mayo,MORATALAZ,4893,2062,2831,76,32,44,292,119,173,1415,591,824,279,102,177,1864,865,999,291,120,171,165,51,114,505,181,324,6,1,5,0,0,0,Mayo 2019
2019,Mayo,CIUDAD LINEAL,10021,4299,5722,86,27,59,232,106,126,3023,1356,1667,534,191,343,3755,1729,2026,579,232,347,406,132,274,1385,522,863,21,4,17,0,0,0,Mayo 2019
2019,Mayo,HORTALEZA,7454,3121,4333,96,41,55,374,179,195,1668,746,922,429,157,272,2688,1172,1516,477,193,284,370,127,243,1339,502,837,13,4,9,0,0,0,Mayo 2019
2019,Mayo,VILLAVERDE,10453,4470,5983,69,17,52,631,269,362,3886,1755,2131,648,211,437,4268,1882,2386,398,165,233,175,40,135,374,130,244,4,1,3,0,0,0,Mayo 2019
2019,Mayo,VILLA DE VALLECAS,7037,2912,4125,134,59,75,1060,504,556,1933,877,1056,424,139,285,2540,1015,1525,324,127,197,169,44,125,449,144,305,4,3,1,0,0,0,Mayo 2019
2019,Mayo,VICÁLVARO,4352,1845,2507,116,51,65,380,181,199,1368,618,750,274,102,172,1562,694,868,253,90,163,106,30,76,293,79,214,0,0,0,0,0,0,Mayo 2019
2019,Mayo,SAN BLAS-CANILLEJAS,8482,3672,4810,94,32,62,301,133,168,2448,1142,1306,542,177,365,3552,1639,1913,527,204,323,254,82,172,753,260,493,11,3,8,0,0,0,Mayo 2019
2019,Mayo,BARAJAS,1768,725,1043,29,10,19,67,18,49,297,126,171,96,38,58,724,314,410,134,61,73,100,34,66,320,124,196,1,0,1,0,0,0,Mayo 2019
2019,Junio,MADRID,159355,68753,90602,2045,816,1229,11756,5248,6508,43371,19748,23623,8927,3301,5626,57767,26067,31700,8406,3499,4907,5452,1849,3603,21302,8130,13172,329,95,234,0,0,0,Junio 2019
2019,Junio,CENTRO,7246,3683,3563,60,30,30,328,183,145,2127,1134,993,291,137,154,2236,1225,1011,324,157,167,297,138,159,1555,669,886,28,10,18,0,0,0,Junio 2019
2019,Junio,ARGANZUELA,6360,2737,3623,34,15,19,206,103,103,1130,539,591,368,145,223,2228,997,1231,441,192,249,376,143,233,1542,595,947,35,8,27,0,0,0,Junio 2019
2019,Junio,RETIRO,3917,1686,2231,20,9,11,120,46,74,1008,454,554,155,71,84,1080,488,592,238,120,118,220,72,148,1059,418,641,17,8,9,0,0,0,Junio 2019
2019,Junio,SALAMANCA,4428,1831,2597,11,4,7,88,32,56,1381,590,791,142,50,92,1086,476,610,227,108,119,213,73,140,1249,491,758,31,7,24,0,0,0,Junio 2019
2019,Junio,CHAMARTÍN,4326,1809,2517,21,9,12,101,43,58,1088,488,600,157,50,107,1158,507,651,214,97,117,230,85,145,1335,523,812,22,7,15,0,0,0,Junio 2019
2019,Junio,TETUÁN,7765,3375,4390,29,11,18,623,264,359,2594,1205,1389,383,140,243,2401,1081,1320,365,146,219,208,68,140,1151,459,692,11,1,10,0,0,0,Junio 2019
2019,Junio,CHAMBERÍ,4478,1877,2601,21,10,11,169,83,86,780,348,432,160,50,110,1369,622,747,220,107,113,253,98,155,1477,549,928,29,10,19,0,0,0,Junio 2019
2019,Junio,FUENCARRAL - EL PARDO,8599,3554,5045,37,11,26,364,141,223,2009,915,1094,443,158,285,2883,1242,1641,532,218,314,461,141,320,1849,722,1127,21,6,15,0,0,0,Junio 2019
2019,Junio,MONCLOA - ARAVACA,3854,1706,2148,13,2,11,175,88,87,619,294,325,170,69,101,1290,588,702,243,110,133,195,73,122,1130,477,653,19,5,14,0,0,0,Junio 2019
2019,Junio,LATINA,12518,5497,7021,168,65,103,1427,614,813,2062,942,1120,980,378,602,5196,2494,2702,892,355,537,425,143,282,1346,499,847,22,7,15,0,0,0,Junio 2019
2019,Junio,CARABANCHEL,15530,6700,8830,101,42,59,1130,483,647,6349,2823,3526,910,331,579,4814,2181,2633,784,322,462,373,126,247,1058,390,668,11,2,9,0,0,0,Junio 2019
2019,Junio,USERA,9095,3929,5166,57,23,34,1695,755,940,2235,1006,1229,539,191,348,3654,1615,2039,333,120,213,156,57,99,417,157,260,9,5,4,0,0,0,Junio 2019
2019,Junio,PUENTE DE VALLECAS,17353,7785,9568,787,318,469,2037,931,1106,4028,1930,2098,1050,426,624,7856,3563,4293,648,281,367,248,89,159,685,240,445,14,7,7,0,0,0,Junio 2019
2019,Junio,MORATALAZ,4787,2003,2784,76,32,44,292,121,171,1397,581,816,272,106,166,1784,810,974,281,111,170,178,58,120,499,181,318,8,3,5,0,0,0,Junio 2019
2019,Junio,CIUDAD LINEAL,9868,4209,5659,76,20,56,209,100,109,2981,1322,1659,513,189,324,3669,1672,1997,588,247,341,409,131,278,1406,527,879,17,1,16,0,0,0,Junio 2019
2019,Junio,HORTALEZA,7470,3054,4416,95,37,58,383,184,199,1723,757,966,433,154,279,2644,1121,1523,467,194,273,372,120,252,1340,486,854,13,1,12,0,0,0,Junio 2019
2019,Junio,VILLAVERDE,10325,4391,5934,73,21,52,605,263,342,3845,1734,2111,635,212,423,4190,1823,2367,398,160,238,182,45,137,392,131,261,5,2,3,0,0,0,Junio 2019
2019,Junio,VILLA DE VALLECAS,7040,2855,4185,129,57,72,1071,492,579,1910,836,1074,432,138,294,2524,1018,1506,331,122,209,180,45,135,459,145,314,4,2,2,0,0,0,Junio 2019
2019,Junio,VICÁLVARO,4273,1792,2481,116,52,64,365,173,192,1357,607,750,270,98,172,1514,662,852,250,84,166,108,30,78,291,85,206,2,1,1,0,0,0,Junio 2019
2019,Junio,SAN BLAS-CANILLEJAS,8354,3567,4787,92,35,57,299,133,166,2442,1111,1331,521,166,355,3463,1571,1892,512,197,315,271,86,185,745,266,479,9,2,7,0,0,0,Junio 2019
2019,Junio,BARAJAS,1769,713,1056,29,13,16,69,16,53,306,132,174,103,42,61,728,311,417,118,51,67,97,28,69,317,120,197,2,0,2,0,0,0,Junio 2019
2019,Julio,MADRID,160232,68472,91760,1937,771,1166,11545,5141,6404,43515,19681,23834,8633,3172,5461,57343,25675,31668,8588,3514,5074,5813,1927,3886,22614,8519,14095,244,72,172,0,0,0,Julio 2019
2019,Julio,CENTRO,7199,3600,3599,58,26,32,305,162,143,2046,1076,970,281,134,147,2186,1197,989,331,163,168,311,137,174,1666,701,965,15,4,11,0,0,0,Julio 2019
2019,Julio,ARGANZUELA,6499,2814,3685,40,19,21,187,93,94,1146,547,599,360,141,219,2252,1033,1219,448,200,248,409,152,257,1628,622,1006,29,7,22,0,0,0,Julio 2019
2019,Julio,RETIRO,4011,1717,2294,19,9,10,125,47,78,1039,482,557,154,74,80,1087,478,609,237,111,126,227,82,145,1106,426,680,17,8,9,0,0,0,Julio 2019
2019,Julio,SALAMANCA,4560,1888,2672,6,3,3,86,31,55,1459,614,845,144,57,87,1101,480,621,236,114,122,210,69,141,1288,513,775,30,7,23,0,0,0,Julio 2019
2019,Julio,CHAMARTÍN,4516,1880,2636,23,8,15,115,52,63,1136,506,630,158,54,104,1173,516,657,237,107,130,248,90,158,1412,542,870,14,5,9,0,0,0,Julio 2019
2019,Julio,TETUÁN,7607,3290,4317,26,9,17,607,258,349,2517,1178,1339,366,130,236,2373,1060,1313,354,140,214,222,69,153,1135,444,691,7,2,5,0,0,0,Julio 2019
2019,Julio,CHAMBERÍ,4663,1968,2695,21,10,11,161,83,78,800,360,440,158,53,105,1420,642,778,249,126,123,283,107,176,1559,582,977,12,5,7,0,0,0,Julio 2019
2019,Julio,FUENCARRAL - EL PARDO,8705,3579,5126,39,14,25,362,158,204,2074,946,1128,450,156,294,2778,1170,1608,543,222,321,492,155,337,1953,753,1200,14,5,9,0,0,0,Julio 2019
2019,Julio,MONCLOA - ARAVACA,3905,1702,2203,12,1,11,168,82,86,641,297,344,161,70,91,1304,590,714,236,101,135,211,80,131,1161,480,681,11,1,10,0,0,0,Julio 2019
2019,Julio,LATINA,12549,5447,7102,130,48,82,1364,599,765,2148,978,1170,904,352,552,5172,2428,2744,901,357,544,472,159,313,1438,520,918,20,6,14,0,0,0,Julio 2019
2019,Julio,CARABANCHEL,15399,6552,8847,95,38,57,1081,446,635,6286,2785,3501,853,309,544,4744,2111,2633,806,324,482,394,126,268,1133,412,721,7,1,6,0,0,0,Julio 2019
2019,Julio,USERA,9034,3861,5173,59,23,36,1643,727,916,2233,984,1249,514,184,330,3609,1588,2021,341,125,216,166,55,111,463,172,291,6,3,3,0,0,0,Julio 2019
2019,Julio,PUENTE DE VALLECAS,17787,7851,9936,745,304,441,2122,979,1143,4067,1914,2153,1064,414,650,7976,3561,4415,699,292,407,282,91,191,819,290,529,13,6,7,0,0,0,Julio 2019
2019,Julio,MORATALAZ,4761,1998,2763,79,33,46,281,113,168,1397,580,817,273,106,167,1736,807,929,277,108,169,182,56,126,530,193,337,6,2,4,0,0,0,Julio 2019
2019,Julio,CIUDAD LINEAL,10190,4330,5860,82,25,57,214,90,124,3089,1394,1695,522,180,342,3747,1711,2036,611,245,366,432,134,298,1479,549,930,14,2,12,0,0,0,Julio 2019
2019,Julio,HORTALEZA,7591,3032,4559,90,34,56,367,178,189,1796,772,1024,418,145,273,2568,1084,1484,477,179,298,403,126,277,1461,513,948,11,1,10,0,0,0,Julio 2019
2019,Julio,VILLAVERDE,10188,4291,5897,68,19,49,611,263,348,3767,1688,2079,610,206,404,4141,1782,2359,392,147,245,181,44,137,415,141,274,3,1,2,0,0,0,Julio 2019
2019,Julio,VILLA DE VALLECAS,6658,2676,3982,126,56,70,1017,469,548,1782,765,1017,385,125,260,2362,932,1430,331,120,211,173,46,127,479,161,318,3,2,1,0,0,0,Julio 2019
2019,Julio,VICÁLVARO,4248,1737,2511,110,47,63,363,168,195,1354,592,762,249,87,162,1500,651,849,239,77,162,120,26,94,311,88,223,2,1,1,0,0,0,Julio 2019
2019,Julio,SAN BLAS-CANILLEJAS,8362,3543,4819,80,31,49,297,128,169,2433,1089,1344,510,157,353,3388,1541,1847,522,205,317,296,94,202,826,295,531,10,3,7,0,0,0,Julio 2019
2019,Julio,BARAJAS,1800,716,1084,29,14,15,69,15,54,305,134,171,99,38,61,726,313,413,121,51,70,99,29,70,352,122,230,0,0,0,0,0,0,Julio 2019
2019,Agosto,MADRID,163467,69944,93523,1922,771,1151,11410,5109,6301,44530,20194,24336,8821,3274,5547,57934,26045,31889,9090,3737,5353,6011,1968,4043,23502,8771,14731,247,75,172,0,0,0,Agosto 2019
2019,Agosto,CENTRO,7543,3768,3775,63,29,34,323,173,150,2150,1143,1007,296,139,157,2274,1221,1053,376,194,182,335,150,185,1707,714,993,19,5,14,0,0,0,Agosto 2019
2019,Agosto,ARGANZUELA,6701,2885,3816,40,17,23,192,96,96,1159,552,607,375,150,225,2303,1056,1247,463,204,259,427,158,269,1714,645,1069,28,7,21,0,0,0,Agosto 2019
2019,Agosto,RETIRO,4124,1752,2372,15,7,8,127,52,75,1063,478,585,152,70,82,1118,495,623,232,111,121,247,86,161,1157,447,710,13,6,7,0,0,0,Agosto 2019
2019,Agosto,SALAMANCA,4732,1978,2754,7,5,2,84,29,55,1511,646,865,144,55,89,1135,511,624,246,122,124,237,75,162,1345,529,816,23,6,17,0,0,0,Agosto 2019
2019,Agosto,CHAMARTÍN,4583,1920,2663,21,6,15,98,42,56,1200,555,645,150,45,105,1167,530,637,235,97,138,259,91,168,1439,550,889,14,4,10,0,0,0,Agosto 2019
2019,Agosto,TETUÁN,7850,3396,4454,28,10,18,596,256,340,2657,1249,1408,378,135,243,2428,1072,1356,382,168,214,216,65,151,1157,439,718,8,2,6,0,0,0,Agosto 2019
2019,Agosto,CHAMBERÍ,4586,1902,2684,17,7,10,146,77,69,806,356,450,156,52,104,1357,608,749,249,120,129,266,97,169,1575,580,995,14,5,9,0,0,0,Agosto 2019
2019,Agosto,FUENCARRAL - EL PARDO,8931,3608,5323,40,14,26,354,147,207,2119,942,1177,456,162,294,2848,1211,1637,571,225,346,495,150,345,2035,752,1283,13,5,8,0,0,0,Agosto 2019
2019,Agosto,MONCLOA - ARAVACA,4089,1796,2293,11,1,10,182,88,94,680,319,361,177,81,96,1337,609,728,244,102,142,233,83,150,1214,511,703,11,2,9,0,0,0,Agosto 2019
2019,Agosto,LATINA,12763,5499,7264,140,53,87,1272,557,715,2192,990,1202,950,359,591,5200,2448,2752,972,378,594,496,163,333,1521,546,975,20,5,15,0,0,0,Agosto 2019
2019,Agosto,CARABANCHEL,15633,6693,8940,92,38,54,1059,459,600,6388,2845,3543,872,324,548,4757,2118,2639,838,349,489,421,135,286,1199,424,775,7,1,6,0,0,0,Agosto 2019
2019,Agosto,USERA,9178,3923,5255,59,23,36,1652,746,906,2302,1019,1283,531,189,342,3612,1576,2036,373,136,237,168,50,118,473,178,295,8,6,2,0,0,0,Agosto 2019
2019,Agosto,PUENTE DE VALLECAS,17409,7702,9707,725,303,422,2072,949,1123,3954,1836,2118,1034,407,627,7846,3548,4298,701,288,413,256,86,170,807,279,528,14,6,8,0,0,0,Agosto 2019
2019,Agosto,MORATALAZ,4878,2030,2848,77,33,44,263,106,157,1420,596,824,266,100,166,1775,812,963,310,128,182,188,51,137,575,202,373,4,2,2,0,0,0,Agosto 2019
2019,Agosto,CIUDAD LINEAL,10321,4394,5927,62,17,45,225,99,126,3172,1436,1736,519,184,335,3691,1681,2010,639,255,384,426,139,287,1571,582,989,16,1,15,0,0,0,Agosto 2019
2019,Agosto,HORTALEZA,7858,3202,4656,89,34,55,379,178,201,1869,792,1077,433,154,279,2643,1151,1492,526,213,313,397,125,272,1510,551,959,12,4,8,0,0,0,Agosto 2019
2019,Agosto,VILLAVERDE,10256,4345,5911,68,19,49,598,259,339,3795,1712,2083,614,220,394,4117,1783,2334,426,158,268,198,48,150,433,143,290,7,3,4,0,0,0,Agosto 2019
2019,Agosto,VILLA DE VALLECAS,7199,2891,4308,131,56,75,1053,484,569,1889,811,1078,432,140,292,2543,1032,1511,379,132,247,213,54,159,555,181,374,4,1,3,0,0,0,Agosto 2019
2019,Agosto,VICÁLVARO,4440,1868,2572,122,54,68,378,176,202,1370,621,749,263,94,169,1567,697,870,264,88,176,129,32,97,344,105,239,3,1,2,0,0,0,Agosto 2019
2019,Agosto,SAN BLAS-CANILLEJAS,8554,3630,4924,83,31,52,293,121,172,2503,1139,1364,513,169,344,3483,1570,1913,540,217,323,298,99,199,832,281,551,9,3,6,0,0,0,Agosto 2019
2019,Agosto,BARAJAS,1839,762,1077,32,14,18,64,15,49,331,157,174,110,45,65,733,316,417,124,52,72,106,31,75,339,132,207,0,0,0,0,0,0,Agosto 2019
2019,Septiembre,MADRID,162605,70037,92568,1915,785,1130,11471,5136,6335,45203,20506,24697,8838,3341,5497,57385,26027,31358,8894,3705,5189,5761,1932,3829,22877,8528,14349,261,77,184,0,0,0,Septiembre 2019
2019,Septiembre,CENTRO,7399,3723,3676,56,28,28,302,164,138,2141,1134,1007,284,138,146,2271,1242,1029,375,190,185,309,147,162,1639,672,967,22,8,14,0,0,0,Septiembre 2019
2019,Septiembre,ARGANZUELA,6698,2924,3774,40,16,24,207,108,99,1221,591,630,360,135,225,2295,1064,1231,448,201,247,402,153,249,1702,649,1053,23,7,16,0,0,0,Septiembre 2019
2019,Septiembre,RETIRO,4082,1732,2350,13,3,10,126,52,74,1018,463,555,161,79,82,1121,498,623,239,113,126,245,85,160,1145,435,710,14,4,10,0,0,0,Septiembre 2019
2019,Septiembre,SALAMANCA,4658,1930,2728,8,4,4,96,30,66,1509,627,882,133,53,80,1122,516,606,246,123,123,231,77,154,1289,494,795,24,6,18,0,0,0,Septiembre 2019
2019,Septiembre,CHAMARTÍN,4527,1919,2608,20,7,13,102,49,53,1188,557,631,161,48,113,1145,523,622,236,89,147,257,98,159,1406,545,861,12,3,9,0,0,0,Septiembre 2019
2019,Septiembre,TETUÁN,7897,3424,4473,30,12,18,607,264,343,2717,1250,1467,384,145,239,2390,1070,1320,363,161,202,204,63,141,1187,453,734,15,6,9,0,0,0,Septiembre 2019
2019,Septiembre,CHAMBERÍ,4546,1858,2688,18,8,10,154,75,79,839,364,475,170,56,114,1340,595,745,234,107,127,262,93,169,1511,553,958,18,7,11,0,0,0,Septiembre 2019
2019,Septiembre,FUENCARRAL - EL PARDO,8821,3630,5191,39,14,25,349,146,203,2169,973,1196,470,170,300,2813,1209,1604,556,226,330,461,152,309,1947,736,1211,17,4,13,0,0,0,Septiembre 2019
2019,Septiembre,MONCLOA - ARAVACA,4049,1777,2272,13,2,11,168,82,86,688,320,368,178,75,103,1307,616,691,249,106,143,230,86,144,1202,487,715,14,3,11,0,0,0,Septiembre 2019
2019,Septiembre,LATINA,12724,5553,7171,148,66,82,1234,554,680,2279,1000,1279,940,383,557,5220,2445,2775,963,403,560,466,153,313,1456,544,912,18,5,13,0,0,0,Septiembre 2019
2019,Septiembre,CARABANCHEL,15594,6692,8902,100,41,59,1034,449,585,6434,2848,3586,883,329,554,4764,2148,2616,788,331,457,404,125,279,1175,419,756,12,2,10,0,0,0,Septiembre 2019
2019,Septiembre,USERA,9286,3994,5292,64,29,35,1714,763,951,2419,1080,1339,527,187,340,3540,1561,1979,374,139,235,166,51,115,472,178,294,10,6,4,0,0,0,Septiembre 2019
2019,Septiembre,PUENTE DE VALLECAS,17215,7703,9512,705,295,410,2072,949,1123,4057,1929,2128,1044,422,622,7600,3474,4126,690,288,402,252,85,167,783,257,526,12,4,8,0,0,0,Septiembre 2019
2019,Septiembre,MORATALAZ,4939,2082,2857,72,30,42,286,111,175,1455,630,825,258,97,161,1802,826,976,312,131,181,173,52,121,578,203,375,3,2,1,0,0,0,Septiembre 2019
2019,Septiembre,CIUDAD LINEAL,10226,4402,5824,67,20,47,238,103,135,3179,1435,1744,524,189,335,3672,1694,1978,621,253,368,412,135,277,1498,572,926,15,1,14,0,0,0,Septiembre 2019
2019,Septiembre,HORTALEZA,7750,3215,4535,82,32,50,378,174,204,1903,826,1077,418,156,262,2607,1155,1452,486,206,280,394,130,264,1476,535,941,6,1,5,0,0,0,Septiembre 2019
2019,Septiembre,VILLAVERDE,10375,4366,6009,69,20,49,597,266,331,3851,1733,2118,645,230,415,4159,1785,2374,435,165,270,171,31,140,441,133,308,7,3,4,0,0,0,Septiembre 2019
2019,Septiembre,VILLA DE VALLECAS,7144,2879,4265,128,53,75,1060,481,579,1921,841,1080,423,142,281,2525,1024,1501,364,120,244,209,58,151,510,159,351,4,1,3,0,0,0,Septiembre 2019
2019,Septiembre,VICÁLVARO,4387,1815,2572,121,56,65,379,177,202,1367,603,764,266,93,173,1540,673,867,255,90,165,121,30,91,336,93,243,2,0,2,0,0,0,Septiembre 2019
2019,Septiembre,SAN BLAS-CANILLEJAS,8495,3683,4812,92,37,55,301,124,177,2511,1156,1355,508,175,333,3436,1598,1838,539,212,327,292,96,196,805,282,523,11,3,8,0,0,0,Septiembre 2019
2019,Septiembre,BARAJAS,1793,736,1057,30,12,18,67,15,52,337,146,191,101,39,62,716,311,405,121,51,70,100,32,68,319,129,190,2,1,1,0,0,0,Septiembre 2019
2019,Octubre,MADRID,164342,71279,93063,1943,793,1150,11712,5231,6481,46658,21298,25360,9165,3409,5756,57633,26432,31201,8867,3758,5109,5608,1866,3742,22496,8419,14077,260,73,187,0,0,0,Octubre 2019
2019,Octubre,CENTRO,7439,3759,3680,61,32,29,308,166,142,2190,1167,1023,289,137,152,2269,1251,1018,352,173,179,302,139,163,1647,685,962,21,9,12,0,0,0,Octubre 2019
2019,Octubre,ARGANZUELA,6700,2987,3713,38,17,21,204,105,99,1267,622,645,367,148,219,2297,1088,1209,478,225,253,396,151,245,1622,625,997,31,6,25,0,0,0,Octubre 2019
2019,Octubre,RETIRO,4076,1762,2314,11,2,9,130,55,75,1069,493,576,161,76,85,1126,522,604,223,108,115,242,89,153,1098,412,686,16,5,11,0,0,0,Octubre 2019
2019,Octubre,SALAMANCA,4720,1959,2761,10,4,6,100,36,64,1529,653,876,159,58,101,1154,520,634,242,116,126,230,74,156,1271,490,781,25,8,17,0,0,0,Octubre 2019
2019,Octubre,CHAMARTÍN,4480,1868,2612,21,8,13,113,55,58,1181,541,640,152,45,107,1139,515,624,234,86,148,232,85,147,1397,530,867,11,3,8,0,0,0,Octubre 2019
2019,Octubre,TETUÁN,8064,3509,4555,33,14,19,631,271,360,2840,1307,1533,405,148,257,2398,1091,1307,353,156,197,210,63,147,1184,456,728,10,3,7,0,0,0,Octubre 2019
2019,Octubre,CHAMBERÍ,4624,1913,2711,19,9,10,158,74,84,858,395,463,163,46,117,1365,601,764,239,109,130,256,94,162,1548,578,970,18,7,11,0,0,0,Octubre 2019
2019,Octubre,FUENCARRAL - EL PARDO,8915,3705,5210,40,17,23,355,150,205,2267,1041,1226,465,163,302,2815,1230,1585,569,240,329,469,157,312,1915,703,1212,20,4,16,0,0,0,Octubre 2019
2019,Octubre,MONCLOA - ARAVACA,4027,1761,2266,13,3,10,168,82,86,717,340,377,180,76,104,1294,592,702,234,99,135,217,82,135,1194,484,710,10,3,7,0,0,0,Octubre 2019
2019,Octubre,LATINA,12990,5702,7288,150,61,89,1264,554,710,2361,1047,1314,1001,395,606,5350,2543,2807,988,424,564,433,139,294,1423,533,890,20,6,14,0,0,0,Octubre 2019
2019,Octubre,CARABANCHEL,15871,6864,9007,103,44,59,1069,461,608,6621,2965,3656,917,354,563,4815,2193,2622,808,328,480,387,122,265,1142,395,747,9,2,7,0,0,0,Octubre 2019
2019,Octubre,USERA,9335,4079,5256,65,28,37,1764,796,968,2501,1139,1362,521,187,334,3512,1567,1945,353,134,219,160,53,107,451,171,280,8,4,4,0,0,0,Octubre 2019
2019,Octubre,PUENTE DE VALLECAS,17339,7760,9579,704,292,412,2055,929,1126,4192,1968,2224,1066,416,650,7674,3529,4145,687,296,391,229,75,154,723,252,471,9,3,6,0,0,0,Octubre 2019
2019,Octubre,MORATALAZ,4967,2101,2866,70,27,43,296,114,182,1437,615,822,289,107,182,1801,840,961,322,140,182,173,52,121,576,204,372,3,2,1,0,0,0,Octubre 2019
2019,Octubre,CIUDAD LINEAL,10368,4495,5873,75,27,48,246,106,140,3301,1502,1799,548,201,347,3654,1707,1947,598,244,354,412,135,277,1520,571,949,14,2,12,0,0,0,Octubre 2019
2019,Octubre,HORTALEZA,7780,3269,4511,81,29,52,380,182,198,1980,880,1100,437,162,275,2591,1162,1429,468,211,257,390,120,270,1444,522,922,9,1,8,0,0,0,Octubre 2019
2019,Octubre,VILLAVERDE,10561,4480,6081,71,20,51,615,269,346,3999,1794,2205,675,229,446,4157,1819,2338,439,172,267,179,36,143,419,139,280,7,2,5,0,0,0,Octubre 2019
2019,Octubre,VILLA DE VALLECAS,7222,2936,4286,129,54,75,1086,495,591,1987,867,1120,451,148,303,2526,1027,1499,354,129,225,207,58,149,477,157,320,5,1,4,0,0,0,Octubre 2019
2019,Octubre,VICÁLVARO,4491,1879,2612,121,56,65,405,192,213,1418,616,802,278,97,181,1571,693,878,256,91,165,124,33,91,314,100,214,4,1,3,0,0,0,Octubre 2019
2019,Octubre,SAN BLAS-CANILLEJAS,8574,3743,4831,102,40,62,300,120,180,2590,1194,1396,539,181,358,3423,1624,1799,538,218,320,266,83,183,807,282,525,9,1,8,0,0,0,Octubre 2019
2019,Octubre,BARAJAS,1799,748,1051,26,9,17,65,19,46,353,152,201,102,35,67,702,318,384,132,59,73,94,26,68,324,130,194,1,0,1,0,0,0,Octubre 2019
2019,Noviembre,MADRID,163632,71395,92237,1928,792,1136,11915,5345,6570,47202,21740,25462,9014,3410,5604,57218,26169,31049,8619,3692,4927,5419,1830,3589,22061,8346,13715,256,71,185,0,0,0,Noviembre 2019
2019,Noviembre,CENTRO,7521,3875,3646,61,34,27,297,164,133,2232,1223,1009,303,144,159,2291,1271,1020,359,177,182,296,140,156,1660,716,944,22,6,16,0,0,0,Noviembre 2019
2019,Noviembre,ARGANZUELA,6646,2965,3681,37,19,18,197,96,101,1254,625,629,368,151,217,2268,1072,1196,471,220,251,395,154,241,1623,621,1002,33,7,26,0,0,0,Noviembre 2019
2019,Noviembre,RETIRO,4039,1761,2278,14,3,11,127,54,73,1071,494,577,166,80,86,1134,528,606,223,110,113,223,87,136,1066,401,665,15,4,11,0,0,0,Noviembre 2019
2019,Noviembre,SALAMANCA,4736,1961,2775,9,3,6,107,38,69,1568,668,900,157,57,100,1168,526,642,237,113,124,214,59,155,1250,490,760,26,7,19,0,0,0,Noviembre 2019
2019,Noviembre,CHAMARTÍN,4480,1870,2610,20,8,12,118,56,62,1219,557,662,151,42,109,1143,497,646,223,79,144,234,86,148,1360,541,819,12,4,8,0,0,0,Noviembre 2019
2019,Noviembre,TETUÁN,8015,3514,4501,33,14,19,613,257,356,2887,1358,1529,371,133,238,2403,1087,1316,376,165,211,197,63,134,1129,436,693,6,1,5,0,0,0,Noviembre 2019
2019,Noviembre,CHAMBERÍ,4612,1913,2699,22,11,11,159,79,80,862,397,465,180,66,114,1381,604,777,229,107,122,242,87,155,1518,555,963,19,7,12,0,0,0,Noviembre 2019
2019,Noviembre,FUENCARRAL - EL PARDO,8879,3707,5172,36,17,19,367,155,212,2308,1058,1250,474,170,304,2807,1218,1589,543,229,314,444,151,293,1879,703,1176,21,6,15,0,0,0,Noviembre 2019
2019,Noviembre,MONCLOA - ARAVACA,4079,1807,2272,12,4,8,179,89,90,761,361,400,185,72,113,1274,596,678,232,111,121,221,90,131,1207,482,725,8,2,6,0,0,0,Noviembre 2019
2019,Noviembre,LATINA,12987,5793,7194,162,73,89,1260,547,713,2434,1129,1305,996,399,597,5359,2543,2816,961,430,531,443,159,284,1355,509,846,17,4,13,0,0,0,Noviembre 2019
2019,Noviembre,CARABANCHEL,15792,6886,8906,108,46,62,1102,480,622,6632,3017,3615,895,347,548,4759,2168,2591,772,313,459,381,117,264,1137,397,740,6,1,5,0,0,0,Noviembre 2019
2019,Noviembre,USERA,9245,4050,5195,58,23,35,1835,832,1003,2481,1151,1330,494,171,323,3453,1526,1927,325,126,199,152,49,103,436,166,270,11,6,5,0,0,0,Noviembre 2019
2019,Noviembre,PUENTE DE VALLECAS,17246,7752,9494,678,273,405,2075,941,1134,4287,2030,2257,1047,415,632,7570,3482,4088,639,269,370,225,72,153,717,267,450,8,3,5,0,0,0,Noviembre 2019
2019,Noviembre,MORATALAZ,4921,2096,2825,77,28,49,332,134,198,1413,611,802,273,100,173,1810,850,960,302,121,181,163,52,111,548,198,350,3,2,1,0,0,0,Noviembre 2019
2019,Noviembre,CIUDAD LINEAL,10257,4443,5814,68,23,45,247,110,137,3321,1506,1815,541,209,332,3615,1677,1938,589,243,346,394,128,266,1467,545,922,15,2,13,0,0,0,Noviembre 2019
2019,Noviembre,HORTALEZA,7678,3225,4453,85,33,52,387,192,195,2006,886,1120,428,161,267,2542,1134,1408,472,200,272,365,112,253,1382,504,878,11,3,8,0,0,0,Noviembre 2019
2019,Noviembre,VILLAVERDE,10478,4443,6035,69,18,51,621,264,357,4060,1802,2258,645,230,415,4076,1773,2303,413,174,239,180,42,138,410,138,272,4,2,2,0,0,0,Noviembre 2019
2019,Noviembre,VILLA DE VALLECAS,7216,2947,4269,129,55,74,1114,516,598,2020,890,1130,438,148,290,2497,1000,1497,344,128,216,186,49,137,483,159,324,5,2,3,0,0,0,Noviembre 2019
2019,Noviembre,VICÁLVARO,4431,1867,2564,126,57,69,413,202,211,1393,605,788,276,93,183,1547,685,862,261,103,158,116,29,87,295,92,203,4,1,3,0,0,0,Noviembre 2019
2019,Noviembre,SAN BLAS-CANILLEJAS,8536,3755,4781,99,42,57,306,121,185,2626,1209,1417,526,187,339,3392,1610,1782,521,216,305,254,77,177,803,292,511,9,1,8,0,0,0,Noviembre 2019
2019,Noviembre,BARAJAS,1838,765,1073,25,8,17,59,18,41,367,163,204,100,35,65,729,322,407,127,58,69,94,27,67,336,134,202,1,0,1,0,0,0,Noviembre 2019
2019,Diciembre,MADRID,160955,71293,89662,1881,785,1096,11708,5365,6343,46758,22089,24669,8748,3372,5376,55863,25791,30072,8436,3628,4808,5328,1826,3502,21988,8368,13620,245,69,176,0,0,0,Diciembre 2019
2019,Diciembre,CENTRO,7424,3872,3552,60,36,24,293,159,134,2199,1219,980,293,142,151,2289,1298,991,333,172,161,294,140,154,1647,702,945,16,4,12,0,0,0,Diciembre 2019
2019,Diciembre,ARGANZUELA,6580,2967,3613,33,17,16,204,99,105,1252,634,618,366,149,217,2243,1067,1176,455,208,247,380,145,235,1617,643,974,30,5,25,0,0,0,Diciembre 2019
2019,Diciembre,RETIRO,4006,1755,2251,10,3,7,122,54,68,1052,500,552,164,76,88,1114,518,596,222,107,115,228,85,143,1081,408,673,13,4,9,0,0,0,Diciembre 2019
2019,Diciembre,SALAMANCA,4641,1924,2717,8,3,5,94,34,60,1550,667,883,156,57,99,1130,516,614,227,102,125,211,62,149,1237,475,762,28,8,20,0,0,0,Diciembre 2019
2019,Diciembre,CHAMARTÍN,4419,1862,2557,21,7,14,116,53,63,1223,566,657,140,43,97,1113,491,622,220,81,139,229,82,147,1347,537,810,10,2,8,0,0,0,Diciembre 2019
2019,Diciembre,TETUÁN,7963,3515,4448,30,12,18,597,253,344,2900,1384,1516,368,136,232,2355,1073,1282,360,161,199,198,62,136,1149,434,715,6,0,6,0,0,0,Diciembre 2019
2019,Diciembre,CHAMBERÍ,4643,1967,2676,23,10,13,159,77,82,877,415,462,178,62,116,1361,623,738,229,111,118,248,92,156,1549,569,980,19,8,11,0,0,0,Diciembre 2019
2019,Diciembre,FUENCARRAL - EL PARDO,8691,3701,4990,35,17,18,338,149,189,2265,1064,1201,478,177,301,2751,1206,1545,520,215,305,424,146,278,1860,719,1141,20,8,12,0,0,0,Diciembre 2019
2019,Diciembre,MONCLOA - ARAVACA,4054,1826,2228,13,4,9,173,86,87,763,368,395,176,73,103,1273,604,669,232,109,123,224,95,129,1191,484,707,9,3,6,0,0,0,Diciembre 2019
2019,Diciembre,LATINA,12675,5773,6902,172,79,93,1259,583,676,2391,1137,1254,943,382,561,5197,2512,2685,938,422,516,421,147,274,1337,506,831,17,5,12,0,0,0,Diciembre 2019
2019,Diciembre,CARABANCHEL,15470,6932,8538,116,52,64,1082,480,602,6516,3067,3449,870,338,532,4618,2153,2465,771,325,446,374,117,257,1115,398,717,8,2,6,0,0,0,Diciembre 2019
2019,Diciembre,USERA,9095,4072,5023,51,19,32,1852,871,981,2436,1169,1267,487,180,307,3344,1492,1852,323,123,200,156,54,102,439,161,278,7,3,4,0,0,0,Diciembre 2019
2019,Diciembre,PUENTE DE VALLECAS,16851,7666,9185,657,273,384,2032,938,1094,4204,2032,2172,1012,410,602,7400,3404,3996,622,270,352,211,72,139,707,265,442,6,2,4,0,0,0,Diciembre 2019
2019,Diciembre,MORATALAZ,4839,2104,2735,77,29,48,331,138,193,1411,620,791,273,105,168,1752,833,919,284,117,167,162,55,107,544,204,340,5,3,2,0,0,0,Diciembre 2019
2019,Diciembre,CIUDAD LINEAL,10173,4493,5680,63,18,45,240,111,129,3344,1585,1759,513,198,315,3552,1653,1899,599,251,348,376,132,244,1470,543,927,16,2,14,0,0,0,Diciembre 2019
2019,Diciembre,HORTALEZA,7653,3232,4421,80,30,50,381,188,193,2032,919,1113,430,159,271,2482,1106,1376,485,210,275,360,115,245,1392,502,890,11,3,8,0,0,0,Diciembre 2019
2019,Diciembre,VILLAVERDE,10295,4466,5829,73,21,52,601,253,348,4054,1870,2184,605,221,384,3957,1748,2209,420,175,245,171,40,131,410,136,274,4,2,2,0,0,0,Diciembre 2019
2019,Diciembre,VILLA DE VALLECAS,6993,2871,4122,127,54,73,1083,504,579,1971,887,1084,426,145,281,2409,962,1447,325,117,208,184,47,137,461,153,308,7,2,5,0,0,0,Diciembre 2019
2019,Diciembre,VICÁLVARO,4352,1842,2510,118,53,65,404,200,204,1365,591,774,271,99,172,1507,672,835,249,95,154,126,31,95,309,100,209,3,1,2,0,0,0,Diciembre 2019
2019,Diciembre,SAN BLAS-CANILLEJAS,8334,3687,4647,93,40,53,289,115,174,2589,1221,1368,507,187,320,3298,1544,1754,499,211,288,253,73,180,796,294,502,10,2,8,0,0,0,Diciembre 2019
2019,Diciembre,BARAJAS,1804,766,1038,21,8,13,58,20,38,364,174,190,92,33,59,718,316,402,123,46,77,98,34,64,330,135,195,0,0,0,0,0,0,Diciembre 2019
,,,,,,,,,,,,,,,,,,,,,,,,,,,,,,,,,,,,
,,,,,,,,,,,,,,,,,,,,,,,,,,,,,,,,,,,,
Fuente: Servicio Público de Empleo Estatal Elaboración: Subdirección General de Estadística Ayuntamiento de Madrid,,,,,,,,,,,,,,,,,,,,,,,,,,,,,,,,,,,,
2020,Enero,MADRID,166337,73570,92767,1883,790,1093,11892,5412,6480,48697,22889,25808,9242,3599,5643,57402,26604,30798,8862,3778,5084,5490,1864,3626,22616,8556,14060,253,78,175,0,0,0,Enero 2020
2020,Enero,CENTRO,7631,3982,3649,61,37,24,310,176,134,2284,1264,1020,305,153,152,2293,1282,1011,365,177,188,297,146,151,1695,740,955,21,7,14,0,0,0,Enero 2020
2020,Enero,ARGANZUELA,6825,3046,3779,36,19,17,198,103,95,1291,642,649,381,159,222,2337,1092,1245,480,222,258,402,148,254,1670,652,1018,30,9,21,0,0,0,Enero 2020
2020,Enero,RETIRO,4118,1822,2296,9,4,5,111,48,63,1101,533,568,158,73,85,1152,535,617,235,115,120,229,82,147,1113,430,683,10,2,8,0,0,0,Enero 2020
2020,Enero,SALAMANCA,4717,1944,2773,8,3,5,89,24,65,1579,676,903,156,57,99,1149,534,615,239,109,130,225,71,154,1247,466,781,25,4,21,0,0,0,Enero 2020
2020,Enero,CHAMARTÍN,4508,1904,2604,23,7,16,103,45,58,1243,581,662,150,46,104,1136,495,641,236,94,142,236,89,147,1371,544,827,10,3,7,0,0,0,Enero 2020
2020,Enero,TETUÁN,8144,3608,4536,28,11,17,604,260,344,3023,1447,1576,376,145,231,2361,1080,1281,363,156,207,212,69,143,1170,439,731,7,1,6,0,0,0,Enero 2020
2020,Enero,CHAMBERÍ,4798,2041,2757,22,9,13,164,76,88,921,439,482,193,67,126,1387,638,749,244,113,131,242,92,150,1602,597,1005,23,10,13,0,0,0,Enero 2020
2020,Enero,FUENCARRAL - EL PARDO,8898,3785,5113,40,20,20,344,150,194,2354,1101,1253,498,185,313,2813,1241,1572,537,228,309,414,145,269,1879,707,1172,19,8,11,0,0,0,Enero 2020
2020,Enero,MONCLOA - ARAVACA,4145,1849,2296,15,5,10,175,83,92,797,389,408,185,72,113,1268,601,667,236,105,131,222,94,128,1235,497,738,12,3,9,0,0,0,Enero 2020
2020,Enero,LATINA,13211,5979,7232,189,85,104,1262,571,691,2486,1164,1322,1022,429,593,5421,2615,2806,984,432,552,442,153,289,1385,524,861,20,6,14,0,0,0,Enero 2020
2020,Enero,CARABANCHEL,15984,7117,8867,115,47,68,1094,485,609,6770,3159,3611,900,339,561,4750,2231,2519,777,318,459,383,119,264,1188,416,772,7,3,4,0,0,0,Enero 2020
2020,Enero,USERA,9461,4196,5265,52,19,33,1960,904,1056,2521,1184,1337,544,213,331,3412,1513,1899,344,135,209,154,54,100,465,169,296,9,5,4,0,0,0,Enero 2020
2020,Enero,PUENTE DE VALLECAS,17537,7983,9554,653,276,377,2055,941,1114,4425,2091,2334,1066,425,641,7674,3597,4077,669,293,376,225,78,147,763,280,483,7,2,5,0,0,0,Enero 2020
2020,Enero,MORATALAZ,4981,2149,2832,76,31,45,347,145,202,1457,632,825,292,115,177,1789,841,948,300,125,175,169,54,115,547,204,343,4,2,2,0,0,0,Enero 2020
2020,Enero,CIUDAD LINEAL,10512,4599,5913,63,20,43,252,118,134,3437,1590,1847,556,221,335,3641,1700,1941,620,251,369,400,132,268,1527,565,962,16,2,14,0,0,0,Enero 2020
2020,Enero,HORTALEZA,7834,3314,4520,87,34,53,366,181,185,2123,957,1166,439,163,276,2519,1129,1390,513,224,289,365,115,250,1411,507,904,11,4,7,0,0,0,Enero 2020
2020,Enero,VILLAVERDE,10703,4664,6039,64,17,47,608,254,354,4256,1957,2299,664,253,411,4064,1823,2241,439,177,262,176,45,131,427,136,291,5,2,3,0,0,0,Enero 2020
2020,Enero,VILLA DE VALLECAS,7331,3058,4273,128,53,75,1099,513,586,2081,949,1132,441,147,294,2534,1047,1487,361,136,225,201,49,152,482,163,319,4,1,3,0,0,0,Enero 2020
2020,Enero,VICÁLVARO,4466,1885,2581,111,49,62,404,200,204,1397,627,770,294,109,185,1560,689,871,258,90,168,131,27,104,308,94,214,3,0,3,0,0,0,Enero 2020
2020,Enero,SAN BLAS-CANILLEJAS,8683,3854,4829,81,35,46,288,115,173,2754,1318,1436,529,195,334,3410,1596,1814,541,226,315,271,73,198,799,292,507,10,4,6,0,0,0,Enero 2020
2020,Enero,BARAJAS,1850,791,1059,22,9,13,59,20,39,397,189,208,93,33,60,732,325,407,121,52,69,94,29,65,332,134,198,0,0,0,0,0,0,Enero 2020
2020,Febrero,MADRID,167188,74042,93146,1862,780,1082,12047,5481,6566,49715,23326,26389,9216,3593,5623,57522,26721,30801,8771,3720,5051,5444,1863,3581,22362,8484,13878,249,74,175,0,0,0,Febrero 2020
2020,Febrero,CENTRO,7595,3974,3621,57,33,24,305,176,129,2320,1293,1027,299,152,147,2290,1285,1005,359,169,190,297,146,151,1650,714,936,18,6,12,0,0,0,Febrero 2020
2020,Febrero,ARGANZUELA,6802,3076,3726,43,23,20,196,99,97,1329,647,682,364,155,209,2344,1113,1231,472,226,246,393,155,238,1637,651,986,24,7,17,0,0,0,Febrero 2020
2020,Febrero,RETIRO,4097,1787,2310,11,5,6,111,50,61,1099,520,579,158,73,85,1129,516,613,253,123,130,220,75,145,1106,423,683,10,2,8,0,0,0,Febrero 2020
2020,Febrero,SALAMANCA,4717,1961,2756,11,5,6,92,29,63,1586,681,905,164,59,105,1146,537,609,238,114,124,228,70,158,1228,460,768,24,6,18,0,0,0,Febrero 2020
2020,Febrero,CHAMARTÍN,4577,1948,2629,24,6,18,99,47,52,1294,605,689,152,51,101,1150,505,645,234,89,145,224,84,140,1389,558,831,11,3,8,0,0,0,Febrero 2020
2020,Febrero,TETUÁN,8193,3623,4570,27,11,16,611,262,349,3082,1445,1637,381,141,240,2359,1083,1276,343,151,192,211,73,138,1171,456,715,8,1,7,0,0,0,Febrero 2020
2020,Febrero,CHAMBERÍ,4832,2077,2755,19,7,12,167,78,89,940,469,471,176,59,117,1398,639,759,244,110,134,247,88,159,1623,620,1003,18,7,11,0,0,0,Febrero 2020
2020,Febrero,FUENCARRAL - EL PARDO,8951,3827,5124,44,20,24,341,151,190,2397,1119,1278,496,186,310,2816,1255,1561,549,232,317,419,150,269,1868,707,1161,21,7,14,0,0,0,Febrero 2020
2020,Febrero,MONCLOA - ARAVACA,4191,1841,2350,15,6,9,167,78,89,834,404,430,204,85,119,1263,596,667,235,95,140,224,91,133,1236,482,754,13,4,9,0,0,0,Febrero 2020
2020,Febrero,LATINA,13138,5923,7215,183,74,109,1280,581,699,2544,1163,1381,989,410,579,5367,2588,2779,954,415,539,428,154,274,1373,532,841,20,6,14,0,0,0,Febrero 2020
2020,Febrero,CARABANCHEL,16114,7166,8948,118,49,69,1129,497,632,6857,3194,3663,905,350,555,4764,2236,2528,791,323,468,386,116,270,1157,399,758,7,2,5,0,0,0,Febrero 2020
2020,Febrero,USERA,9529,4205,5324,56,21,35,2026,932,1094,2567,1199,1368,559,223,336,3358,1471,1887,357,137,220,159,55,104,437,162,275,10,5,5,0,0,0,Febrero 2020
2020,Febrero,PUENTE DE VALLECAS,17806,8175,9631,630,276,354,2092,955,1137,4570,2204,2366,1089,435,654,7800,3671,4129,658,283,375,221,79,142,736,268,468,10,4,6,0,0,0,Febrero 2020
2020,Febrero,MORATALAZ,5018,2181,2837,73,30,43,369,161,208,1472,642,830,286,111,175,1806,851,955,303,127,176,170,54,116,535,203,332,4,2,2,0,0,0,Febrero 2020
2020,Febrero,CIUDAD LINEAL,10467,4607,5860,64,22,42,240,117,123,3491,1635,1856,546,210,336,3626,1682,1944,608,255,353,388,130,258,1489,554,935,15,2,13,0,0,0,Febrero 2020
2020,Febrero,HORTALEZA,7856,3337,4519,85,36,49,344,164,180,2175,998,1177,430,160,270,2523,1137,1386,495,219,276,374,118,256,1417,501,916,13,4,9,0,0,0,Febrero 2020
2020,Febrero,VILLAVERDE,10808,4706,6102,67,20,47,607,256,351,4374,1993,2381,634,231,403,4085,1836,2249,442,182,260,173,45,128,421,141,280,5,2,3,0,0,0,Febrero 2020
2020,Febrero,VILLA DE VALLECAS,7306,3016,4290,129,53,76,1088,510,578,2112,931,1181,444,151,293,2524,1046,1478,356,128,228,177,44,133,474,152,322,2,1,1,0,0,0,Febrero 2020
2020,Febrero,VICÁLVARO,4550,1915,2635,108,46,62,429,204,225,1446,648,798,304,111,193,1576,709,867,243,78,165,134,31,103,307,88,219,3,0,3,0,0,0,Febrero 2020
2020,Febrero,SAN BLAS-CANILLEJAS,8747,3894,4853,79,31,48,290,114,176,2819,1344,1475,544,207,337,3443,1621,1822,510,215,295,269,71,198,781,288,493,12,3,9,0,0,0,Febrero 2020
2020,Febrero,BARAJAS,1894,803,1091,19,6,13,64,20,44,407,192,215,92,33,59,755,344,411,127,49,78,102,34,68,327,125,202,1,0,1,0,0,0,Febrero 2020
2020,Marzo,MADRID,172670,77020,95650,1912,796,1116,12629,5854,6775,51621,24394,27227,9241,3658,5583,59317,27708,31609,9145,3893,5252,5607,1946,3661,22992,8703,14289,206,68,138,0,0,0,Marzo 2020
2020,Marzo,CENTRO,8158,4291,3867,62,33,29,341,197,144,2480,1415,1065,314,172,142,2465,1382,1083,415,192,223,327,157,170,1736,736,1000,18,7,11,0,0,0,Marzo 2020
2020,Marzo,ARGANZUELA,7028,3171,3857,44,24,20,202,105,97,1351,647,704,371,160,211,2429,1163,1266,503,247,256,416,162,254,1691,659,1032,21,4,17,0,0,0,Marzo 2020
2020,Marzo,RETIRO,4199,1832,2367,12,5,7,119,52,67,1111,531,580,163,78,85,1162,528,634,255,121,134,223,81,142,1146,433,713,8,3,5,0,0,0,Marzo 2020
2020,Marzo,SALAMANCA,4901,2055,2846,11,5,6,88,30,58,1676,722,954,169,64,105,1196,551,645,243,121,122,246,83,163,1255,475,780,17,4,13,0,0,0,Marzo 2020
2020,Marzo,CHAMARTÍN,4713,2027,2686,21,5,16,100,50,50,1343,640,703,160,49,111,1182,522,660,247,99,148,238,92,146,1413,567,846,9,3,6,0,0,0,Marzo 2020
2020,Marzo,TETUÁN,8519,3798,4721,28,12,16,638,276,362,3214,1524,1690,391,147,244,2457,1138,1319,357,152,205,217,70,147,1209,478,731,8,1,7,0,0,0,Marzo 2020
2020,Marzo,CHAMBERÍ,4960,2137,2823,18,7,11,172,87,85,979,482,497,173,60,113,1456,667,789,254,118,136,241,89,152,1656,622,1034,11,5,6,0,0,0,Marzo 2020
2020,Marzo,FUENCARRAL - EL PARDO,9075,3890,5185,41,19,22,347,151,196,2445,1145,1300,487,179,308,2860,1296,1564,560,240,320,435,147,288,1888,707,1181,12,6,6,0,0,0,Marzo 2020
2020,Marzo,MONCLOA - ARAVACA,4265,1898,2367,13,4,9,175,85,90,873,441,432,198,85,113,1274,592,682,251,106,145,233,94,139,1236,487,749,12,4,8,0,0,0,Marzo 2020
2020,Marzo,LATINA,13557,6113,7444,192,77,115,1341,618,723,2641,1217,1424,990,406,584,5537,2669,2868,997,429,568,418,144,274,1422,547,875,19,6,13,0,0,0,Marzo 2020
2020,Marzo,CARABANCHEL,16653,7494,9159,121,49,72,1197,526,671,7152,3362,3790,885,346,539,4908,2338,2570,805,323,482,392,123,269,1186,425,761,7,2,5,0,0,0,Marzo 2020
2020,Marzo,USERA,9973,4504,5469,57,25,32,2211,1069,1142,2705,1289,1416,558,221,337,3435,1521,1914,379,149,230,159,56,103,460,169,291,9,5,4,0,0,0,Marzo 2020
2020,Marzo,PUENTE DE VALLECAS,18279,8464,9815,657,282,375,2180,999,1181,4692,2265,2427,1077,442,635,7995,3812,4183,678,299,379,227,78,149,763,283,480,10,4,6,0,0,0,Marzo 2020
2020,Marzo,MORATALAZ,5151,2239,2912,70,29,41,385,166,219,1524,680,844,283,110,173,1832,860,972,328,138,190,176,59,117,549,195,354,4,2,2,0,0,0,Marzo 2020
2020,Marzo,CIUDAD LINEAL,10725,4740,5985,65,25,40,242,113,129,3552,1670,1882,550,213,337,3735,1733,2002,633,261,372,407,149,258,1526,574,952,15,2,13,0,0,0,Marzo 2020
2020,Marzo,HORTALEZA,8136,3436,4700,90,36,54,348,172,176,2277,1025,1252,432,167,265,2625,1190,1435,498,214,284,369,111,258,1485,516,969,12,5,7,0,0,0,Marzo 2020
2020,Marzo,VILLAVERDE,11202,4909,6293,75,22,53,627,262,365,4564,2083,2481,634,238,396,4218,1915,2303,459,188,271,182,51,131,440,149,291,3,1,2,0,0,0,Marzo 2020
2020,Marzo,VILLA DE VALLECAS,7551,3144,4407,128,52,76,1106,534,572,2201,965,1236,454,157,297,2632,1085,1547,374,136,238,180,50,130,474,164,310,2,1,1,0,0,0,Marzo 2020
2020,Marzo,VICÁLVARO,4633,1992,2641,112,51,61,440,217,223,1497,683,814,294,113,181,1572,708,864,258,90,168,133,31,102,324,99,225,3,0,3,0,0,0,Marzo 2020
2020,Marzo,SAN BLAS-CANILLEJAS,9030,4033,4997,76,28,48,301,122,179,2919,1398,1521,565,213,352,3557,1674,1883,526,218,308,279,85,194,802,292,510,5,3,2,0,0,0,Marzo 2020
2020,Marzo,BARAJAS,1962,853,1109,19,6,13,69,23,46,425,210,215,93,38,55,790,364,426,125,52,73,109,34,75,331,126,205,1,0,1,0,0,0,Marzo 2020
2020,Abril,MADRID,193307,87962,105345,2151,949,1202,14530,6952,7578,58787,28342,30445,10093,4139,5954,65768,31319,34449,10278,4495,5783,6154,2141,4013,25335,9548,15787,211,77,134,0,0,0,Abril 2020
2020,Abril,CENTRO,9544,5055,4489,70,39,31,394,226,168,2962,1696,1266,369,206,163,2885,1615,1270,490,236,254,358,172,186,2000,862,1138,16,3,13,0,0,0,Abril 2020
2020,Abril,ARGANZUELA,8212,3766,4446,52,26,26,257,139,118,1706,840,866,412,184,228,2782,1372,1410,568,281,287,481,181,300,1934,738,1196,20,5,15,0,0,0,Abril 2020
2020,Abril,RETIRO,4670,2080,2590,15,6,9,131,61,70,1273,618,655,173,84,89,1304,605,699,290,144,146,241,86,155,1234,472,762,9,4,5,0,0,0,Abril 2020
2020,Abril,SALAMANCA,5424,2288,3136,11,5,6,104,37,67,1900,831,1069,177,69,108,1317,616,701,275,136,139,264,90,174,1360,501,859,16,3,13,0,0,0,Abril 2020
2020,Abril,CHAMARTÍN,5240,2293,2947,25,7,18,121,60,61,1523,732,791,171,58,113,1327,601,726,270,109,161,252,93,159,1540,628,912,11,5,6,0,0,0,Abril 2020
2020,Abril,TETUÁN,9456,4258,5198,33,15,18,727,329,398,3627,1731,1896,413,160,253,2703,1272,1431,403,181,222,236,74,162,1306,494,812,8,2,6,0,0,0,Abril 2020
2020,Abril,CHAMBERÍ,5541,2402,3139,22,9,13,208,105,103,1114,556,558,181,64,117,1621,743,878,297,142,155,281,111,170,1804,665,1139,13,7,6,0,0,0,Abril 2020
2020,Abril,FUENCARRAL - EL PARDO,9965,4326,5639,51,25,26,403,184,219,2719,1260,1459,532,202,330,3108,1429,1679,619,280,339,467,156,311,2052,783,1269,14,7,7,0,0,0,Abril 2020
2020,Abril,MONCLOA - ARAVACA,4716,2115,2601,16,5,11,202,99,103,988,487,501,217,99,118,1398,680,718,279,116,163,254,104,150,1348,518,830,14,7,7,0,0,0,Abril 2020
2020,Abril,LATINA,15265,7080,8185,208,93,115,1566,744,822,3071,1483,1588,1084,472,612,6163,3035,3128,1107,479,628,476,166,310,1570,599,971,20,9,11,0,0,0,Abril 2020
2020,Abril,CARABANCHEL,18745,8671,10074,141,62,79,1460,683,777,8050,3868,4182,965,387,578,5450,2666,2784,920,393,527,427,133,294,1325,477,848,7,2,5,0,0,0,Abril 2020
2020,Abril,USERA,11297,5254,6043,69,32,37,2603,1286,1317,3066,1521,1545,618,241,377,3827,1749,2078,424,170,254,170,62,108,510,188,322,10,5,5,0,0,0,Abril 2020
2020,Abril,PUENTE DE VALLECAS,20083,9451,10632,756,352,404,2409,1135,1274,5174,2544,2630,1166,495,671,8725,4202,4523,753,335,418,254,85,169,835,298,537,11,5,6,0,0,0,Abril 2020
2020,Abril,MORATALAZ,5629,2485,3144,73,31,42,428,191,237,1688,777,911,304,129,175,1979,928,1051,365,151,214,188,64,124,600,212,388,4,2,2,0,0,0,Abril 2020
2020,Abril,CIUDAD LINEAL,12172,5499,6673,76,34,42,325,158,167,4180,1989,2191,612,263,349,4130,1949,2181,703,305,398,448,163,285,1684,636,1048,14,2,12,0,0,0,Abril 2020
2020,Abril,HORTALEZA,8988,3860,5128,103,41,62,411,208,203,2485,1146,1339,475,182,293,2931,1354,1577,562,245,317,412,125,287,1597,555,1042,12,4,8,0,0,0,Abril 2020
2020,Abril,VILLAVERDE,12939,5898,7041,82,27,55,702,312,390,5510,2642,2868,701,278,423,4732,2190,2542,513,223,290,204,60,144,492,165,327,3,1,2,0,0,0,Abril 2020
2020,Abril,VILLA DE VALLECAS,8228,3494,4734,129,52,77,1186,584,602,2387,1062,1325,493,166,327,2882,1222,1660,422,164,258,199,57,142,528,186,342,2,1,1,0,0,0,Abril 2020
2020,Abril,VICÁLVARO,5011,2204,2807,113,52,61,459,229,230,1639,759,880,325,130,195,1708,791,917,274,98,176,133,33,100,359,112,247,1,0,1,0,0,0,Abril 2020
2020,Abril,SAN BLAS-CANILLEJAS,10006,4518,5488,85,30,55,351,151,200,3254,1566,1688,608,232,376,3911,1878,2033,604,249,355,295,88,207,893,321,572,5,3,2,0,0,0,Abril 2020
2020,Abril,BARAJAS,2176,965,1211,21,6,15,83,31,52,471,234,237,97,38,59,885,422,463,140,58,82,114,38,76,364,138,226,1,0,1,0,0,0,Abril 2020
2020,Mayo,MADRID,201976,91145,110831,2272,978,1294,15656,7388,8268,61796,29343,32453,10549,4282,6267,67899,32243,35656,10750,4693,6057,6462,2234,4228,26356,9901,16455,236,83,153,0,0,0,Mayo 2020
2020,Mayo,CENTRO,10209,5388,4821,73,42,31,457,269,188,3248,1837,1411,399,220,179,2983,1667,1316,533,251,282,388,184,204,2107,911,1196,21,7,14,0,0,0,Mayo 2020
2020,Mayo,ARGANZUELA,8588,3916,4672,54,26,28,278,142,136,1833,894,939,447,198,249,2883,1397,1486,584,293,291,488,184,304,1993,775,1218,28,7,21,0,0,0,Mayo 2020
2020,Mayo,RETIRO,4904,2168,2736,17,6,11,145,71,74,1395,678,717,183,86,97,1321,606,715,293,144,149,261,89,172,1282,487,795,7,1,6,0,0,0,Mayo 2020
2020,Mayo,SALAMANCA,5755,2434,3321,12,6,6,137,50,87,2050,891,1159,187,70,117,1379,651,728,291,141,150,265,94,171,1416,528,888,18,3,15,0,0,0,Mayo 2020
2020,Mayo,CHAMARTÍN,5607,2430,3177,32,9,23,155,78,77,1662,780,882,168,56,112,1394,629,765,285,115,170,266,100,166,1635,658,977,10,5,5,0,0,0,Mayo 2020
2020,Mayo,TETUÁN,9671,4329,5342,32,13,19,736,331,405,3728,1768,1960,422,161,261,2748,1291,1457,424,187,237,242,73,169,1332,503,829,7,2,5,0,0,0,Mayo 2020
2020,Mayo,CHAMBERÍ,5801,2510,3291,22,8,14,229,112,117,1221,610,611,182,67,115,1676,771,905,298,140,158,286,112,174,1866,682,1184,21,8,13,0,0,0,Mayo 2020
2020,Mayo,FUENCARRAL - EL PARDO,10325,4473,5852,56,27,29,452,212,240,2790,1283,1507,548,211,337,3222,1491,1731,632,286,346,494,154,340,2116,802,1314,15,7,8,0,0,0,Mayo 2020
2020,Mayo,MONCLOA - ARAVACA,4901,2162,2739,17,5,12,220,111,109,1032,512,520,222,103,119,1446,694,752,293,117,176,262,103,159,1397,511,886,12,6,6,0,0,0,Mayo 2020
2020,Mayo,LATINA,15843,7284,8559,221,93,128,1717,803,914,3160,1499,1661,1121,464,657,6321,3105,3216,1140,499,641,491,178,313,1651,634,1017,21,9,12,0,0,0,Mayo 2020
2020,Mayo,CARABANCHEL,19481,8856,10625,142,62,80,1595,733,862,8288,3881,4407,1004,397,607,5684,2745,2939,965,410,555,435,133,302,1361,493,868,7,2,5,0,0,0,Mayo 2020
2020,Mayo,USERA,11725,5347,6378,64,30,34,2771,1312,1459,3140,1522,1618,649,252,397,3930,1783,2147,454,179,275,178,63,115,528,200,328,11,6,5,0,0,0,Mayo 2020
2020,Mayo,PUENTE DE VALLECAS,21110,9873,11237,820,365,455,2566,1186,1380,5465,2653,2812,1235,524,711,9055,4363,4692,803,364,439,261,89,172,894,324,570,11,5,6,0,0,0,Mayo 2020
2020,Mayo,MORATALAZ,5891,2607,3284,79,33,46,468,209,259,1783,816,967,341,141,200,2024,957,1067,378,163,215,201,73,128,613,213,400,4,2,2,0,0,0,Mayo 2020
2020,Mayo,CIUDAD LINEAL,12802,5723,7079,86,37,49,353,165,188,4476,2077,2399,639,266,373,4246,2024,2222,743,326,417,476,168,308,1767,658,1109,16,2,14,0,0,0,Mayo 2020
2020,Mayo,HORTALEZA,9415,4039,5376,113,46,67,438,215,223,2649,1220,1429,494,189,305,3039,1399,1640,574,249,325,442,139,303,1652,576,1076,14,6,8,0,0,0,Mayo 2020
2020,Mayo,VILLAVERDE,13402,5986,7416,80,24,56,715,326,389,5748,2669,3079,736,295,441,4827,2214,2613,545,230,315,227,61,166,520,166,354,4,1,3,0,0,0,Mayo 2020
2020,Mayo,VILLA DE VALLECAS,8556,3607,4949,130,55,75,1244,613,631,2502,1100,1402,513,173,340,2966,1248,1718,436,167,269,221,65,156,541,185,356,3,1,2,0,0,0,Mayo 2020
2020,Mayo,VICÁLVARO,5187,2278,2909,112,51,61,486,244,242,1689,776,913,324,126,198,1783,824,959,285,107,178,139,33,106,369,117,252,0,0,0,0,0,0,Mayo 2020
2020,Mayo,SAN BLAS-CANILLEJAS,10468,4696,5772,88,33,55,395,166,229,3414,1620,1794,636,242,394,4039,1940,2099,639,259,380,318,98,220,933,335,598,6,3,3,0,0,0,Mayo 2020
2020,Mayo,BARAJAS,2335,1039,1296,22,7,15,99,40,59,523,257,266,99,41,58,933,444,489,155,66,89,121,41,80,383,143,240,0,0,0,0,0,0,Mayo 2020
2020,Junio,MADRID,202644,89877,112767,2272,953,1319,15653,7189,8464,62175,28691,33484,10593,4213,6380,67630,31731,35899,10660,4610,6050,6603,2254,4349,26796,10142,16654,262,94,168,0,0,0,Junio 2020
2020,Junio,CENTRO,10302,5380,4922,70,37,33,469,270,199,3324,1844,1480,383,204,179,2947,1647,1300,534,254,280,392,179,213,2158,934,1224,25,11,14,0,0,0,Junio 2020
2020,Junio,ARGANZUELA,8484,3815,4669,52,25,27,277,138,139,1813,882,931,440,181,259,2788,1352,1436,580,282,298,482,177,305,2021,769,1252,31,9,22,0,0,0,Junio 2020
2020,Junio,RETIRO,4920,2177,2743,18,7,11,144,69,75,1384,661,723,187,87,100,1317,604,713,291,145,146,261,90,171,1309,513,796,9,1,8,0,0,0,Junio 2020
2020,Junio,SALAMANCA,5872,2482,3390,15,7,8,142,51,91,2088,901,1187,191,73,118,1393,657,736,301,147,154,274,92,182,1447,549,898,21,5,16,0,0,0,Junio 2020
2020,Junio,CHAMARTÍN,5742,2478,3264,31,10,21,152,73,79,1718,796,922,184,65,119,1414,634,780,293,119,174,271,101,170,1666,676,990,13,4,9,0,0,0,Junio 2020
2020,Junio,TETUÁN,9801,4321,5480,30,11,19,696,305,391,3864,1782,2082,433,161,272,2749,1269,1480,428,188,240,258,78,180,1337,526,811,6,1,5,0,0,0,Junio 2020
2020,Junio,CHAMBERÍ,5846,2506,3340,23,9,14,223,110,113,1240,596,644,195,72,123,1696,759,937,296,140,156,291,110,181,1862,700,1162,20,10,10,0,0,0,Junio 2020
2020,Junio,FUENCARRAL - EL PARDO,10462,4507,5955,59,28,31,474,217,257,2804,1267,1537,555,215,340,3223,1482,1741,630,286,344,519,173,346,2180,832,1348,18,7,11,0,0,0,Junio 2020
2020,Junio,MONCLOA - ARAVACA,4965,2181,2784,16,5,11,220,107,113,1076,531,545,218,103,115,1416,665,751,293,119,174,268,108,160,1442,536,906,16,7,9,0,0,0,Junio 2020
2020,Junio,LATINA,15893,7137,8756,211,86,125,1721,791,930,3150,1432,1718,1120,456,664,6323,3064,3259,1145,493,652,532,182,350,1669,622,1047,22,11,11,0,0,0,Junio 2020
2020,Junio,CARABANCHEL,19468,8629,10839,141,59,82,1547,694,853,8318,3766,4552,1027,391,636,5639,2687,2952,949,399,550,446,132,314,1396,500,896,5,1,4,0,0,0,Junio 2020
2020,Junio,USERA,11687,5201,6486,66,29,37,2794,1268,1526,3141,1470,1671,640,244,396,3884,1742,2142,425,167,258,188,67,121,541,208,333,8,6,2,0,0,0,Junio 2020
2020,Junio,PUENTE DE VALLECAS,21417,9858,11559,841,368,473,2590,1159,1431,5638,2668,2970,1258,519,739,9109,4351,4758,779,348,431,280,103,177,909,336,573,13,6,7,0,0,0,Junio 2020
2020,Junio,MORATALAZ,5905,2572,3333,78,30,48,474,208,266,1801,806,995,319,132,187,2056,966,1090,367,150,217,197,66,131,607,211,396,6,3,3,0,0,0,Junio 2020
2020,Junio,CIUDAD LINEAL,12752,5564,7188,75,30,45,354,156,198,4470,2001,2469,623,256,367,4220,1978,2242,752,322,430,471,162,309,1769,656,1113,18,3,15,0,0,0,Junio 2020
2020,Junio,HORTALEZA,9453,4003,5450,107,43,64,434,213,221,2655,1178,1477,487,179,308,3051,1399,1652,565,245,320,446,144,302,1696,598,1098,12,4,8,0,0,0,Junio 2020
2020,Junio,VILLAVERDE,13121,5677,7444,82,26,56,706,316,390,5576,2471,3105,753,299,454,4720,2127,2593,531,216,315,223,58,165,523,163,360,7,1,6,0,0,0,Junio 2020
2020,Junio,VILLA DE VALLECAS,8568,3529,5039,131,51,80,1255,594,661,2497,1074,1423,520,176,344,2952,1214,1738,443,171,272,220,63,157,546,185,361,4,1,3,0,0,0,Junio 2020
2020,Junio,VICÁLVARO,5182,2241,2941,116,52,64,513,260,253,1680,751,929,328,127,201,1762,796,966,272,101,171,142,33,109,367,120,247,2,1,1,0,0,0,Junio 2020
2020,Junio,SAN BLAS-CANILLEJAS,10459,4594,5865,89,34,55,371,151,220,3418,1569,1849,631,229,402,4026,1897,2129,642,259,383,320,96,224,956,357,599,6,2,4,0,0,0,Junio 2020
2020,Junio,BARAJAS,2345,1025,1320,21,6,15,97,39,58,520,245,275,101,44,57,945,441,504,144,59,85,122,40,82,395,151,244,0,0,0,0,0,0,Junio 2020
2020,Julio,MADRID,206549,90427,116122,2283,941,1342,16132,7262,8870,63496,28767,34729,10488,4188,6300,68526,31754,36772,10859,4620,6239,6716,2305,4411,27807,10504,17303,242,86,156,0,0,0,Julio 2020
2020,Julio,CENTRO,10474,5447,5027,68,37,31,485,278,207,3397,1893,1504,372,197,175,2986,1645,1341,523,251,272,415,191,224,2207,949,1258,21,6,15,0,0,0,Julio 2020
2020,Julio,ARGANZUELA,8633,3896,4737,58,28,30,284,142,142,1808,866,942,438,189,249,2850,1389,1461,587,294,293,485,180,305,2096,802,1294,27,6,21,0,0,0,Julio 2020
2020,Julio,RETIRO,4982,2187,2795,17,7,10,153,71,82,1413,663,750,181,87,94,1310,588,722,289,136,153,260,91,169,1352,543,809,7,1,6,0,0,0,Julio 2020
2020,Julio,SALAMANCA,6040,2536,3504,14,6,8,152,55,97,2138,893,1245,175,62,113,1423,669,754,309,147,162,278,91,187,1533,608,925,18,5,13,0,0,0,Julio 2020
2020,Julio,CHAMARTÍN,5905,2550,3355,30,12,18,160,76,84,1753,803,950,186,67,119,1458,666,792,311,130,181,281,105,176,1714,687,1027,12,4,8,0,0,0,Julio 2020
2020,Julio,TETUÁN,10195,4468,5727,41,15,26,750,317,433,4009,1833,2176,429,159,270,2815,1301,1514,454,195,259,267,84,183,1423,562,861,7,2,5,0,0,0,Julio 2020
2020,Julio,CHAMBERÍ,6025,2566,3459,23,9,14,243,112,131,1280,608,672,195,70,125,1730,779,951,283,128,155,307,123,184,1949,730,1219,15,7,8,0,0,0,Julio 2020
2020,Julio,FUENCARRAL - EL PARDO,10771,4590,6181,61,33,28,486,229,257,2845,1259,1586,563,217,346,3305,1495,1810,665,301,364,548,191,357,2282,859,1423,16,6,10,0,0,0,Julio 2020
2020,Julio,MONCLOA - ARAVACA,5123,2236,2887,19,7,12,228,109,119,1091,524,567,219,98,121,1482,694,788,303,124,179,269,109,160,1500,566,934,12,5,7,0,0,0,Julio 2020
2020,Julio,LATINA,16212,7141,9071,202,77,125,1828,820,1008,3246,1425,1821,1125,458,667,6381,3062,3319,1187,496,691,534,179,355,1688,615,1073,21,9,12,0,0,0,Julio 2020
2020,Julio,CARABANCHEL,19929,8701,11228,145,56,89,1617,716,901,8542,3802,4740,1028,408,620,5699,2665,3034,969,409,560,464,138,326,1458,505,953,7,2,5,0,0,0,Julio 2020
2020,Julio,USERA,11804,5172,6632,65,29,36,2789,1245,1544,3219,1455,1764,619,241,378,3928,1746,2182,427,165,262,185,67,118,564,218,346,8,6,2,0,0,0,Julio 2020
2020,Julio,PUENTE DE VALLECAS,21478,9680,11798,814,347,467,2603,1127,1476,5657,2617,3040,1243,512,731,9116,4275,4841,793,348,445,274,98,176,965,349,616,13,7,6,0,0,0,Julio 2020
2020,Julio,MORATALAZ,6019,2621,3398,90,33,57,517,228,289,1801,800,1001,310,133,177,2094,988,1106,356,140,216,201,66,135,643,228,415,7,5,2,0,0,0,Julio 2020
2020,Julio,CIUDAD LINEAL,13048,5601,7447,82,27,55,372,153,219,4611,2025,2586,621,254,367,4290,2007,2283,767,319,448,474,149,325,1813,664,1149,18,3,15,0,0,0,Julio 2020
2020,Julio,HORTALEZA,9695,4015,5680,117,48,69,471,226,245,2748,1196,1552,479,178,301,3078,1356,1722,591,249,342,438,140,298,1759,615,1144,14,7,7,0,0,0,Julio 2020
2020,Julio,VILLAVERDE,13292,5631,7661,83,26,57,721,316,405,5679,2474,3205,739,290,449,4768,2065,2703,526,218,308,217,58,159,554,183,371,5,1,4,0,0,0,Julio 2020
2020,Julio,VILLA DE VALLECAS,8644,3521,5123,129,51,78,1267,597,670,2548,1069,1479,498,172,326,2986,1215,1771,442,164,278,221,62,159,548,191,357,5,0,5,0,0,0,Julio 2020
2020,Julio,VICÁLVARO,5263,2248,3015,119,54,65,528,255,273,1700,743,957,325,126,199,1790,808,982,278,101,177,145,37,108,376,123,253,2,1,1,0,0,0,Julio 2020
2020,Julio,SAN BLAS-CANILLEJAS,10615,4586,6029,86,32,54,382,153,229,3458,1551,1907,635,225,410,4111,1917,2194,648,252,396,330,107,223,959,347,612,6,2,4,0,0,0,Julio 2020
2020,Julio,BARAJAS,2402,1034,1368,20,7,13,96,37,59,553,268,285,108,45,63,926,424,502,151,53,98,123,39,84,424,160,264,1,1,0,0,0,0,Julio 2020
2020,Agosto,MADRID,209549,91509,118040,2327,958,1369,16413,7339,9074,64301,29134,35167,10548,4201,6347,69141,31937,37204,11090,4741,6349,6836,2322,4514,28648,10792,17856,245,85,160,0,0,0,Agosto 2020
2020,Agosto,CENTRO,10645,5540,5105,69,35,34,508,295,213,3460,1928,1532,366,192,174,3011,1647,1364,530,257,273,420,196,224,2261,984,1277,20,6,14,0,0,0,Agosto 2020
2020,Agosto,ARGANZUELA,8701,3877,4824,54,24,30,282,137,145,1804,843,961,439,188,251,2875,1400,1475,594,294,300,494,177,317,2135,809,1326,24,5,19,0,0,0,Agosto 2020
2020,Agosto,RETIRO,5059,2213,2846,19,8,11,156,73,83,1441,669,772,179,87,92,1309,578,731,289,140,149,264,93,171,1394,563,831,8,2,6,0,0,0,Agosto 2020
2020,Agosto,SALAMANCA,6108,2551,3557,15,5,10,168,64,104,2134,901,1233,171,64,107,1427,659,768,308,148,160,272,88,184,1595,619,976,18,3,15,0,0,0,Agosto 2020
2020,Agosto,CHAMARTÍN,6015,2629,3386,32,10,22,150,68,82,1790,841,949,187,69,118,1486,684,802,316,130,186,290,113,177,1754,711,1043,10,3,7,0,0,0,Agosto 2020
2020,Agosto,TETUÁN,10331,4534,5797,40,15,25,754,329,425,4017,1828,2189,437,159,278,2858,1336,1522,458,196,262,284,88,196,1476,581,895,7,2,5,0,0,0,Agosto 2020
2020,Agosto,CHAMBERÍ,6042,2550,3492,26,10,16,247,102,145,1263,599,664,194,68,126,1727,777,950,282,125,157,309,118,191,1973,741,1232,21,10,11,0,0,0,Agosto 2020
2020,Agosto,FUENCARRAL - EL PARDO,10988,4676,6312,64,34,30,475,215,260,2953,1327,1626,563,213,350,3338,1512,1826,680,305,375,558,192,366,2339,871,1468,18,7,11,0,0,0,Agosto 2020
2020,Agosto,MONCLOA - ARAVACA,5251,2296,2955,18,6,12,234,107,127,1131,549,582,217,100,117,1482,689,793,313,133,180,272,108,164,1570,599,971,14,5,9,0,0,0,Agosto 2020
2020,Agosto,LATINA,16515,7232,9283,202,76,126,1874,824,1050,3359,1466,1893,1145,458,687,6408,3080,3328,1199,516,683,543,175,368,1763,627,1136,22,10,12,0,0,0,Agosto 2020
2020,Agosto,CARABANCHEL,20110,8745,11365,139,51,88,1619,711,908,8634,3835,4799,1048,405,643,5737,2672,3065,985,421,564,464,137,327,1476,511,965,8,2,6,0,0,0,Agosto 2020
2020,Agosto,USERA,11898,5177,6721,63,28,35,2836,1263,1573,3225,1450,1775,616,241,375,3941,1728,2213,427,168,259,191,70,121,592,224,368,7,5,2,0,0,0,Agosto 2020
2020,Agosto,PUENTE DE VALLECAS,21649,9773,11876,864,382,482,2654,1135,1519,5627,2612,3015,1234,508,726,9167,4314,4853,824,360,464,275,97,178,992,360,632,12,5,7,0,0,0,Agosto 2020
2020,Agosto,MORATALAZ,6116,2643,3473,92,39,53,529,230,299,1839,810,1029,304,125,179,2117,988,1129,372,150,222,207,67,140,651,230,421,5,4,1,0,0,0,Agosto 2020
2020,Agosto,CIUDAD LINEAL,13266,5682,7584,79,25,54,377,153,224,4672,2031,2641,620,259,361,4349,2038,2311,792,327,465,479,149,330,1881,697,1184,17,3,14,0,0,0,Agosto 2020
2020,Agosto,HORTALEZA,9942,4126,5816,117,47,70,465,225,240,2776,1214,1562,491,184,307,3175,1411,1764,605,256,349,467,145,322,1829,635,1194,17,9,8,0,0,0,Agosto 2020
2020,Agosto,VILLAVERDE,13530,5711,7819,83,27,56,749,331,418,5737,2500,3237,750,296,454,4838,2073,2765,563,230,333,222,62,160,583,191,392,5,1,4,0,0,0,Agosto 2020
2020,Agosto,VILLA DE VALLECAS,8767,3577,5190,126,47,79,1297,606,691,2597,1109,1488,507,171,336,3001,1218,1783,455,165,290,221,62,159,560,199,361,3,0,3,0,0,0,Agosto 2020
2020,Agosto,VICÁLVARO,5344,2263,3081,121,52,69,546,272,274,1728,756,972,329,127,202,1806,795,1011,287,105,182,149,37,112,376,118,258,2,1,1,0,0,0,Agosto 2020
2020,Agosto,SAN BLAS-CANILLEJAS,10832,4672,6160,83,30,53,401,162,239,3561,1612,1949,638,239,399,4150,1907,2243,657,258,399,331,107,224,1006,356,650,5,1,4,0,0,0,Agosto 2020
2020,Agosto,BARAJAS,2440,1042,1398,21,7,14,92,37,55,553,254,299,113,48,65,939,431,508,154,57,97,124,41,83,442,166,276,2,1,1,0,0,0,Agosto 2020
2020,Septiembre,MADRID,206575,90636,115939,2263,934,1329,16308,7270,9038,63834,28895,34939,10654,4267,6387,68791,31947,36844,10820,4635,6185,6337,2204,4133,27323,10399,16924,245,85,160,0,0,0,Septiembre 2020
2020,Septiembre,CENTRO,10308,5355,4953,64,35,29,502,290,212,3338,1849,1489,373,195,178,2947,1621,1326,505,238,267,407,188,219,2150,931,1219,22,8,14,0,0,0,Septiembre 2020
2020,Septiembre,ARGANZUELA,8430,3770,4660,60,26,34,286,142,144,1738,805,933,457,195,262,2844,1380,1464,582,285,297,453,168,285,1983,763,1220,27,6,21,0,0,0,Septiembre 2020
2020,Septiembre,RETIRO,4976,2186,2790,20,8,12,155,70,85,1420,649,771,184,90,94,1310,598,712,295,141,154,233,81,152,1352,548,804,7,1,6,0,0,0,Septiembre 2020
2020,Septiembre,SALAMANCA,6032,2537,3495,16,5,11,156,60,96,2129,908,1221,178,66,112,1428,664,764,308,146,162,246,76,170,1552,607,945,19,5,14,0,0,0,Septiembre 2020
2020,Septiembre,CHAMARTÍN,5820,2537,3283,30,9,21,154,63,91,1733,808,925,183,69,114,1459,664,795,316,137,179,275,107,168,1661,677,984,9,3,6,0,0,0,Septiembre 2020
2020,Septiembre,TETUÁN,10224,4533,5691,37,12,25,747,327,420,3977,1821,2156,444,174,270,2879,1332,1547,438,194,244,265,88,177,1428,582,846,9,3,6,0,0,0,Septiembre 2020
2020,Septiembre,CHAMBERÍ,5870,2490,3380,26,12,14,259,107,152,1253,603,650,181,65,116,1702,770,932,249,107,142,296,111,185,1886,707,1179,18,8,10,0,0,0,Septiembre 2020
2020,Septiembre,FUENCARRAL - EL PARDO,10738,4598,6140,64,36,28,468,205,263,2938,1336,1602,557,217,340,3277,1483,1794,666,304,362,507,169,338,2244,842,1402,17,6,11,0,0,0,Septiembre 2020
2020,Septiembre,MONCLOA - ARAVACA,5141,2248,2893,17,5,12,228,108,120,1110,522,588,228,107,121,1476,682,794,309,128,181,263,107,156,1496,582,914,14,7,7,0,0,0,Septiembre 2020
2020,Septiembre,LATINA,16351,7233,9118,206,78,128,1848,810,1038,3334,1466,1868,1138,459,679,6469,3108,3361,1211,517,694,501,173,328,1621,611,1010,23,11,12,0,0,0,Septiembre 2020
2020,Septiembre,CARABANCHEL,20057,8777,11280,130,48,82,1585,693,892,8720,3868,4852,1075,416,659,5706,2681,3025,970,425,545,412,130,282,1452,515,937,7,1,6,0,0,0,Septiembre 2020
2020,Septiembre,USERA,11816,5137,6679,66,31,35,2828,1251,1577,3171,1417,1754,626,247,379,3964,1741,2223,418,166,252,179,67,112,558,213,345,6,4,2,0,0,0,Septiembre 2020
2020,Septiembre,PUENTE DE VALLECAS,21324,9615,11709,817,354,463,2640,1142,1498,5617,2584,3033,1254,518,736,9016,4236,4780,787,340,447,248,93,155,932,343,589,13,5,8,0,0,0,Septiembre 2020
2020,Septiembre,MORATALAZ,6082,2633,3449,93,40,53,544,240,304,1836,810,1026,318,124,194,2118,992,1126,354,143,211,196,63,133,618,217,401,5,4,1,0,0,0,Septiembre 2020
2020,Septiembre,CIUDAD LINEAL,13040,5608,7432,82,25,57,363,149,214,4590,2007,2583,616,260,356,4327,2031,2296,781,324,457,447,145,302,1816,665,1151,18,2,16,0,0,0,Septiembre 2020
2020,Septiembre,HORTALEZA,9854,4128,5726,116,48,68,447,215,232,2785,1202,1583,505,189,316,3186,1443,1743,591,252,339,446,154,292,1764,618,1146,14,7,7,0,0,0,Septiembre 2020
2020,Septiembre,VILLAVERDE,13510,5764,7746,81,27,54,749,333,416,5752,2509,3243,760,290,470,4856,2130,2726,556,231,325,202,57,145,549,186,363,5,1,4,0,0,0,Septiembre 2020
2020,Septiembre,VILLA DE VALLECAS,8580,3524,5056,123,48,75,1297,590,707,2555,1103,1452,488,169,319,2951,1219,1732,421,150,271,204,58,146,538,187,351,3,0,3,0,0,0,Septiembre 2020
2020,Septiembre,VICÁLVARO,5345,2300,3045,120,54,66,547,277,270,1723,763,960,342,132,210,1842,827,1015,277,98,179,135,34,101,356,114,242,3,1,2,0,0,0,Septiembre 2020
2020,Septiembre,SAN BLAS-CANILLEJAS,10702,4645,6057,78,27,51,412,162,250,3556,1602,1954,635,240,395,4113,1929,2184,636,251,385,303,98,205,965,335,630,4,1,3,0,0,0,Septiembre 2020
2020,Septiembre,BARAJAS,2375,1018,1357,17,6,11,93,36,57,559,263,296,112,45,67,921,416,505,150,58,92,119,37,82,402,156,246,2,1,1,0,0,0,Septiembre 2020
2020,Octubre,MADRID,209684,92309,117375,2291,949,1342,17106,7666,9440,65197,29390,35807,11029,4418,6611,70124,32689,37435,10819,4687,6132,6121,2164,3957,26746,10263,16483,251,83,168,0,0,0,Octubre 2020
2020,Octubre,CENTRO,10342,5385,4957,70,39,31,533,309,224,3383,1872,1511,394,203,191,2958,1623,1335,495,234,261,392,174,218,2092,922,1170,25,9,16,0,0,0,Octubre 2020
2020,Octubre,ARGANZUELA,8478,3836,4642,66,29,37,296,154,142,1790,833,957,469,204,265,2870,1403,1467,593,297,296,437,169,268,1926,741,1185,31,6,25,0,0,0,Octubre 2020
2020,Octubre,RETIRO,4958,2181,2777,21,10,11,178,79,99,1409,642,767,186,87,99,1339,604,735,279,143,136,233,84,149,1305,530,775,8,2,6,0,0,0,Octubre 2020
2020,Octubre,SALAMANCA,5992,2506,3486,14,7,7,171,59,112,2113,892,1221,185,61,124,1431,671,760,309,147,162,242,77,165,1509,589,920,18,3,15,0,0,0,Octubre 2020
2020,Octubre,CHAMARTÍN,5881,2572,3309,31,11,20,150,71,79,1774,832,942,190,70,120,1505,694,811,309,132,177,270,106,164,1639,650,989,13,6,7,0,0,0,Octubre 2020
2020,Octubre,TETUÁN,10363,4595,5768,40,14,26,782,345,437,4057,1852,2205,452,171,281,2957,1356,1601,444,197,247,250,85,165,1374,571,803,7,4,3,0,0,0,Octubre 2020
2020,Octubre,CHAMBERÍ,5993,2589,3404,26,10,16,277,114,163,1267,618,649,190,71,119,1753,797,956,261,117,144,287,125,162,1914,728,1186,18,9,9,0,0,0,Octubre 2020
2020,Octubre,FUENCARRAL - EL PARDO,10930,4727,6203,64,36,28,497,223,274,3015,1368,1647,584,235,349,3365,1541,1824,656,299,357,495,162,333,2237,856,1381,17,7,10,0,0,0,Octubre 2020
2020,Octubre,MONCLOA - ARAVACA,5264,2326,2938,17,6,11,261,123,138,1151,535,616,233,112,121,1521,720,801,319,143,176,265,102,163,1483,579,904,14,6,8,0,0,0,Octubre 2020
2020,Octubre,LATINA,16600,7350,9250,202,78,124,1905,820,1085,3394,1492,1902,1220,504,716,6596,3156,3440,1208,529,679,472,168,304,1579,596,983,24,7,17,0,0,0,Octubre 2020
2020,Octubre,CARABANCHEL,20419,8956,11463,138,55,83,1655,734,921,8904,3926,4978,1118,434,684,5821,2751,3070,982,426,556,399,132,267,1395,497,898,7,1,6,0,0,0,Octubre 2020
2020,Octubre,USERA,12133,5298,6835,68,32,36,2985,1337,1648,3225,1434,1791,646,247,399,4071,1805,2266,427,168,259,167,61,106,537,210,327,7,4,3,0,0,0,Octubre 2020
2020,Octubre,PUENTE DE VALLECAS,21791,9837,11954,816,342,474,2763,1185,1578,5800,2675,3125,1280,532,748,9222,4338,4884,780,344,436,231,90,141,887,326,561,12,5,7,0,0,0,Octubre 2020
2020,Octubre,MORATALAZ,6136,2673,3463,95,40,55,560,247,313,1864,827,1037,325,128,197,2125,1003,1122,355,142,213,190,71,119,618,212,406,4,3,1,0,0,0,Octubre 2020
2020,Octubre,CIUDAD LINEAL,13129,5695,7434,79,26,53,383,159,224,4668,2045,2623,628,260,368,4389,2077,2312,761,320,441,446,138,308,1757,668,1089,18,2,16,0,0,0,Octubre 2020
2020,Octubre,HORTALEZA,9926,4186,5740,121,47,74,486,243,243,2808,1215,1593,517,192,325,3245,1476,1769,584,251,333,431,148,283,1722,609,1113,12,5,7,0,0,0,Octubre 2020
2020,Octubre,VILLAVERDE,13812,5889,7923,83,29,54,785,347,438,5926,2555,3371,795,307,488,4945,2182,2763,553,232,321,185,53,132,536,183,353,4,1,3,0,0,0,Octubre 2020
2020,Octubre,VILLA DE VALLECAS,8757,3614,5143,127,52,75,1336,605,731,2619,1129,1490,522,184,338,3015,1258,1757,421,155,266,191,53,138,523,178,345,3,0,3,0,0,0,Octubre 2020
2020,Octubre,VICÁLVARO,5470,2321,3149,123,56,67,552,278,274,1792,774,1018,335,122,213,1882,836,1046,281,97,184,131,30,101,372,127,245,2,1,1,0,0,0,Octubre 2020
2020,Octubre,SAN BLAS-CANILLEJAS,10874,4723,6151,74,24,50,446,194,252,3669,1610,2059,645,245,400,4161,1967,2194,651,257,394,285,97,188,939,328,611,4,1,3,0,0,0,Octubre 2020
2020,Octubre,BARAJAS,2436,1050,1386,16,6,10,105,40,65,569,264,305,115,49,66,953,431,522,151,57,94,122,39,83,402,163,239,3,1,2,0,0,0,Octubre 2020
2020,Noviembre,MADRID,209851,92435,117416,2308,961,1347,17499,7866,9633,65723,29682,36041,10970,4379,6591,70146,32667,37479,10767,4629,6138,5988,2121,3867,26200,10048,16152,250,82,168,0,0,0,Noviembre 2020
2020,Noviembre,CENTRO,10280,5369,4911,69,38,31,557,323,234,3352,1854,1498,393,206,187,2960,1640,1320,502,232,270,371,167,204,2053,901,1152,23,8,15,0,0,0,Noviembre 2020
2020,Noviembre,ARGANZUELA,8423,3803,4620,65,29,36,298,157,141,1790,837,953,455,187,268,2894,1407,1487,600,298,302,418,167,251,1875,715,1160,28,6,22,0,0,0,Noviembre 2020
2020,Noviembre,RETIRO,4890,2137,2753,26,14,12,178,76,102,1417,643,774,182,87,95,1307,590,717,267,130,137,228,82,146,1275,511,764,10,4,6,0,0,0,Noviembre 2020
2020,Noviembre,SALAMANCA,5991,2499,3492,16,8,8,188,70,118,2119,879,1240,192,62,130,1427,668,759,304,140,164,246,84,162,1479,584,895,20,4,16,0,0,0,Noviembre 2020
2020,Noviembre,CHAMARTÍN,5856,2548,3308,32,11,21,168,83,85,1763,806,957,188,71,117,1505,685,820,296,131,165,277,109,168,1617,646,971,10,6,4,0,0,0,Noviembre 2020
2020,Noviembre,TETUÁN,10393,4624,5769,40,16,24,813,360,453,4104,1897,2207,452,172,280,2949,1349,1600,443,197,246,236,80,156,1348,551,797,8,2,6,0,0,0,Noviembre 2020
2020,Noviembre,CHAMBERÍ,5963,2595,3368,26,9,17,296,132,164,1266,614,652,197,75,122,1709,789,920,270,123,147,286,117,169,1896,729,1167,17,7,10,0,0,0,Noviembre 2020
2020,Noviembre,FUENCARRAL - EL PARDO,10881,4684,6197,64,39,25,501,219,282,2997,1361,1636,572,232,340,3354,1531,1823,657,297,360,499,168,331,2220,831,1389,17,6,11,0,0,0,Noviembre 2020
2020,Noviembre,MONCLOA - ARAVACA,5238,2311,2927,21,9,12,271,130,141,1159,530,629,225,102,123,1550,735,815,310,129,181,267,112,155,1423,558,865,12,6,6,0,0,0,Noviembre 2020
2020,Noviembre,LATINA,16624,7382,9242,211,83,128,1949,852,1097,3486,1544,1942,1204,499,705,6545,3119,3426,1180,509,671,478,171,307,1548,596,952,23,9,14,0,0,0,Noviembre 2020
2020,Noviembre,CARABANCHEL,20403,8989,11414,136,51,85,1684,747,937,8948,3988,4960,1099,425,674,5847,2774,3073,949,401,548,394,124,270,1339,478,861,7,1,6,0,0,0,Noviembre 2020
2020,Noviembre,USERA,12239,5356,6883,68,32,36,3018,1351,1667,3293,1468,1825,639,245,394,4090,1814,2276,426,170,256,163,60,103,535,213,322,7,3,4,0,0,0,Noviembre 2020
2020,Noviembre,PUENTE DE VALLECAS,22041,9925,12116,802,333,469,2821,1222,1599,5950,2727,3223,1282,529,753,9292,4353,4939,798,353,445,229,88,141,853,315,538,14,5,9,0,0,0,Noviembre 2020
2020,Noviembre,MORATALAZ,6079,2673,3406,95,41,54,554,245,309,1856,824,1032,329,131,198,2122,1012,1110,356,151,205,177,64,113,586,202,384,4,3,1,0,0,0,Noviembre 2020
2020,Noviembre,CIUDAD LINEAL,13167,5753,7414,83,30,53,410,168,242,4712,2096,2616,637,264,373,4398,2085,2313,767,319,448,430,141,289,1711,649,1062,19,1,18,0,0,0,Noviembre 2020
2020,Noviembre,HORTALEZA,9865,4146,5719,124,52,72,496,237,259,2753,1193,1560,521,182,339,3262,1497,1765,587,254,333,402,139,263,1708,587,1121,12,5,7,0,0,0,Noviembre 2020
2020,Noviembre,VILLAVERDE,13926,5929,7997,86,31,55,803,355,448,6047,2604,3443,778,299,479,4941,2173,2768,564,230,334,177,48,129,525,188,337,5,1,4,0,0,0,Noviembre 2020
2020,Noviembre,VILLA DE VALLECAS,8791,3637,5154,128,50,78,1350,618,732,2644,1149,1495,528,191,337,3003,1241,1762,419,158,261,197,52,145,518,178,340,4,0,4,0,0,0,Noviembre 2020
2020,Noviembre,VICÁLVARO,5438,2288,3150,126,56,70,567,281,286,1758,762,996,328,116,212,1886,829,1057,282,89,193,121,24,97,368,130,238,2,1,1,0,0,0,Noviembre 2020
2020,Noviembre,SAN BLAS-CANILLEJAS,10929,4731,6198,72,23,49,469,197,272,3753,1645,2108,653,253,400,4147,1940,2207,650,259,391,274,90,184,907,322,585,4,2,2,0,0,0,Noviembre 2020
2020,Noviembre,BARAJAS,2434,1056,1378,18,6,12,108,43,65,556,261,295,116,51,65,958,436,522,140,59,81,118,34,84,416,164,252,4,2,2,0,0,0,Noviembre 2020
2020,Diciembre,MADRID,210402,93467,116935,2309,970,1339,17792,8074,9718,66287,30276,36011,10863,4352,6511,70013,32772,37241,10737,4674,6063,5996,2147,3849,26163,10127,16036,242,75,167,0,0,0,Diciembre 2020
2020,Diciembre,CENTRO,10227,5369,4858,78,45,33,558,319,239,3352,1848,1504,376,188,188,2962,1653,1309,476,234,242,369,172,197,2035,904,1131,21,6,15,0,0,0,Diciembre 2020
2020,Diciembre,ARGANZUELA,8367,3784,4583,66,30,36,292,155,137,1791,850,941,436,176,260,2861,1374,1487,610,297,313,418,173,245,1865,724,1141,28,5,23,0,0,0,Diciembre 2020
2020,Diciembre,RETIRO,4875,2159,2716,23,11,12,180,81,99,1441,667,774,181,82,99,1276,575,701,281,141,140,223,79,144,1259,519,740,11,4,7,0,0,0,Diciembre 2020
2020,Diciembre,SALAMANCA,6034,2543,3491,14,6,8,202,81,121,2089,871,1218,189,66,123,1449,684,765,304,147,157,247,87,160,1521,598,923,19,3,16,0,0,0,Diciembre 2020
2020,Diciembre,CHAMARTÍN,5808,2524,3284,27,10,17,174,84,90,1773,806,967,195,73,122,1489,684,805,293,127,166,267,105,162,1581,630,951,9,5,4,0,0,0,Diciembre 2020
2020,Diciembre,TETUÁN,10341,4613,5728,41,17,24,834,367,467,4094,1902,2192,452,172,280,2924,1320,1604,435,199,236,235,78,157,1319,555,764,7,3,4,0,0,0,Diciembre 2020
2020,Diciembre,CHAMBERÍ,5984,2632,3352,30,12,18,309,140,169,1290,634,656,204,80,124,1690,784,906,269,124,145,282,120,162,1897,731,1166,13,7,6,0,0,0,Diciembre 2020
2020,Diciembre,FUENCARRAL - EL PARDO,10978,4733,6245,64,41,23,510,215,295,3045,1382,1663,573,233,340,3342,1537,1805,673,302,371,503,167,336,2250,849,1401,18,7,11,0,0,0,Diciembre 2020
2020,Diciembre,MONCLOA - ARAVACA,5227,2307,2920,20,9,11,267,124,143,1169,533,636,230,105,125,1546,745,801,306,131,175,256,105,151,1419,550,869,14,5,9,0,0,0,Diciembre 2020
2020,Diciembre,LATINA,16703,7536,9167,208,81,127,1989,880,1109,3518,1594,1924,1196,503,693,6572,3180,3392,1163,508,655,486,177,309,1549,605,944,22,8,14,0,0,0,Diciembre 2020
2020,Diciembre,CARABANCHEL,20481,9104,11377,137,56,81,1724,777,947,8971,4044,4927,1076,422,654,5863,2778,3085,939,395,544,398,126,272,1366,505,861,7,1,6,0,0,0,Diciembre 2020
2020,Diciembre,USERA,12328,5424,6904,70,32,38,3072,1393,1679,3347,1491,1856,634,241,393,4075,1819,2256,430,177,253,159,55,104,534,213,321,7,3,4,0,0,0,Diciembre 2020
2020,Diciembre,PUENTE DE VALLECAS,22125,10119,12006,802,334,468,2854,1267,1587,6045,2837,3208,1269,526,743,9280,4384,4896,808,369,439,228,88,140,828,311,517,11,3,8,0,0,0,Diciembre 2020
2020,Diciembre,MORATALAZ,6113,2702,3411,93,37,56,565,251,314,1883,848,1035,330,131,199,2138,1015,1123,338,142,196,181,69,112,581,206,375,4,3,1,0,0,0,Diciembre 2020
2020,Diciembre,CIUDAD LINEAL,13264,5843,7421,80,30,50,416,178,238,4798,2157,2641,637,268,369,4369,2067,2302,779,330,449,429,143,286,1737,668,1069,19,2,17,0,0,0,Diciembre 2020
2020,Diciembre,HORTALEZA,9826,4161,5665,129,54,75,511,244,267,2767,1213,1554,512,182,330,3235,1483,1752,581,251,330,410,144,266,1670,586,1084,11,4,7,0,0,0,Diciembre 2020
2020,Diciembre,VILLAVERDE,14037,6052,7985,85,29,56,808,353,455,6130,2709,3421,755,291,464,4964,2204,2760,571,226,345,184,53,131,536,186,350,4,1,3,0,0,0,Diciembre 2020
2020,Diciembre,VILLA DE VALLECAS,8744,3641,5103,130,52,78,1356,628,728,2646,1154,1492,510,183,327,2962,1237,1725,416,156,260,195,51,144,524,180,344,5,0,5,0,0,0,Diciembre 2020
2020,Diciembre,VICÁLVARO,5514,2340,3174,123,56,67,569,279,290,1821,806,1015,331,120,211,1896,834,1062,284,91,193,128,28,100,360,125,235,2,1,1,0,0,0,Diciembre 2020
2020,Diciembre,SAN BLAS-CANILLEJAS,11006,4810,6196,69,22,47,490,213,277,3762,1664,2098,662,258,404,4166,1973,2193,643,262,381,279,94,185,929,322,607,6,2,4,0,0,0,Diciembre 2020
2020,Diciembre,BARAJAS,2420,1071,1349,20,6,14,112,45,67,555,266,289,115,52,63,954,442,512,138,65,73,119,33,86,403,160,243,4,2,2,0,0,0,Diciembre 2020
2021,Enero,MADRID,214100,95308,118792,2328,997,1331,18243,8301,9942,67621,30986,36635,11044,4424,6620,70838,33300,37538,11077,4846,6231,6090,2134,3956,26603,10234,16369,256,86,170,0,0,0,Enero 2021
2021,Enero,CENTRO,10395,5448,4947,80,46,34,584,337,247,3441,1888,1553,383,193,190,2976,1661,1315,494,239,255,367,170,197,2044,905,1139,26,9,17,0,0,0,Enero 2021
2021,Enero,ARGANZUELA,8599,3916,4683,64,31,33,308,168,140,1875,889,986,446,184,262,2916,1420,1496,625,305,320,435,172,263,1901,740,1161,29,7,22,0,0,0,Enero 2021
2021,Enero,RETIRO,5011,2200,2811,24,11,13,182,75,107,1466,672,794,190,79,111,1298,600,698,295,149,146,235,87,148,1313,524,789,8,3,5,0,0,0,Enero 2021
2021,Enero,SALAMANCA,6065,2545,3520,15,6,9,223,95,128,2083,852,1231,191,67,124,1454,692,762,305,140,165,255,88,167,1519,601,918,20,4,16,0,0,0,Enero 2021
2021,Enero,CHAMARTÍN,5865,2548,3317,29,10,19,187,88,99,1759,812,947,204,74,130,1489,692,797,302,133,169,282,105,177,1600,627,973,13,7,6,0,0,0,Enero 2021
2021,Enero,TETUÁN,10499,4663,5836,40,17,23,849,368,481,4184,1948,2236,454,170,284,2946,1329,1617,459,214,245,239,74,165,1323,542,781,5,1,4,0,0,0,Enero 2021
2021,Enero,CHAMBERÍ,6022,2617,3405,29,13,16,307,133,174,1282,623,659,205,77,128,1705,788,917,277,126,151,284,116,168,1915,730,1185,18,11,7,0,0,0,Enero 2021
2021,Enero,FUENCARRAL - EL PARDO,11124,4802,6322,65,40,25,527,221,306,3094,1401,1693,568,225,343,3387,1570,1817,690,309,381,507,166,341,2266,862,1404,20,8,12,0,0,0,Enero 2021
2021,Enero,MONCLOA - ARAVACA,5278,2329,2949,18,9,9,291,136,155,1182,551,631,230,105,125,1546,729,817,309,142,167,244,96,148,1446,556,890,12,5,7,0,0,0,Enero 2021
2021,Enero,LATINA,16993,7713,9280,203,81,122,2035,910,1125,3616,1649,1967,1191,502,689,6623,3229,3394,1213,531,682,496,172,324,1595,631,964,21,8,13,0,0,0,Enero 2021
2021,Enero,CARABANCHEL,20852,9257,11595,146,60,86,1747,796,951,9104,4119,4985,1108,435,673,5957,2819,3138,976,398,578,413,131,282,1394,499,895,7,0,7,0,0,0,Enero 2021
2021,Enero,USERA,12652,5576,7076,73,36,37,3176,1439,1737,3424,1534,1890,650,249,401,4159,1849,2310,450,187,263,168,58,110,546,221,325,6,3,3,0,0,0,Enero 2021
2021,Enero,PUENTE DE VALLECAS,22568,10367,12201,819,345,474,2915,1310,1605,6188,2882,3306,1289,542,747,9436,4478,4958,823,389,434,226,87,139,859,330,529,13,4,9,0,0,0,Enero 2021
2021,Enero,MORATALAZ,6248,2752,3496,95,40,55,580,257,323,1930,864,1066,347,146,201,2164,1025,1139,341,141,200,189,70,119,596,205,391,6,4,2,0,0,0,Enero 2021
2021,Enero,CIUDAD LINEAL,13602,6027,7575,79,29,50,448,199,249,4942,2255,2687,650,264,386,4440,2100,2340,802,348,454,421,142,279,1799,688,1111,21,2,19,0,0,0,Enero 2021
2021,Enero,HORTALEZA,9915,4204,5711,126,53,73,519,245,274,2818,1247,1571,511,180,331,3250,1487,1763,597,259,338,399,135,264,1686,594,1092,9,4,5,0,0,0,Enero 2021
2021,Enero,VILLAVERDE,14326,6235,8091,91,35,56,820,358,462,6311,2818,3493,771,297,474,5025,2257,2768,574,226,348,188,54,134,542,189,353,4,1,3,0,0,0,Enero 2021
2021,Enero,VILLA DE VALLECAS,8819,3691,5128,126,48,78,1356,628,728,2693,1189,1504,497,181,316,2981,1248,1733,428,162,266,197,57,140,536,178,358,5,0,5,0,0,0,Enero 2021
2021,Enero,VICÁLVARO,5567,2364,3203,118,57,61,567,274,293,1849,811,1038,344,126,218,1894,843,1051,303,103,200,123,23,100,366,126,240,3,1,2,0,0,0,Enero 2021
2021,Enero,SAN BLAS-CANILLEJAS,11235,4959,6276,71,24,47,502,214,288,3805,1700,2105,697,278,419,4241,2038,2203,669,274,395,298,96,202,946,333,613,6,2,4,0,0,0,Enero 2021
2021,Enero,BARAJAS,2465,1095,1370,17,6,11,120,50,70,575,282,293,118,50,68,951,446,505,145,71,74,124,35,89,411,153,258,4,2,2,0,0,0,Enero 2021
2021,Febrero,MADRID,217294,96648,120646,2342,986,1356,18821,8590,10231,68904,31483,37421,11206,4496,6710,71997,33748,38249,11135,4861,6274,6023,2104,3919,26600,10291,16309,266,89,177,0,0,0,Febrero 2021
2021,Febrero,CENTRO,10562,5571,4991,85,51,34,625,370,255,3519,1924,1595,399,207,192,3019,1674,1345,490,240,250,358,167,191,2047,931,1116,20,7,13,0,0,0,Febrero 2021
2021,Febrero,ARGANZUELA,8677,3939,4738,68,29,39,319,169,150,1931,914,1017,449,185,264,2958,1428,1530,621,307,314,430,170,260,1872,729,1143,29,8,21,0,0,0,Febrero 2021
2021,Febrero,RETIRO,5025,2228,2797,22,10,12,196,85,111,1503,693,810,185,84,101,1309,600,709,293,146,147,229,86,143,1277,519,758,11,5,6,0,0,0,Febrero 2021
2021,Febrero,SALAMANCA,6150,2612,3538,15,6,9,235,100,135,2127,880,1247,197,73,124,1490,713,777,306,142,164,254,85,169,1508,608,900,18,5,13,0,0,0,Febrero 2021
2021,Febrero,CHAMARTÍN,5929,2581,3348,26,9,17,196,94,102,1771,815,956,211,77,134,1529,710,819,295,131,164,276,102,174,1613,635,978,12,8,4,0,0,0,Febrero 2021
2021,Febrero,TETUÁN,10669,4715,5954,39,18,21,876,379,497,4258,1974,2284,457,164,293,2989,1335,1654,470,219,251,238,75,163,1333,549,784,9,2,7,0,0,0,Febrero 2021
2021,Febrero,CHAMBERÍ,6101,2653,3448,28,11,17,322,146,176,1335,649,686,207,79,128,1725,789,936,275,123,152,286,113,173,1907,736,1171,16,7,9,0,0,0,Febrero 2021
2021,Febrero,FUENCARRAL - EL PARDO,11271,4844,6427,66,38,28,543,238,305,3178,1427,1751,568,224,344,3431,1569,1862,683,305,378,504,169,335,2278,867,1411,20,7,13,0,0,0,Febrero 2021
2021,Febrero,MONCLOA - ARAVACA,5334,2385,2949,19,10,9,323,158,165,1200,552,648,227,106,121,1583,760,823,314,146,168,238,98,140,1413,548,865,17,7,10,0,0,0,Febrero 2021
2021,Febrero,LATINA,17318,7821,9497,208,80,128,2082,941,1141,3714,1671,2043,1210,504,706,6764,3306,3458,1238,527,711,484,168,316,1595,617,978,23,7,16,0,0,0,Febrero 2021
2021,Febrero,CARABANCHEL,21218,9462,11756,155,64,91,1789,823,966,9253,4191,5062,1140,454,686,6091,2885,3206,987,413,574,415,138,277,1381,493,888,7,1,6,0,0,0,Febrero 2021
2021,Febrero,USERA,12912,5678,7234,71,35,36,3326,1498,1828,3463,1549,1914,670,263,407,4238,1877,2361,446,189,257,162,54,108,530,210,320,6,3,3,0,0,0,Febrero 2021
2021,Febrero,PUENTE DE VALLECAS,22878,10457,12421,822,343,479,2974,1311,1663,6319,2937,3382,1291,534,757,9533,4517,5016,829,389,440,219,76,143,878,345,533,13,5,8,0,0,0,Febrero 2021
2021,Febrero,MORATALAZ,6243,2739,3504,94,40,54,577,252,325,1907,861,1046,342,144,198,2180,1024,1156,342,134,208,192,71,121,604,210,394,5,3,2,0,0,0,Febrero 2021
2021,Febrero,CIUDAD LINEAL,13807,6084,7723,75,27,48,460,197,263,5007,2249,2758,667,270,397,4544,2161,2383,822,353,469,408,134,274,1799,691,1108,25,2,23,0,0,0,Febrero 2021
2021,Febrero,HORTALEZA,10088,4268,5820,127,47,80,558,264,294,2859,1266,1593,531,192,339,3286,1509,1777,601,259,342,406,137,269,1707,588,1119,13,6,7,0,0,0,Febrero 2021
2021,Febrero,VILLAVERDE,14540,6309,8231,90,36,54,799,346,453,6440,2868,3572,784,299,485,5090,2277,2813,592,236,356,186,53,133,555,193,362,4,1,3,0,0,0,Febrero 2021
2021,Febrero,VILLA DE VALLECAS,8949,3749,5200,126,49,77,1386,643,743,2741,1207,1534,502,175,327,3025,1274,1751,423,159,264,188,54,134,551,187,364,7,1,6,0,0,0,Febrero 2021
2021,Febrero,VICÁLVARO,5617,2406,3211,118,52,66,568,283,285,1854,817,1037,352,133,219,1936,861,1075,296,100,196,124,26,98,366,133,233,3,1,2,0,0,0,Febrero 2021
2021,Febrero,SAN BLAS-CANILLEJAS,11474,5026,6448,71,26,45,533,233,300,3912,1739,2173,691,273,418,4316,2035,2281,665,273,392,304,94,210,977,351,626,5,2,3,0,0,0,Febrero 2021
2021,Febrero,BARAJAS,2532,1121,1411,17,5,12,134,60,74,613,300,313,126,56,70,961,444,517,147,70,77,122,34,88,409,151,258,3,1,2,0,0,0,Febrero 2021
2021,Marzo,MADRID,214446,94902,119544,2311,961,1350,18800,8544,10256,67781,30779,37002,11076,4393,6683,71370,33357,38013,10979,4743,6236,5999,2069,3930,25874,9965,15909,256,91,165,0,0,0,Marzo 2021
2021,Marzo,CENTRO,10355,5423,4932,77,43,34,632,362,270,3450,1875,1575,386,188,198,2981,1650,1331,480,227,253,352,165,187,1974,902,1072,23,11,12,0,0,0,Marzo 2021
2021,Marzo,ARGANZUELA,8504,3870,4634,67,30,37,317,166,151,1876,880,996,440,184,256,2911,1423,1488,600,291,309,420,170,250,1845,718,1127,28,8,20,0,0,0,Marzo 2021
2021,Marzo,RETIRO,4972,2196,2776,25,13,12,190,85,105,1506,696,810,179,81,98,1288,589,699,291,144,147,237,88,149,1246,497,749,10,3,7,0,0,0,Marzo 2021
2021,Marzo,SALAMANCA,6064,2551,3513,17,8,9,244,101,143,2084,871,1213,195,69,126,1452,689,763,297,127,170,260,87,173,1497,596,901,18,3,15,0,0,0,Marzo 2021
2021,Marzo,CHAMARTÍN,5800,2487,3313,29,9,20,194,93,101,1716,777,939,205,76,129,1517,686,831,294,124,170,272,105,167,1561,609,952,12,8,4,0,0,0,Marzo 2021
2021,Marzo,TETUÁN,10611,4688,5923,40,17,23,866,383,483,4221,1941,2280,468,172,296,2995,1336,1659,471,220,251,233,74,159,1309,543,766,8,2,6,0,0,0,Marzo 2021
2021,Marzo,CHAMBERÍ,5964,2557,3407,30,12,18,332,142,190,1301,620,681,193,72,121,1698,770,928,269,127,142,284,105,179,1840,699,1141,17,10,7,0,0,0,Marzo 2021
2021,Marzo,FUENCARRAL - EL PARDO,11067,4722,6345,68,37,31,540,238,302,3114,1402,1712,562,224,338,3403,1543,1860,669,288,381,492,158,334,2203,825,1378,16,7,9,0,0,0,Marzo 2021
2021,Marzo,MONCLOA - ARAVACA,5268,2365,2903,15,7,8,306,155,151,1192,560,632,228,108,120,1596,766,830,309,139,170,232,91,141,1375,533,842,15,6,9,0,0,0,Marzo 2021
2021,Marzo,LATINA,17150,7700,9450,210,80,130,2049,911,1138,3696,1642,2054,1206,501,705,6725,3275,3450,1212,525,687,478,166,312,1553,592,961,21,8,13,0,0,0,Marzo 2021
2021,Marzo,CARABANCHEL,20917,9269,11648,150,59,91,1787,817,970,9096,4095,5001,1103,435,668,6024,2838,3186,980,407,573,412,133,279,1356,484,872,9,1,8,0,0,0,Marzo 2021
2021,Marzo,USERA,12785,5587,7198,68,34,34,3297,1479,1818,3396,1485,1911,672,251,421,4221,1879,2342,447,185,262,163,57,106,516,214,302,5,3,2,0,0,0,Marzo 2021
2021,Marzo,PUENTE DE VALLECAS,22500,10217,12283,796,329,467,2953,1292,1661,6150,2824,3326,1275,515,760,9407,4456,4951,821,381,440,224,75,149,859,339,520,15,6,9,0,0,0,Marzo 2021
2021,Marzo,MORATALAZ,6206,2718,3488,91,39,52,579,250,329,1907,852,1055,344,143,201,2173,1019,1154,335,137,198,187,68,119,585,207,378,5,3,2,0,0,0,Marzo 2021
2021,Marzo,CIUDAD LINEAL,13626,5990,7636,77,28,49,490,220,270,4913,2215,2698,656,259,397,4477,2106,2371,796,336,460,418,136,282,1777,688,1089,22,2,20,0,0,0,Marzo 2021
2021,Marzo,HORTALEZA,9902,4166,5736,131,50,81,546,255,291,2786,1217,1569,530,186,344,3240,1484,1756,610,262,348,408,133,275,1640,574,1066,11,5,6,0,0,0,Marzo 2021
2021,Marzo,VILLAVERDE,14456,6196,8260,90,36,54,827,364,463,6343,2789,3554,773,294,479,5094,2249,2845,588,225,363,189,50,139,548,188,360,4,1,3,0,0,0,Marzo 2021
2021,Marzo,VILLA DE VALLECAS,8787,3678,5109,126,47,79,1372,637,735,2675,1174,1501,487,169,318,2997,1271,1726,411,152,259,187,55,132,525,172,353,7,1,6,0,0,0,Marzo 2021
2021,Marzo,VICÁLVARO,5657,2438,3219,118,53,65,594,288,306,1854,823,1031,362,137,225,1935,889,1046,298,93,205,137,30,107,357,125,232,2,0,2,0,0,0,Marzo 2021
2021,Marzo,SAN BLAS-CANILLEJAS,11388,5008,6380,71,26,45,552,249,303,3925,1766,2159,686,274,412,4293,2008,2285,654,283,371,297,87,210,905,313,592,5,2,3,0,0,0,Marzo 2021
2021,Marzo,BARAJAS,2467,1076,1391,15,4,11,133,57,76,580,275,305,126,55,71,943,431,512,147,70,77,117,36,81,403,147,256,3,1,2,0,0,0,Marzo 2021
2021,Abril,MADRID,212597,93966,118631,2304,953,1351,18868,8590,10278,67413,30566,36847,10940,4303,6637,70711,32997,37714,10764,4613,6151,5893,2036,3857,25460,9821,15639,244,87,157,0,0,0,Abril 2021
2021,Abril,CENTRO,10203,5341,4862,76,43,33,630,355,275,3464,1879,1585,387,193,194,2905,1614,1291,473,225,248,344,164,180,1903,859,1044,21,9,12,0,0,0,Abril 2021
2021,Abril,ARGANZUELA,8382,3819,4563,64,30,34,329,173,156,1860,871,989,427,167,260,2869,1406,1463,587,290,297,397,161,236,1820,713,1107,29,8,21,0,0,0,Abril 2021
2021,Abril,RETIRO,4985,2198,2787,25,13,12,198,86,112,1511,696,815,179,82,97,1274,581,693,295,141,154,239,94,145,1254,502,752,10,3,7,0,0,0,Abril 2021
2021,Abril,SALAMANCA,5983,2514,3469,15,6,9,245,95,150,2035,846,1189,193,71,122,1444,690,754,309,130,179,237,77,160,1489,595,894,16,4,12,0,0,0,Abril 2021
2021,Abril,CHAMARTÍN,5689,2466,3223,31,8,23,206,95,111,1696,773,923,189,70,119,1495,684,811,283,121,162,260,99,161,1522,611,911,7,5,2,0,0,0,Abril 2021
2021,Abril,TETUÁN,10541,4645,5896,40,18,22,867,380,487,4201,1917,2284,461,174,287,3011,1340,1671,453,209,244,221,74,147,1279,531,748,8,2,6,0,0,0,Abril 2021
2021,Abril,CHAMBERÍ,5947,2578,3369,31,13,18,338,152,186,1333,640,693,197,74,123,1664,760,904,281,127,154,288,113,175,1798,689,1109,17,10,7,0,0,0,Abril 2021
2021,Abril,FUENCARRAL - EL PARDO,10985,4714,6271,68,35,33,540,239,301,3116,1415,1701,553,223,330,3390,1540,1850,649,271,378,488,162,326,2167,823,1344,14,6,8,0,0,0,Abril 2021
2021,Abril,MONCLOA - ARAVACA,5199,2292,2907,17,7,10,317,160,157,1198,550,648,223,104,119,1550,741,809,290,127,163,231,91,140,1360,507,853,13,5,8,0,0,0,Abril 2021
2021,Abril,LATINA,17037,7631,9406,213,79,134,2060,930,1130,3675,1640,2035,1186,477,709,6652,3232,3420,1197,517,680,484,161,323,1549,587,962,21,8,13,0,0,0,Abril 2021
2021,Abril,CARABANCHEL,20680,9120,11560,152,63,89,1750,784,966,9065,4049,5016,1087,432,655,5983,2805,3178,941,388,553,392,129,263,1303,469,834,7,1,6,0,0,0,Abril 2021
2021,Abril,USERA,12665,5547,7118,69,34,35,3310,1508,1802,3349,1467,1882,649,244,405,4173,1852,2321,429,172,257,156,52,104,527,217,310,3,1,2,0,0,0,Abril 2021
2021,Abril,PUENTE DE VALLECAS,22554,10253,12301,773,316,457,3005,1315,1690,6167,2840,3327,1302,520,782,9389,4470,4919,832,385,447,219,72,147,852,329,523,15,6,9,0,0,0,Abril 2021
2021,Abril,MORATALAZ,6172,2698,3474,94,41,53,579,259,320,1892,843,1049,337,142,195,2156,1006,1150,347,135,212,182,62,120,580,207,373,5,3,2,0,0,0,Abril 2021
2021,Abril,CIUDAD LINEAL,13461,5925,7536,77,26,51,479,217,262,4839,2180,2659,641,265,376,4446,2082,2364,790,335,455,424,140,284,1740,675,1065,25,5,20,0,0,0,Abril 2021
2021,Abril,HORTALEZA,9735,4092,5643,128,49,79,537,255,282,2747,1207,1540,529,178,351,3191,1453,1738,585,254,331,411,130,281,1595,560,1035,12,6,6,0,0,0,Abril 2021
2021,Abril,VILLAVERDE,14254,6036,8218,88,34,54,831,352,479,6287,2746,3541,756,273,483,4977,2181,2796,577,218,359,190,50,140,544,180,364,4,2,2,0,0,0,Abril 2021
2021,Abril,VILLA DE VALLECAS,8817,3722,5095,125,46,79,1376,647,729,2693,1187,1506,493,167,326,2995,1280,1715,411,155,256,194,55,139,524,185,339,6,0,6,0,0,0,Abril 2021
2021,Abril,VICÁLVARO,5559,2374,3185,125,57,68,578,279,299,1813,800,1013,357,136,221,1918,860,1058,282,90,192,136,34,102,348,118,230,2,0,2,0,0,0,Abril 2021
2021,Abril,SAN BLAS-CANILLEJAS,11310,4951,6359,75,29,46,552,249,303,3892,1752,2140,667,254,413,4301,1999,2302,621,262,359,286,80,206,911,324,587,5,2,3,0,0,0,Abril 2021
2021,Abril,BARAJAS,2439,1050,1389,18,6,12,141,60,81,580,268,312,127,57,70,928,421,507,132,61,71,114,36,78,395,140,255,4,1,3,0,0,0,Abril 2021
2021,Mayo,MADRID,207254,91086,116168,2229,912,1317,18540,8370,10170,65597,29592,36005,10730,4182,6548,68880,31911,36969,10487,4501,5986,5815,2025,3790,24726,9507,15219,250,86,164,0,0,0,Mayo 2021
2021,Mayo,CENTRO,9930,5129,4801,78,46,32,626,345,281,3400,1816,1584,376,185,191,2813,1545,1268,443,211,232,333,156,177,1842,816,1026,19,9,10,0,0,0,Mayo 2021
2021,Mayo,ARGANZUELA,8048,3627,4421,59,24,35,325,165,160,1764,823,941,403,155,248,2749,1335,1414,556,266,290,398,159,239,1766,692,1074,28,8,20,0,0,0,Mayo 2021
2021,Mayo,RETIRO,4856,2167,2689,22,11,11,197,93,104,1450,675,775,176,81,95,1251,582,669,291,141,150,229,93,136,1229,486,743,11,5,6,0,0,0,Mayo 2021
2021,Mayo,SALAMANCA,5858,2480,3378,12,5,7,234,89,145,1986,829,1157,195,74,121,1404,661,743,308,131,177,231,82,149,1469,604,865,19,5,14,0,0,0,Mayo 2021
2021,Mayo,CHAMARTÍN,5524,2372,3152,30,7,23,194,88,106,1629,745,884,192,68,124,1435,645,790,271,114,157,272,102,170,1494,598,896,7,5,2,0,0,0,Mayo 2021
2021,Mayo,TETUÁN,10295,4519,5776,36,14,22,855,368,487,4098,1879,2219,452,167,285,2934,1307,1627,442,200,242,231,80,151,1240,503,737,7,1,6,0,0,0,Mayo 2021
2021,Mayo,CHAMBERÍ,5736,2479,3257,28,10,18,319,145,174,1311,632,679,185,64,121,1591,718,873,268,121,147,275,112,163,1743,669,1074,16,8,8,0,0,0,Mayo 2021
2021,Mayo,FUENCARRAL - EL PARDO,10830,4597,6233,67,32,35,539,232,307,3085,1391,1694,546,214,332,3329,1494,1835,639,275,364,478,156,322,2133,797,1336,14,6,8,0,0,0,Mayo 2021
2021,Mayo,MONCLOA - ARAVACA,5061,2251,2810,16,7,9,316,164,152,1169,555,614,224,101,123,1528,720,808,279,125,154,228,86,142,1290,488,802,11,5,6,0,0,0,Mayo 2021
2021,Mayo,LATINA,16629,7455,9174,209,84,125,2030,912,1118,3574,1600,1974,1167,469,698,6487,3154,3333,1174,516,658,472,159,313,1493,554,939,23,7,16,0,0,0,Mayo 2021
2021,Mayo,CARABANCHEL,20143,8793,11350,143,58,85,1711,753,958,8829,3924,4905,1078,410,668,5812,2704,3108,929,381,548,365,116,249,1269,446,823,7,1,6,0,0,0,Mayo 2021
2021,Mayo,USERA,12340,5373,6967,65,34,31,3230,1461,1769,3235,1392,1843,643,243,400,4082,1801,2281,433,178,255,153,53,100,497,210,287,2,1,1,0,0,0,Mayo 2021
2021,Mayo,PUENTE DE VALLECAS,22086,9984,12102,758,307,451,2951,1283,1668,5994,2745,3249,1277,513,764,9246,4372,4874,821,384,437,223,75,148,802,300,502,14,5,9,0,0,0,Mayo 2021
2021,Mayo,MORATALAZ,6003,2599,3404,93,41,52,576,260,316,1814,797,1017,330,138,192,2096,962,1134,331,133,198,184,60,124,574,205,369,5,3,2,0,0,0,Mayo 2021
2021,Mayo,CIUDAD LINEAL,13133,5771,7362,68,22,46,490,221,269,4715,2146,2569,638,259,379,4335,2005,2330,745,312,433,426,142,284,1689,659,1030,27,5,22,0,0,0,Mayo 2021
2021,Mayo,HORTALEZA,9586,3985,5601,123,46,77,526,250,276,2689,1157,1532,529,179,350,3143,1408,1735,578,249,329,402,133,269,1582,558,1024,14,5,9,0,0,0,Mayo 2021
2021,Mayo,VILLAVERDE,13833,5817,8016,83,31,52,812,343,469,6091,2612,3479,747,276,471,4817,2106,2711,559,216,343,190,48,142,530,183,347,4,2,2,0,0,0,Mayo 2021
2021,Mayo,VILLA DE VALLECAS,8514,3543,4971,125,47,78,1347,620,727,2602,1132,1470,478,167,311,2875,1204,1671,385,143,242,184,51,133,509,178,331,9,1,8,0,0,0,Mayo 2021
2021,Mayo,VICÁLVARO,5467,2326,3141,120,52,68,561,270,291,1790,788,1002,343,126,217,1877,842,1035,292,91,201,139,36,103,342,120,222,3,1,2,0,0,0,Mayo 2021
2021,Mayo,SAN BLAS-CANILLEJAS,11047,4838,6209,76,28,48,563,254,309,3827,1705,2122,639,243,396,4179,1944,2235,614,257,357,287,90,197,856,315,541,6,2,4,0,0,0,Mayo 2021
2021,Mayo,BARAJAS,2335,981,1354,18,6,12,138,54,84,545,249,296,112,50,62,897,402,495,129,57,72,115,36,79,377,126,251,4,1,3,0,0,0,Mayo 2021
2021,Junio,MADRID,202866,88248,114618,2166,891,1275,18192,8214,9978,63797,28543,35254,10501,4043,6458,67199,30812,36387,10162,4285,5877,5761,1958,3803,24841,9425,15416,247,77,170,0,0,0,Junio 2021
2021,Junio,CENTRO,9730,5040,4690,75,43,32,616,340,276,3304,1774,1530,358,175,183,2771,1522,1249,416,204,212,330,153,177,1836,818,1018,24,11,13,0,0,0,Junio 2021
2021,Junio,ARGANZUELA,7867,3505,4362,49,20,29,301,151,150,1686,773,913,410,168,242,2719,1319,1400,527,252,275,397,146,251,1752,672,1080,26,4,22,0,0,0,Junio 2021
2021,Junio,RETIRO,4799,2108,2691,17,7,10,207,96,111,1433,661,772,174,73,101,1223,563,660,276,133,143,227,88,139,1235,484,751,7,3,4,0,0,0,Junio 2021
2021,Junio,SALAMANCA,5783,2419,3364,11,5,6,228,85,143,1954,814,1140,182,63,119,1367,634,733,298,132,166,237,75,162,1485,605,880,21,6,15,0,0,0,Junio 2021
2021,Junio,CHAMARTÍN,5447,2334,3113,32,8,24,200,96,104,1608,724,884,186,62,124,1413,641,772,268,111,157,264,99,165,1469,588,881,7,5,2,0,0,0,Junio 2021
2021,Junio,TETUÁN,10059,4391,5668,37,14,23,799,332,467,3999,1837,2162,443,166,277,2825,1254,1571,431,194,237,227,80,147,1293,513,780,5,1,4,0,0,0,Junio 2021
2021,Junio,CHAMBERÍ,5656,2429,3227,29,11,18,312,148,164,1281,605,676,196,70,126,1571,700,871,261,117,144,268,103,165,1722,668,1054,16,7,9,0,0,0,Junio 2021
2021,Junio,FUENCARRAL - EL PARDO,10672,4408,6264,72,35,37,517,216,301,2982,1299,1683,543,202,341,3268,1444,1824,654,276,378,485,155,330,2135,774,1361,16,7,9,0,0,0,Junio 2021
2021,Junio,MONCLOA - ARAVACA,5004,2210,2794,16,6,10,297,147,150,1154,548,606,211,95,116,1500,710,790,268,117,151,222,80,142,1323,503,820,13,4,9,0,0,0,Junio 2021
2021,Junio,LATINA,16112,7132,8980,197,76,121,1955,883,1072,3458,1546,1912,1126,442,684,6281,3011,3270,1128,482,646,459,152,307,1485,532,953,23,8,15,0,0,0,Junio 2021
2021,Junio,CARABANCHEL,19699,8535,11164,133,56,77,1697,757,940,8540,3771,4769,1062,397,665,5700,2626,3074,911,367,544,367,114,253,1282,446,836,7,1,6,0,0,0,Junio 2021
2021,Junio,USERA,11885,5155,6730,60,31,29,3162,1427,1735,3059,1310,1749,614,229,385,3923,1734,2189,401,165,236,150,49,101,513,208,305,3,2,1,0,0,0,Junio 2021
2021,Junio,PUENTE DE VALLECAS,21644,9702,11942,747,314,433,2923,1284,1639,5839,2667,3172,1254,503,751,8984,4180,4804,800,358,442,227,76,151,854,316,538,16,4,12,0,0,0,Junio 2021
2021,Junio,MORATALAZ,5974,2571,3403,87,39,48,574,262,312,1801,779,1022,326,136,190,2060,949,1111,340,140,200,185,56,129,595,207,388,6,3,3,0,0,0,Junio 2021
2021,Junio,CIUDAD LINEAL,12699,5520,7179,68,25,43,471,213,258,4538,2036,2502,592,239,353,4216,1934,2282,696,280,416,419,144,275,1676,646,1030,23,3,20,0,0,0,Junio 2021
2021,Junio,HORTALEZA,9450,3888,5562,119,41,78,524,243,281,2634,1133,1501,533,179,354,3095,1366,1729,573,237,336,405,138,267,1555,548,1007,12,3,9,0,0,0,Junio 2021
2021,Junio,VILLAVERDE,13431,5585,7846,79,30,49,802,342,460,5905,2508,3397,729,265,464,4639,2009,2630,559,209,350,176,43,133,537,177,360,5,2,3,0,0,0,Junio 2021
2021,Junio,VILLA DE VALLECAS,8417,3444,4973,125,47,78,1335,617,718,2574,1103,1471,479,166,313,2857,1174,1683,358,121,237,182,53,129,502,163,339,5,0,5,0,0,0,Junio 2021
2021,Junio,VICÁLVARO,5385,2252,3133,122,52,70,565,269,296,1772,770,1002,338,124,214,1821,794,1027,278,90,188,141,34,107,346,119,227,2,0,2,0,0,0,Junio 2021
2021,Junio,SAN BLAS-CANILLEJAS,10830,4648,6182,74,26,48,567,246,321,3718,1631,2087,634,239,395,4092,1867,2225,594,244,350,283,86,197,861,307,554,7,2,5,0,0,0,Junio 2021
2021,Junio,BARAJAS,2323,972,1351,17,5,12,140,60,80,558,254,304,111,50,61,874,381,493,125,56,69,110,34,76,385,131,254,3,1,2,0,0,0,Junio 2021
2021,Julio,MADRID,199825,86085,113740,2077,860,1217,17657,7927,9730,61619,27400,34219,10177,3906,6271,65837,29932,35905,10264,4246,6018,6030,2010,4020,25929,9723,16206,235,81,154,0,0,0,Julio 2021
2021,Julio,CENTRO,9547,4909,4638,68,42,26,587,313,274,3171,1713,1458,349,171,178,2701,1468,1233,420,197,223,341,155,186,1887,840,1047,23,10,13,0,0,0,Julio 2021
2021,Julio,ARGANZUELA,7815,3450,4365,50,21,29,289,152,137,1616,728,888,398,156,242,2625,1275,1350,543,251,292,413,151,262,1857,710,1147,24,6,18,0,0,0,Julio 2021
2021,Julio,RETIRO,4852,2118,2734,18,7,11,185,85,100,1430,655,775,169,74,95,1209,542,667,285,138,147,252,98,154,1295,516,779,9,3,6,0,0,0,Julio 2021
2021,Julio,SALAMANCA,5774,2383,3391,13,5,8,238,93,145,1924,788,1136,177,61,116,1339,626,713,289,124,165,252,82,170,1523,599,924,19,5,14,0,0,0,Julio 2021
2021,Julio,CHAMARTÍN,5458,2301,3157,24,7,17,189,89,100,1581,705,876,179,64,115,1394,620,774,277,112,165,272,95,177,1534,603,931,8,6,2,0,0,0,Julio 2021
2021,Julio,TETUÁN,9823,4235,5588,35,16,19,762,315,447,3857,1752,2105,414,157,257,2742,1210,1532,433,185,248,252,83,169,1324,516,808,4,1,3,0,0,0,Julio 2021
2021,Julio,CHAMBERÍ,5645,2386,3259,26,10,16,297,134,163,1252,580,672,183,63,120,1593,704,889,258,111,147,265,99,166,1754,677,1077,17,8,9,0,0,0,Julio 2021
2021,Julio,FUENCARRAL - EL PARDO,10636,4358,6278,73,38,35,519,218,301,2902,1252,1650,538,205,333,3209,1407,1802,642,262,380,514,163,351,2228,807,1421,11,6,5,0,0,0,Julio 2021
2021,Julio,MONCLOA - ARAVACA,4928,2122,2806,17,6,11,280,136,144,1104,509,595,189,88,101,1472,692,780,278,114,164,230,78,152,1346,494,852,12,5,7,0,0,0,Julio 2021
2021,Julio,LATINA,15892,6940,8952,192,74,118,1900,850,1050,3339,1461,1878,1082,425,657,6143,2921,3222,1137,484,653,481,154,327,1593,562,1031,25,9,16,0,0,0,Julio 2021
2021,Julio,CARABANCHEL,19269,8309,10960,124,52,72,1640,719,921,8134,3605,4529,1018,385,633,5651,2584,3067,928,369,559,398,125,273,1370,468,902,6,2,4,0,0,0,Julio 2021
2021,Julio,USERA,11601,4982,6619,58,30,28,3062,1384,1678,2942,1247,1695,592,214,378,3834,1677,2157,399,161,238,163,51,112,547,216,331,4,2,2,0,0,0,Julio 2021
2021,Julio,PUENTE DE VALLECAS,21077,9373,11704,703,298,405,2826,1240,1586,5648,2568,3080,1213,478,735,8728,4012,4716,803,360,443,237,76,161,906,337,569,13,4,9,0,0,0,Julio 2021
2021,Julio,MORATALAZ,5900,2528,3372,93,41,52,565,264,301,1725,747,978,318,130,188,2050,935,1115,333,129,204,187,56,131,624,223,401,5,3,2,0,0,0,Julio 2021
2021,Julio,CIUDAD LINEAL,12515,5409,7106,71,23,48,471,201,270,4339,1928,2411,593,245,348,4138,1900,2238,693,279,414,424,142,282,1763,689,1074,23,2,21,0,0,0,Julio 2021
2021,Julio,HORTALEZA,9486,3825,5661,115,39,76,522,242,280,2626,1114,1512,529,173,356,3048,1321,1727,562,224,338,419,143,276,1654,566,1088,11,3,8,0,0,0,Julio 2021
2021,Julio,VILLAVERDE,13065,5416,7649,75,32,43,781,328,453,5637,2392,3245,698,254,444,4543,1961,2582,580,217,363,196,50,146,551,180,371,4,2,2,0,0,0,Julio 2021
2021,Julio,VILLA DE VALLECAS,8323,3365,4958,119,43,76,1291,595,696,2535,1089,1446,469,157,312,2807,1118,1689,383,135,248,197,59,138,516,167,349,6,2,4,0,0,0,Julio 2021
2021,Julio,VICÁLVARO,5339,2226,3113,117,50,67,574,280,294,1736,750,986,330,121,209,1781,780,1001,287,97,190,143,32,111,369,116,253,2,0,2,0,0,0,Julio 2021
2021,Julio,SAN BLAS-CANILLEJAS,10629,4524,6105,69,22,47,551,243,308,3599,1579,2020,633,237,396,3985,1811,2174,608,243,365,274,79,195,903,308,595,7,2,5,0,0,0,Julio 2021
2021,Julio,BARAJAS,2251,926,1325,17,4,13,128,46,82,522,238,284,106,48,58,845,368,477,126,54,72,120,39,81,385,129,256,2,0,2,0,0,0,Julio 2021
2021,Agosto,MADRID,200565,86355,114210,2002,830,1172,17416,7835,9581,60858,27196,33662,10307,3971,6336,66131,29993,36138,10580,4354,6226,6184,2048,4136,26844,10043,16801,243,85,158,0,0,0,Agosto 2021
2021,Agosto,CENTRO,9573,4948,4625,66,37,29,574,309,265,3194,1732,1462,353,176,177,2685,1462,1223,412,200,212,342,155,187,1922,864,1058,25,13,12,0,0,0,Agosto 2021
2021,Agosto,ARGANZUELA,7860,3473,4387,49,23,26,281,149,132,1564,705,859,392,158,234,2616,1257,1359,575,281,294,425,160,265,1931,733,1198,27,7,20,0,0,0,Agosto 2021
2021,Agosto,RETIRO,4873,2102,2771,18,7,11,185,84,101,1398,639,759,169,74,95,1225,544,681,285,135,150,252,96,156,1334,521,813,7,2,5,0,0,0,Agosto 2021
2021,Agosto,SALAMANCA,5809,2398,3411,13,5,8,224,92,132,1923,792,1131,178,64,114,1340,612,728,300,124,176,265,88,177,1551,619,932,15,2,13,0,0,0,Agosto 2021
2021,Agosto,CHAMARTÍN,5589,2371,3218,26,10,16,196,95,101,1594,719,875,175,57,118,1442,648,794,274,105,169,273,97,176,1599,633,966,10,7,3,0,0,0,Agosto 2021
2021,Agosto,TETUÁN,9947,4272,5675,32,15,17,761,316,445,3870,1750,2120,422,160,262,2802,1236,1566,434,180,254,263,86,177,1357,528,829,6,1,5,0,0,0,Agosto 2021
2021,Agosto,CHAMBERÍ,5687,2369,3318,28,11,17,291,128,163,1256,562,694,187,59,128,1574,711,863,269,114,155,277,98,179,1790,679,1111,15,7,8,0,0,0,Agosto 2021
2021,Agosto,FUENCARRAL - EL PARDO,10817,4415,6402,65,31,34,513,221,292,2919,1280,1639,545,204,341,3248,1418,1830,653,268,385,539,163,376,2323,825,1498,12,5,7,0,0,0,Agosto 2021
2021,Agosto,MONCLOA - ARAVACA,4990,2174,2816,15,4,11,281,138,143,1112,533,579,205,94,111,1462,682,780,286,115,171,232,79,153,1382,523,859,15,6,9,0,0,0,Agosto 2021
2021,Agosto,LATINA,15977,6982,8995,185,72,113,1863,832,1031,3271,1443,1828,1098,431,667,6177,2929,3248,1181,513,668,500,155,345,1678,599,1079,24,8,16,0,0,0,Agosto 2021
2021,Agosto,CARABANCHEL,19217,8365,10852,117,49,68,1654,727,927,7943,3568,4375,1030,398,632,5678,2620,3058,952,377,575,414,132,282,1423,492,931,6,2,4,0,0,0,Agosto 2021
2021,Agosto,USERA,11526,4966,6560,58,28,30,2990,1349,1641,2880,1236,1644,601,227,374,3836,1680,2156,415,163,252,164,51,113,576,229,347,6,3,3,0,0,0,Agosto 2021
2021,Agosto,PUENTE DE VALLECAS,20961,9292,11669,657,278,379,2765,1220,1545,5542,2527,3015,1227,492,735,8737,3984,4753,829,364,465,246,77,169,944,345,599,14,5,9,0,0,0,Agosto 2021
2021,Agosto,MORATALAZ,5966,2520,3446,87,38,49,563,254,309,1714,739,975,318,131,187,2065,934,1131,351,129,222,196,60,136,666,232,434,6,3,3,0,0,0,Agosto 2021
2021,Agosto,CIUDAD LINEAL,12507,5365,7142,72,24,48,471,201,270,4249,1882,2367,605,247,358,4118,1870,2248,735,297,438,435,144,291,1799,697,1102,23,3,20,0,0,0,Agosto 2021
2021,Agosto,HORTALEZA,9644,3885,5759,125,48,77,512,238,274,2676,1146,1530,534,169,365,3057,1327,1730,591,233,358,420,142,278,1720,579,1141,9,3,6,0,0,0,Agosto 2021
2021,Agosto,VILLAVERDE,12932,5351,7581,74,30,44,771,325,446,5487,2330,3157,714,261,453,4545,1952,2593,587,226,361,195,51,144,555,174,381,4,2,2,0,0,0,Agosto 2021
2021,Agosto,VILLA DE VALLECAS,8384,3400,4984,117,44,73,1287,594,693,2504,1081,1423,471,162,309,2849,1141,1708,402,135,267,198,59,139,550,182,368,6,2,4,0,0,0,Agosto 2021
2021,Agosto,VICÁLVARO,5368,2250,3118,114,50,64,555,278,277,1710,741,969,328,114,214,1834,810,1024,294,99,195,144,34,110,387,124,263,2,0,2,0,0,0,Agosto 2021
2021,Agosto,SAN BLAS-CANILLEJAS,10672,4530,6142,69,22,47,545,232,313,3539,1565,1974,648,245,403,4001,1813,2188,628,241,387,286,82,204,947,326,621,9,4,5,0,0,0,Agosto 2021
2021,Agosto,BARAJAS,2266,927,1339,15,4,11,134,53,81,513,226,287,107,48,59,840,363,477,127,55,72,118,39,79,410,139,271,2,0,2,0,0,0,Agosto 2021
2021,Septiembre,MADRID,195793,84664,111129,1894,776,1118,16874,7624,9250,58880,26479,32401,10170,3927,6243,65203,29676,35527,10451,4357,6094,6052,1997,4055,26022,9736,16286,247,92,155,0,0,0,Septiembre 2021
2021,Septiembre,CENTRO,9285,4786,4499,59,33,26,562,304,258,3031,1661,1370,340,166,174,2657,1443,1214,401,196,205,324,144,180,1886,827,1059,25,12,13,0,0,0,Septiembre 2021
2021,Septiembre,ARGANZUELA,7618,3365,4253,51,23,28,282,145,137,1504,675,829,389,156,233,2527,1212,1315,561,268,293,430,166,264,1845,712,1133,29,8,21,0,0,0,Septiembre 2021
2021,Septiembre,RETIRO,4745,2043,2702,17,7,10,185,91,94,1354,604,750,157,69,88,1187,532,655,288,135,153,254,100,154,1294,501,793,9,4,5,0,0,0,Septiembre 2021
2021,Septiembre,SALAMANCA,5632,2323,3309,17,7,10,208,75,133,1852,760,1092,170,63,107,1331,600,731,293,125,168,261,92,169,1483,597,886,17,4,13,0,0,0,Septiembre 2021
2021,Septiembre,CHAMARTÍN,5425,2326,3099,28,13,15,181,84,97,1552,713,839,172,57,115,1414,639,775,265,107,158,264,93,171,1539,613,926,10,7,3,0,0,0,Septiembre 2021
2021,Septiembre,TETUÁN,9697,4205,5492,32,16,16,733,309,424,3703,1673,2030,425,161,264,2799,1257,1542,422,180,242,256,85,171,1322,523,799,5,1,4,0,0,0,Septiembre 2021
2021,Septiembre,CHAMBERÍ,5533,2308,3225,21,8,13,284,130,154,1230,551,679,188,57,131,1527,672,855,266,116,150,264,89,175,1736,677,1059,17,8,9,0,0,0,Septiembre 2021
2021,Septiembre,FUENCARRAL - EL PARDO,10533,4327,6206,58,27,31,481,208,273,2823,1256,1567,536,200,336,3229,1422,1807,665,275,390,522,155,367,2208,780,1428,11,4,7,0,0,0,Septiembre 2021
2021,Septiembre,MONCLOA - ARAVACA,4841,2131,2710,16,6,10,271,131,140,1068,519,549,194,84,110,1455,700,755,286,119,167,215,66,149,1319,499,820,17,7,10,0,0,0,Septiembre 2021
2021,Septiembre,LATINA,15660,6859,8801,177,64,113,1817,823,994,3155,1394,1761,1102,434,668,6098,2888,3210,1139,494,645,500,161,339,1649,591,1058,23,10,13,0,0,0,Septiembre 2021
2021,Septiembre,CARABANCHEL,18853,8251,10602,105,44,61,1598,702,896,7674,3458,4216,1021,384,637,5674,2656,3018,955,385,570,396,129,267,1422,491,931,8,2,6,0,0,0,Septiembre 2021
2021,Septiembre,USERA,11324,4930,6394,52,24,28,2937,1348,1589,2802,1214,1588,597,228,369,3802,1678,2124,434,172,262,156,49,107,541,216,325,3,1,2,0,0,0,Septiembre 2021
2021,Septiembre,PUENTE DE VALLECAS,20398,9095,11303,622,260,362,2640,1161,1479,5368,2476,2892,1213,499,714,8533,3917,4616,826,368,458,250,75,175,934,334,600,12,5,7,0,0,0,Septiembre 2021
2021,Septiembre,MORATALAZ,5846,2472,3374,76,33,43,558,248,310,1667,728,939,294,116,178,2053,940,1113,352,136,216,196,55,141,644,213,431,6,3,3,0,0,0,Septiembre 2021
2021,Septiembre,CIUDAD LINEAL,12242,5282,6960,63,21,42,459,198,261,4148,1855,2293,593,244,349,4055,1853,2202,706,282,424,447,150,297,1747,675,1072,24,4,20,0,0,0,Septiembre 2021
2021,Septiembre,HORTALEZA,9412,3799,5613,123,45,78,496,236,260,2596,1103,1493,528,168,360,2982,1286,1696,589,248,341,408,140,268,1680,569,1111,10,4,6,0,0,0,Septiembre 2021
2021,Septiembre,VILLAVERDE,12660,5275,7385,72,28,44,769,329,440,5295,2282,3013,728,269,459,4493,1926,2567,563,219,344,186,47,139,551,173,378,3,2,1,0,0,0,Septiembre 2021
2021,Septiembre,VILLA DE VALLECAS,8156,3304,4852,111,41,70,1247,567,680,2456,1059,1397,460,164,296,2777,1111,1666,372,128,244,197,53,144,531,179,352,5,2,3,0,0,0,Septiembre 2021
2021,Septiembre,VICÁLVARO,5290,2231,3059,113,50,63,530,266,264,1669,738,931,318,114,204,1834,813,1021,308,103,205,137,31,106,378,116,262,3,0,3,0,0,0,Septiembre 2021
2021,Septiembre,SAN BLAS-CANILLEJAS,10424,4447,5977,68,22,46,512,219,293,3436,1540,1896,634,246,388,3955,1782,2173,627,247,380,271,79,192,913,308,605,8,4,4,0,0,0,Septiembre 2021
2021,Septiembre,BARAJAS,2219,905,1314,13,4,9,124,50,74,497,220,277,111,48,63,821,349,472,133,54,79,118,38,80,400,142,258,2,0,2,0,0,0,Septiembre 2021
2021,Octubre,MADRID,190511,82215,108296,1844,758,1086,16483,7470,9013,57102,25684,31418,10321,3865,6456,63655,28918,34737,10196,4227,5969,5864,1945,3919,24801,9259,15542,245,89,156,0,0,0,Octubre 2021
2021,Octubre,CENTRO,8930,4597,4333,60,35,25,523,281,242,2933,1595,1338,327,160,167,2552,1381,1171,406,201,205,321,138,183,1784,794,990,24,12,12,0,0,0,Octubre 2021
2021,Octubre,ARGANZUELA,7365,3253,4112,53,24,29,265,138,127,1445,668,777,384,151,233,2478,1188,1290,545,248,297,402,149,253,1765,679,1086,28,8,20,0,0,0,Octubre 2021
2021,Octubre,RETIRO,4541,1965,2576,15,7,8,171,85,86,1272,561,711,162,74,88,1138,521,617,266,119,147,251,102,149,1257,494,763,9,2,7,0,0,0,Octubre 2021
2021,Octubre,SALAMANCA,5406,2260,3146,14,6,8,192,71,121,1753,747,1006,176,70,106,1298,585,713,285,121,164,248,96,152,1423,558,865,17,6,11,0,0,0,Octubre 2021
2021,Octubre,CHAMARTÍN,5270,2227,3043,28,12,16,180,84,96,1517,681,836,176,56,120,1370,617,753,251,107,144,248,85,163,1489,581,908,11,4,7,0,0,0,Octubre 2021
2021,Octubre,TETUÁN,9315,3997,5318,28,14,14,712,307,405,3537,1564,1973,419,154,265,2693,1193,1500,404,179,225,244,86,158,1274,499,775,4,1,3,0,0,0,Octubre 2021
2021,Octubre,CHAMBERÍ,5291,2266,3025,20,7,13,281,133,148,1176,546,630,177,57,120,1458,660,798,252,111,141,252,88,164,1661,658,1003,14,6,8,0,0,0,Octubre 2021
2021,Octubre,FUENCARRAL - EL PARDO,10214,4178,6036,49,21,28,477,210,267,2734,1205,1529,531,192,339,3172,1399,1773,659,266,393,504,151,353,2073,727,1346,15,7,8,0,0,0,Octubre 2021
2021,Octubre,MONCLOA - ARAVACA,4650,2045,2605,14,6,8,266,130,136,1035,497,538,196,80,116,1388,683,705,282,117,165,212,65,147,1238,461,777,19,6,13,0,0,0,Octubre 2021
2021,Octubre,LATINA,15278,6675,8603,181,65,116,1749,804,945,3062,1350,1712,1131,429,702,5953,2802,3151,1106,490,616,489,155,334,1588,571,1017,19,9,10,0,0,0,Octubre 2021
2021,Octubre,CARABANCHEL,18428,7999,10429,102,43,59,1574,693,881,7424,3335,4089,1052,375,677,5549,2567,2982,943,377,566,406,133,273,1369,473,896,9,3,6,0,0,0,Octubre 2021
2021,Octubre,USERA,11092,4823,6269,47,22,25,2908,1338,1570,2734,1172,1562,605,235,370,3706,1629,2077,418,167,251,153,45,108,517,214,303,4,1,3,0,0,0,Octubre 2021
2021,Octubre,PUENTE DE VALLECAS,19883,8844,11039,596,249,347,2589,1138,1451,5177,2401,2776,1225,483,742,8369,3840,4529,812,365,447,241,72,169,864,292,572,10,4,6,0,0,0,Octubre 2021
2021,Octubre,MORATALAZ,5692,2359,3333,82,36,46,526,226,300,1603,695,908,295,111,184,2033,908,1125,345,126,219,194,51,143,608,203,405,6,3,3,0,0,0,Octubre 2021
2021,Octubre,CIUDAD LINEAL,11946,5133,6813,67,22,45,428,181,247,4040,1817,2223,615,232,383,3985,1832,2153,718,275,443,431,141,290,1634,627,1007,28,6,22,0,0,0,Octubre 2021
2021,Octubre,HORTALEZA,9136,3729,5407,119,48,71,475,223,252,2520,1094,1426,531,174,357,2914,1262,1652,577,242,335,397,135,262,1595,547,1048,8,4,4,0,0,0,Octubre 2021
2021,Octubre,VILLAVERDE,12462,5195,7267,67,25,42,769,335,434,5208,2236,2972,752,270,482,4420,1900,2520,537,218,319,183,50,133,522,158,364,4,3,1,0,0,0,Octubre 2021
2021,Octubre,VILLA DE VALLECAS,8114,3309,4805,112,40,72,1255,577,678,2443,1071,1372,480,161,319,2761,1107,1654,369,120,249,191,58,133,498,174,324,5,1,4,0,0,0,Octubre 2021
2021,Octubre,VICÁLVARO,5227,2175,3052,117,52,65,530,253,277,1641,723,918,335,117,218,1790,793,997,303,90,213,131,31,100,377,116,261,3,0,3,0,0,0,Octubre 2021
2021,Octubre,SAN BLAS-CANILLEJAS,10121,4304,5817,62,21,41,484,205,279,3359,1510,1849,647,240,407,3827,1707,2120,586,235,351,261,79,182,890,306,584,5,1,4,0,0,0,Octubre 2021
2021,Octubre,BARAJAS,2150,882,1268,11,3,8,129,58,71,489,216,273,105,44,61,801,344,457,132,53,79,105,35,70,375,127,248,3,2,1,0,0,0,Octubre 2021
2021,Noviembre,MADRID,186380,80566,105814,1846,759,1087,16409,7458,8951,56190,25287,30903,10029,3734,6295,62110,28208,33902,9776,4111,5665,5649,1877,3772,24132,9042,15090,239,90,149,0,0,0,Noviembre 2021
2021,Noviembre,CENTRO,8710,4500,4210,60,32,28,523,281,242,2870,1552,1318,327,158,169,2499,1381,1118,401,201,200,309,132,177,1700,751,949,21,12,9,0,0,0,Noviembre 2021
2021,Noviembre,ARGANZUELA,7176,3212,3964,52,25,27,268,137,131,1422,667,755,377,145,232,2421,1187,1234,536,251,285,379,146,233,1694,644,1050,27,10,17,0,0,0,Noviembre 2021
2021,Noviembre,RETIRO,4438,1926,2512,16,8,8,173,81,92,1265,570,695,156,72,84,1117,515,602,261,116,145,237,87,150,1207,476,731,6,1,5,0,0,0,Noviembre 2021
2021,Noviembre,SALAMANCA,5342,2216,3126,14,6,8,201,84,117,1680,693,987,171,61,110,1321,601,720,270,113,157,242,93,149,1427,559,868,16,6,10,0,0,0,Noviembre 2021
2021,Noviembre,CHAMARTÍN,5159,2168,2991,26,10,16,191,93,98,1454,654,800,168,55,113,1331,591,740,255,107,148,238,82,156,1485,571,914,11,5,6,0,0,0,Noviembre 2021
2021,Noviembre,TETUÁN,9199,3973,5226,28,14,14,725,316,409,3510,1560,1950,414,154,260,2664,1196,1468,384,171,213,244,85,159,1224,475,749,6,2,4,0,0,0,Noviembre 2021
2021,Noviembre,CHAMBERÍ,5156,2214,2942,18,7,11,259,126,133,1155,533,622,185,66,119,1410,634,776,247,110,137,248,85,163,1613,644,969,21,9,12,0,0,0,Noviembre 2021
2021,Noviembre,FUENCARRAL - EL PARDO,9963,4113,5850,50,21,29,481,218,263,2682,1184,1498,517,190,327,3056,1343,1713,628,259,369,493,155,338,2041,736,1305,15,7,8,0,0,0,Noviembre 2021
2021,Noviembre,MONCLOA - ARAVACA,4588,2008,2580,12,4,8,260,126,134,1048,498,550,191,74,117,1366,663,703,275,124,151,195,60,135,1224,455,769,17,4,13,0,0,0,Noviembre 2021
2021,Noviembre,LATINA,14871,6505,8366,191,68,123,1705,802,903,3010,1348,1662,1095,403,692,5761,2704,3057,1067,466,601,471,149,322,1554,558,996,17,7,10,0,0,0,Noviembre 2021
2021,Noviembre,CARABANCHEL,18030,7830,10200,98,39,59,1563,694,869,7316,3261,4055,1047,379,668,5399,2497,2902,908,372,536,397,133,264,1296,452,844,6,3,3,0,0,0,Noviembre 2021
2021,Noviembre,USERA,10846,4687,6159,48,19,29,2858,1287,1571,2710,1160,1550,591,229,362,3615,1595,2020,387,151,236,139,40,99,494,205,289,4,1,3,0,0,0,Noviembre 2021
2021,Noviembre,PUENTE DE VALLECAS,19587,8768,10819,605,260,345,2614,1148,1466,5137,2402,2735,1179,470,709,8188,3750,4438,762,359,403,239,73,166,854,302,552,9,4,5,0,0,0,Noviembre 2021
2021,Noviembre,MORATALAZ,5607,2347,3260,84,39,45,524,228,296,1596,692,904,284,112,172,2005,894,1111,333,127,206,188,47,141,586,205,381,7,3,4,0,0,0,Noviembre 2021
2021,Noviembre,CIUDAD LINEAL,11583,5001,6582,57,16,41,438,190,248,3939,1768,2171,599,214,385,3883,1809,2074,663,254,409,404,138,266,1573,606,967,27,6,21,0,0,0,Noviembre 2021
2021,Noviembre,HORTALEZA,8933,3657,5276,117,47,70,482,236,246,2473,1085,1388,498,162,336,2855,1221,1634,544,227,317,387,131,256,1570,544,1026,7,4,3,0,0,0,Noviembre 2021
2021,Noviembre,VILLAVERDE,12232,5035,7197,71,28,43,769,333,436,5191,2217,2974,721,244,477,4266,1796,2470,524,217,307,180,44,136,506,154,352,4,2,2,0,0,0,Noviembre 2021
2021,Noviembre,VILLA DE VALLECAS,7895,3214,4681,113,40,73,1239,567,672,2407,1054,1353,458,154,304,2668,1064,1604,335,112,223,179,56,123,490,166,324,6,1,5,0,0,0,Noviembre 2021
2021,Noviembre,VICÁLVARO,5123,2139,2984,115,53,62,532,245,287,1611,716,895,334,122,212,1760,780,980,284,84,200,126,28,98,359,111,248,2,0,2,0,0,0,Noviembre 2021
2021,Noviembre,SAN BLAS-CANILLEJAS,9844,4187,5657,59,20,39,478,207,271,3248,1465,1783,611,226,385,3736,1650,2086,581,239,342,249,75,174,874,303,571,8,2,6,0,0,0,Noviembre 2021
2021,Noviembre,BARAJAS,2098,866,1232,12,3,9,126,59,67,466,208,258,106,44,62,789,337,452,131,51,80,105,38,67,361,125,236,2,1,1,0,0,0,Noviembre 2021
2021,Diciembre,MADRID,173742,75560,98182,1697,718,979,15140,6976,8164,51689,23590,28099,9328,3492,5836,58181,26458,31723,9219,3901,5318,5317,1780,3537,22946,8561,14385,225,84,141,0,0,0,Diciembre 2021
2021,Diciembre,CENTRO,8138,4247,3891,55,27,28,474,251,223,2624,1437,1187,309,146,163,2348,1314,1034,395,203,192,283,128,155,1630,732,898,20,9,11,0,0,0,Diciembre 2021
2021,Diciembre,ARGANZUELA,6732,2999,3733,42,20,22,240,119,121,1300,604,696,340,129,211,2273,1108,1165,521,248,273,361,141,220,1633,621,1012,22,9,13,0,0,0,Diciembre 2021
2021,Diciembre,RETIRO,4122,1792,2330,17,8,9,166,81,85,1127,507,620,144,69,75,1050,482,568,236,107,129,227,84,143,1149,453,696,6,1,5,0,0,0,Diciembre 2021
2021,Diciembre,SALAMANCA,4919,2050,2869,12,7,5,171,74,97,1504,622,882,154,54,100,1233,561,672,251,105,146,226,85,141,1355,538,817,13,4,9,0,0,0,Diciembre 2021
2021,Diciembre,CHAMARTÍN,4861,2050,2811,25,9,16,177,84,93,1353,607,746,158,52,106,1260,558,702,241,108,133,222,83,139,1416,545,871,9,4,5,0,0,0,Diciembre 2021
2021,Diciembre,TETUÁN,8515,3726,4789,27,13,14,645,283,362,3188,1445,1743,387,135,252,2491,1138,1353,362,172,190,231,82,149,1180,457,723,4,1,3,0,0,0,Diciembre 2021
2021,Diciembre,CHAMBERÍ,4763,2000,2763,14,3,11,251,127,124,1049,484,565,172,58,114,1297,569,728,225,98,127,233,81,152,1506,575,931,16,5,11,0,0,0,Diciembre 2021
2021,Diciembre,FUENCARRAL - EL PARDO,9260,3814,5446,43,18,25,441,207,234,2456,1092,1364,486,183,303,2858,1236,1622,600,249,351,465,140,325,1896,682,1214,15,7,8,0,0,0,Diciembre 2021
2021,Diciembre,MONCLOA - ARAVACA,4229,1853,2376,10,3,7,224,111,113,970,463,507,178,69,109,1255,618,637,257,114,143,176,52,124,1141,417,724,18,6,12,0,0,0,Diciembre 2021
2021,Diciembre,LATINA,13932,6141,7791,170,67,103,1559,742,817,2787,1252,1535,1040,392,648,5463,2590,2873,1005,440,565,441,135,306,1452,517,935,15,6,9,0,0,0,Diciembre 2021
2021,Diciembre,CARABANCHEL,16761,7365,9396,90,35,55,1433,631,802,6692,3079,3613,965,357,608,5080,2340,2740,859,347,512,375,128,247,1259,442,817,8,6,2,0,0,0,Diciembre 2021
2021,Diciembre,USERA,10047,4397,5650,46,20,26,2635,1206,1429,2482,1077,1405,548,218,330,3377,1497,1880,360,140,220,126,38,88,470,200,270,3,1,2,0,0,0,Diciembre 2021
2021,Diciembre,PUENTE DE VALLECAS,18337,8257,10080,571,253,318,2441,1106,1335,4784,2273,2511,1087,431,656,7715,3508,4207,699,325,374,229,76,153,798,280,518,13,5,8,0,0,0,Diciembre 2021
2021,Diciembre,MORATALAZ,5235,2219,3016,71,33,38,493,221,272,1493,666,827,261,104,157,1869,837,1032,304,112,192,177,51,126,560,192,368,7,3,4,0,0,0,Diciembre 2021
2021,Diciembre,CIUDAD LINEAL,10771,4653,6118,53,17,36,403,181,222,3573,1628,1945,560,201,359,3623,1677,1946,643,252,391,382,124,258,1508,568,940,26,5,21,0,0,0,Diciembre 2021
2021,Diciembre,HORTALEZA,8344,3457,4887,106,44,62,457,230,227,2263,1010,1253,462,150,312,2652,1152,1500,519,218,301,363,122,241,1515,525,990,7,6,1,0,0,0,Diciembre 2021
2021,Diciembre,VILLAVERDE,11466,4746,6720,63,26,37,709,302,407,4887,2120,2767,666,236,430,3978,1667,2311,504,205,299,182,44,138,473,144,329,4,2,2,0,0,0,Diciembre 2021
2021,Diciembre,VILLA DE VALLECAS,7407,3050,4357,102,36,66,1167,542,625,2260,1010,1250,415,133,282,2522,1014,1508,314,109,205,162,49,113,460,156,304,5,1,4,0,0,0,Diciembre 2021
2021,Diciembre,VICÁLVARO,4792,2015,2777,114,55,59,505,235,270,1489,662,827,317,117,200,1640,734,906,265,79,186,113,27,86,347,106,241,2,0,2,0,0,0,Diciembre 2021
2021,Diciembre,SAN BLAS-CANILLEJAS,9142,3913,5229,55,21,34,438,189,249,2969,1351,1618,578,216,362,3473,1550,1923,540,222,318,233,72,161,846,290,556,10,2,8,0,0,0,Diciembre 2021
2021,Diciembre,BARAJAS,1969,816,1153,11,3,8,111,54,57,439,201,238,101,42,59,724,308,416,119,48,71,110,38,72,352,121,231,2,1,1,0,0,0,Diciembre 2021
2022,Enero,MADRID,168864,73009,95855,1595,659,936,14530,6671,7859,49727,22508,27219,9374,3483,5891,56724,25717,31007,9134,3863,5271,5203,1723,3480,22353,8302,14051,224,83,141,0,0,0,Enero 2022
2022,Enero,CENTRO,7813,4099,3714,50,25,25,442,236,206,2524,1376,1148,309,145,164,2276,1275,1001,382,199,183,276,124,152,1536,711,825,18,8,10,0,0,0,Enero 2022
2022,Enero,ARGANZUELA,6551,2873,3678,37,20,17,246,114,132,1224,565,659,339,125,214,2222,1070,1152,487,223,264,356,138,218,1616,609,1007,24,9,15,0,0,0,Enero 2022
2022,Enero,RETIRO,4063,1729,2334,15,6,9,161,77,84,1134,493,641,151,68,83,1023,467,556,238,105,133,212,82,130,1123,429,694,6,2,4,0,0,0,Enero 2022
2022,Enero,SALAMANCA,4655,1928,2727,12,6,6,174,71,103,1362,550,812,154,54,100,1151,516,635,250,116,134,214,81,133,1326,531,795,12,3,9,0,0,0,Enero 2022
2022,Enero,CHAMARTÍN,4621,1913,2708,21,9,12,171,79,92,1224,534,690,153,51,102,1232,544,688,226,105,121,229,81,148,1355,504,851,10,6,4,0,0,0,Enero 2022
2022,Enero,TETUÁN,8240,3571,4669,26,14,12,617,271,346,3041,1347,1694,391,139,252,2438,1113,1325,362,168,194,215,74,141,1146,444,702,4,1,3,0,0,0,Enero 2022
2022,Enero,CHAMBERÍ,4594,1930,2664,13,2,11,236,112,124,1011,482,529,165,54,111,1250,556,694,221,97,124,234,77,157,1450,546,904,14,4,10,0,0,0,Enero 2022
2022,Enero,FUENCARRAL - EL PARDO,8880,3632,5248,42,17,25,419,181,238,2304,1027,1277,471,179,292,2784,1207,1577,569,239,330,443,135,308,1830,638,1192,18,9,9,0,0,0,Enero 2022
2022,Enero,MONCLOA - ARAVACA,4025,1745,2280,8,2,6,208,103,105,925,445,480,183,77,106,1167,560,607,252,114,138,180,51,129,1086,389,697,16,4,12,0,0,0,Enero 2022
2022,Enero,LATINA,13608,5973,7635,163,60,103,1458,687,771,2727,1233,1494,1034,373,661,5303,2504,2799,1009,441,568,431,142,289,1468,528,940,15,5,10,0,0,0,Enero 2022
2022,Enero,CARABANCHEL,16270,7115,9155,86,39,47,1347,594,753,6436,2920,3516,989,369,620,4933,2284,2649,857,351,506,367,116,251,1246,436,810,9,6,3,0,0,0,Enero 2022
2022,Enero,USERA,9743,4230,5513,45,20,25,2568,1169,1399,2369,1040,1329,548,221,327,3267,1423,1844,356,134,222,133,43,90,456,180,276,1,0,1,0,0,0,Enero 2022
2022,Enero,PUENTE DE VALLECAS,17960,8077,9883,543,227,316,2398,1095,1303,4651,2195,2456,1089,431,658,7549,3432,4117,705,331,374,226,76,150,785,285,500,14,5,9,0,0,0,Enero 2022
2022,Enero,MORATALAZ,5091,2139,2952,60,23,37,494,220,274,1400,618,782,267,108,159,1828,815,1013,319,117,202,178,52,126,539,183,356,6,3,3,0,0,0,Enero 2022
2022,Enero,CIUDAD LINEAL,10496,4544,5952,45,14,31,361,168,193,3497,1590,1907,571,209,362,3533,1628,1905,639,257,382,371,123,248,1455,549,906,24,6,18,0,0,0,Enero 2022
2022,Enero,HORTALEZA,8116,3335,4781,93,35,58,454,226,228,2178,970,1208,457,151,306,2589,1106,1483,508,206,302,357,113,244,1472,522,950,8,6,2,0,0,0,Enero 2022
2022,Enero,VILLAVERDE,11166,4608,6558,65,27,38,659,283,376,4733,2043,2690,681,232,449,3888,1641,2247,488,194,294,168,42,126,481,144,337,3,2,1,0,0,0,Enero 2022
2022,Enero,VILLA DE VALLECAS,7250,2957,4293,102,38,64,1101,519,582,2191,962,1229,415,122,293,2484,988,1496,327,119,208,164,46,118,459,162,297,7,1,6,0,0,0,Enero 2022
2022,Enero,VICÁLVARO,4731,1993,2738,107,52,55,491,236,255,1438,638,800,318,115,203,1660,738,922,265,84,181,109,26,83,341,104,237,2,0,2,0,0,0,Enero 2022
2022,Enero,SAN BLAS-CANILLEJAS,9103,3847,5256,51,20,31,429,190,239,2953,1302,1651,589,218,371,3449,1546,1903,550,217,333,235,68,167,835,284,551,12,2,10,0,0,0,Enero 2022
2022,Enero,BARAJAS,1888,771,1117,11,3,8,96,40,56,405,178,227,100,42,58,698,304,394,124,46,78,105,33,72,348,124,224,1,1,0,0,0,0,Enero 2022
2022,Febrero,MADRID,160316,68651,91665,1417,587,830,13261,6043,7218,47322,21304,26018,9243,3415,5828,53916,24179,29737,8829,3661,5168,4975,1612,3363,21138,7769,13369,215,81,134,0,0,0,Febrero 2022
2022,Febrero,CENTRO,7299,3786,3513,41,21,20,414,216,198,2355,1289,1066,318,155,163,2126,1176,950,355,179,176,255,104,151,1417,640,777,18,6,12,0,0,0,Febrero 2022
2022,Febrero,ARGANZUELA,6188,2674,3514,28,16,12,247,121,126,1111,496,615,321,115,206,2131,1011,1120,466,210,256,344,125,219,1514,569,945,26,11,15,0,0,0,Febrero 2022
2022,Febrero,RETIRO,3800,1599,2201,13,7,6,135,61,74,1023,439,584,145,64,81,969,424,545,226,99,127,198,79,119,1085,424,661,6,2,4,0,0,0,Febrero 2022
2022,Febrero,SALAMANCA,4388,1797,2591,8,4,4,144,61,83,1273,511,762,149,48,101,1090,491,599,249,115,134,205,73,132,1260,491,769,10,3,7,0,0,0,Febrero 2022
2022,Febrero,CHAMARTÍN,4296,1776,2520,19,8,11,151,71,80,1088,472,616,152,54,98,1171,508,663,223,99,124,215,73,142,1267,486,781,10,5,5,0,0,0,Febrero 2022
2022,Febrero,TETUÁN,7623,3292,4331,22,13,9,523,231,292,2767,1240,1527,359,121,238,2326,1054,1272,347,150,197,197,67,130,1078,415,663,4,1,3,0,0,0,Febrero 2022
2022,Febrero,CHAMBERÍ,4318,1822,2496,13,4,9,195,94,101,988,465,523,157,56,101,1158,520,638,212,91,121,220,71,149,1365,517,848,10,4,6,0,0,0,Febrero 2022
2022,Febrero,FUENCARRAL - EL PARDO,8500,3472,5028,38,17,21,412,178,234,2164,961,1203,472,181,291,2664,1145,1519,563,234,329,423,134,289,1745,613,1132,19,9,10,0,0,0,Febrero 2022
2022,Febrero,MONCLOA - ARAVACA,3853,1677,2176,9,4,5,182,91,91,912,453,459,171,72,99,1114,530,584,241,105,136,170,47,123,1038,370,668,16,5,11,0,0,0,Febrero 2022
2022,Febrero,LATINA,12968,5657,7311,161,60,101,1326,623,703,2581,1142,1439,1014,371,643,5122,2398,2724,972,429,543,415,137,278,1362,492,870,15,5,10,0,0,0,Febrero 2022
2022,Febrero,CARABANCHEL,15541,6710,8831,78,35,43,1282,560,722,6156,2769,3387,993,376,617,4677,2122,2555,817,336,481,354,112,242,1177,397,780,7,3,4,0,0,0,Febrero 2022
2022,Febrero,USERA,9239,3959,5280,39,14,25,2414,1086,1328,2238,977,1261,554,218,336,3097,1342,1755,345,124,221,119,36,83,431,161,270,2,1,1,0,0,0,Febrero 2022
2022,Febrero,PUENTE DE VALLECAS,17206,7636,9570,488,203,285,2262,1023,1239,4440,2076,2364,1084,428,656,7240,3245,3995,689,316,373,227,73,154,762,267,495,14,5,9,0,0,0,Febrero 2022
2022,Febrero,MORATALAZ,4854,2028,2826,54,21,33,450,193,257,1298,555,743,274,109,165,1767,799,968,322,125,197,176,54,122,508,169,339,5,3,2,0,0,0,Febrero 2022
2022,Febrero,CIUDAD LINEAL,9969,4272,5697,29,10,19,233,107,126,3493,1590,1903,556,201,355,3288,1492,1796,606,241,365,372,124,248,1368,500,868,24,7,17,0,0,0,Febrero 2022
2022,Febrero,HORTALEZA,7710,3140,4570,87,27,60,435,213,222,2065,908,1157,446,143,303,2437,1044,1393,491,199,292,333,108,225,1408,491,917,8,7,1,0,0,0,Febrero 2022
2022,Febrero,VILLAVERDE,10724,4399,6325,57,25,32,622,262,360,4519,1960,2559,677,227,450,3747,1572,2175,469,174,295,153,34,119,477,143,334,3,2,1,0,0,0,Febrero 2022
2022,Febrero,VILLA DE VALLECAS,6971,2774,4197,94,36,58,1029,475,554,2112,904,1208,426,133,293,2360,917,1443,321,103,218,165,45,120,458,160,298,6,1,5,0,0,0,Febrero 2022
2022,Febrero,VICÁLVARO,4505,1861,2644,93,43,50,475,230,245,1337,572,765,305,108,197,1613,709,904,264,82,182,106,25,81,308,92,216,4,0,4,0,0,0,Febrero 2022
2022,Febrero,SAN BLAS-CANILLEJAS,8593,3608,4985,39,17,22,250,117,133,3021,1356,1665,575,198,377,3152,1392,1760,527,203,324,233,63,170,788,261,527,8,1,7,0,0,0,Febrero 2022
2022,Febrero,BARAJAS,1771,712,1059,7,2,5,80,30,50,381,169,212,95,37,58,667,288,379,124,47,77,95,28,67,322,111,211,0,0,0,0,0,0,Febrero 2022
2022,Marzo,MADRID,159411,68413,90998,1463,615,848,13442,6119,7323,47539,21483,26056,9213,3393,5820,53421,23946,29475,8735,3627,5108,4838,1562,3276,20555,7588,12967,205,80,125,0,0,0,Marzo 2022
2022,Marzo,CENTRO,7178,3674,3504,40,22,18,405,205,200,2320,1258,1062,309,153,156,2127,1153,974,349,178,171,248,103,145,1361,595,766,19,7,12,0,0,0,Marzo 2022
2022,Marzo,ARGANZUELA,6066,2649,3417,29,16,13,239,119,120,1113,516,597,323,110,213,2053,976,1077,461,212,249,321,123,198,1502,565,937,25,12,13,0,0,0,Marzo 2022
2022,Marzo,RETIRO,3761,1584,2177,12,4,8,139,62,77,1004,433,571,148,67,81,976,425,551,216,94,122,190,74,116,1069,421,648,7,4,3,0,0,0,Marzo 2022
2022,Marzo,SALAMANCA,4232,1741,2491,7,3,4,152,67,85,1193,473,720,150,50,100,1061,482,579,242,111,131,204,71,133,1213,482,731,10,2,8,0,0,0,Marzo 2022
2022,Marzo,CHAMARTÍN,4249,1782,2467,23,8,15,163,82,81,1076,466,610,155,54,101,1140,500,640,227,102,125,200,67,133,1256,499,757,9,4,5,0,0,0,Marzo 2022
2022,Marzo,TETUÁN,7568,3249,4319,20,13,7,544,241,303,2796,1238,1558,370,129,241,2253,994,1259,348,157,191,190,66,124,1045,411,634,2,0,2,0,0,0,Marzo 2022
2022,Marzo,CHAMBERÍ,4252,1774,2478,12,3,9,192,93,99,977,458,519,156,54,102,1149,507,642,209,85,124,221,70,151,1326,500,826,10,4,6,0,0,0,Marzo 2022
2022,Marzo,FUENCARRAL - EL PARDO,8463,3474,4989,42,19,23,405,170,235,2260,1000,1260,471,180,291,2619,1128,1491,555,232,323,413,124,289,1678,611,1067,20,10,10,0,0,0,Marzo 2022
2022,Marzo,MONCLOA - ARAVACA,3854,1676,2178,7,2,5,169,86,83,932,463,469,177,71,106,1123,534,589,231,102,129,175,53,122,1025,359,666,15,6,9,0,0,0,Marzo 2022
2022,Marzo,LATINA,12710,5570,7140,171,65,106,1293,607,686,2590,1174,1416,981,361,620,5029,2361,2668,933,400,533,404,131,273,1293,467,826,16,4,12,0,0,0,Marzo 2022
2022,Marzo,CARABANCHEL,15457,6685,8772,84,40,44,1342,588,754,6079,2738,3341,984,369,615,4665,2131,2534,817,330,487,336,109,227,1143,379,764,7,1,6,0,0,0,Marzo 2022
2022,Marzo,USERA,9253,3972,5281,45,15,30,2448,1091,1357,2245,996,1249,523,199,324,3096,1343,1753,352,131,221,117,30,87,425,166,259,2,1,1,0,0,0,Marzo 2022
2022,Marzo,PUENTE DE VALLECAS,17387,7771,9616,492,216,276,2287,1039,1248,4600,2149,2451,1102,441,661,7254,3266,3988,702,322,380,208,68,140,728,264,464,14,6,8,0,0,0,Marzo 2022
2022,Marzo,MORATALAZ,4837,2021,2816,56,22,34,447,196,251,1326,566,760,277,112,165,1735,792,943,319,117,202,172,48,124,500,165,335,5,3,2,0,0,0,Marzo 2022
2022,Marzo,CIUDAD LINEAL,9871,4241,5630,30,12,18,244,115,129,3475,1594,1881,544,200,344,3227,1442,1785,611,252,359,372,122,250,1349,499,850,19,5,14,0,0,0,Marzo 2022
2022,Marzo,HORTALEZA,7700,3129,4571,92,28,64,442,204,238,2066,906,1160,453,140,313,2453,1062,1391,500,199,301,339,112,227,1347,472,875,8,6,2,0,0,0,Marzo 2022
2022,Marzo,VILLAVERDE,10772,4473,6299,59,27,32,653,277,376,4553,1998,2555,694,239,455,3732,1591,2141,454,169,285,149,34,115,474,135,339,4,3,1,0,0,0,Marzo 2022
2022,Marzo,VILLA DE VALLECAS,7038,2827,4211,99,38,61,1074,504,570,2157,922,1235,422,130,292,2363,926,1437,321,108,213,159,42,117,438,156,282,5,1,4,0,0,0,Marzo 2022
2022,Marzo,VICÁLVARO,4496,1875,2621,94,44,50,462,225,237,1356,598,758,322,115,207,1595,698,897,259,81,178,97,23,74,310,91,219,1,0,1,0,0,0,Marzo 2022
2022,Marzo,SAN BLAS-CANILLEJAS,8532,3541,4991,38,16,22,263,119,144,3046,1362,1684,562,184,378,3107,1345,1762,510,193,317,233,67,166,766,254,512,7,1,6,0,0,0,Marzo 2022
2022,Marzo,BARAJAS,1735,705,1030,11,2,9,79,29,50,375,175,200,90,35,55,664,290,374,119,52,67,90,25,65,307,97,210,0,0,0,0,0,0,Marzo 2022
2022,Abril,MADRID,154234,65752,88482,1380,569,811,13015,5945,7070,46055,20803,25252,9076,3237,5839,51388,22931,28457,8437,3448,4989,4688,1478,3210,19980,7261,12719,215,80,135,0,0,0,Abril 2022
2022,Abril,CENTRO,6875,3507,3368,30,13,17,377,185,192,2220,1196,1024,304,141,163,2039,1112,927,350,172,178,232,103,129,1303,575,728,20,10,10,0,0,0,Abril 2022
2022,Abril,ARGANZUELA,5836,2548,3288,30,17,13,230,121,109,1065,507,558,308,109,199,1982,946,1036,429,184,245,310,107,203,1456,547,909,26,10,16,0,0,0,Abril 2022
2022,Abril,RETIRO,3681,1534,2147,12,5,7,130,59,71,1013,443,570,151,69,82,943,402,541,223,96,127,182,64,118,1019,391,628,8,5,3,0,0,0,Abril 2022
2022,Abril,SALAMANCA,4048,1654,2394,8,4,4,145,66,79,1132,441,691,147,46,101,1037,478,559,224,106,118,195,67,128,1148,442,706,12,4,8,0,0,0,Abril 2022
2022,Abril,CHAMARTÍN,4104,1680,2424,25,8,17,155,75,80,1019,442,577,166,52,114,1118,490,628,207,87,120,194,60,134,1212,465,747,8,1,7,0,0,0,Abril 2022
2022,Abril,TETUÁN,7363,3152,4211,24,17,7,542,238,304,2739,1234,1505,352,110,242,2172,966,1206,332,140,192,196,70,126,1000,376,624,6,1,5,0,0,0,Abril 2022
2022,Abril,CHAMBERÍ,4149,1722,2427,12,3,9,183,82,101,969,451,518,157,49,108,1104,489,615,196,83,113,212,70,142,1305,490,815,11,5,6,0,0,0,Abril 2022
2022,Abril,FUENCARRAL - EL PARDO,8233,3356,4877,42,19,23,387,162,225,2214,978,1236,448,166,282,2525,1070,1455,550,234,316,405,124,281,1643,594,1049,19,9,10,0,0,0,Abril 2022
2022,Abril,MONCLOA - ARAVACA,3697,1619,2078,7,1,6,169,86,83,912,450,462,182,74,108,1066,508,558,213,95,118,165,48,117,969,350,619,14,7,7,0,0,0,Abril 2022
2022,Abril,LATINA,12276,5349,6927,154,60,94,1246,582,664,2504,1135,1369,966,339,627,4843,2287,2556,924,387,537,361,114,247,1265,441,824,13,4,9,0,0,0,Abril 2022
2022,Abril,CARABANCHEL,14905,6381,8524,77,32,45,1304,588,716,5848,2639,3209,979,349,630,4458,2003,2455,789,319,470,327,97,230,1116,354,762,7,0,7,0,0,0,Abril 2022
2022,Abril,USERA,8899,3818,5081,42,16,26,2376,1078,1298,2157,953,1204,505,185,320,2940,1272,1668,329,120,209,119,30,89,425,162,263,6,2,4,0,0,0,Abril 2022
2022,Abril,PUENTE DE VALLECAS,16787,7429,9358,463,196,267,2177,992,1185,4431,2044,2387,1094,444,650,6983,3143,3840,679,291,388,224,70,154,722,245,477,14,4,10,0,0,0,Abril 2022
2022,Abril,MORATALAZ,4716,1970,2746,55,22,33,437,195,242,1322,575,747,264,108,156,1677,758,919,314,111,203,163,42,121,479,156,323,5,3,2,0,0,0,Abril 2022
2022,Abril,CIUDAD LINEAL,9541,4050,5491,25,11,14,235,107,128,3360,1527,1833,544,197,347,3112,1368,1744,581,238,343,358,118,240,1307,479,828,19,5,14,0,0,0,Abril 2022
2022,Abril,HORTALEZA,7461,3008,4453,91,27,64,426,194,232,2001,891,1110,444,130,314,2362,1003,1359,470,188,282,333,111,222,1326,459,867,8,5,3,0,0,0,Abril 2022
2022,Abril,VILLAVERDE,10355,4293,6062,55,25,30,632,268,364,4370,1929,2441,678,229,449,3548,1496,2052,438,162,276,139,32,107,490,149,341,5,3,2,0,0,0,Abril 2022
2022,Abril,VILLA DE VALLECAS,6852,2737,4115,93,36,57,1075,506,569,2070,867,1203,416,119,297,2299,907,1392,329,112,217,152,41,111,414,148,266,4,1,3,0,0,0,Abril 2022
2022,Abril,VICÁLVARO,4411,1820,2591,92,40,52,450,218,232,1369,600,769,320,107,213,1521,661,860,257,84,173,107,26,81,293,84,209,2,0,2,0,0,0,Abril 2022
2022,Abril,SAN BLAS-CANILLEJAS,8325,3439,4886,35,15,20,264,115,149,2983,1337,1646,562,176,386,3006,1292,1714,476,189,287,223,58,165,769,256,513,7,1,6,0,0,0,Abril 2022
2022,Abril,BARAJAS,1720,686,1034,8,2,6,75,28,47,357,164,193,89,38,51,653,280,373,127,50,77,91,26,65,319,98,221,1,0,1,0,0,0,Abril 2022
2022,Mayo,MADRID,147351,62645,84706,1309,521,788,12544,5638,6906,43604,19670,23934,8617,3067,5550,49379,21974,27405,7988,3256,4732,4537,1433,3104,19152,6996,12156,221,90,131,0,0,0,Mayo 2022
2022,Mayo,CENTRO,6545,3317,3228,30,12,18,383,186,197,2089,1131,958,285,130,155,1935,1051,884,330,162,168,222,88,134,1247,549,698,24,8,16,0,0,0,Mayo 2022
2022,Mayo,ARGANZUELA,5641,2487,3154,30,16,14,226,122,104,1023,487,536,303,104,199,1920,903,1017,410,182,228,302,105,197,1402,556,846,25,12,13,0,0,0,Mayo 2022
2022,Mayo,RETIRO,3422,1411,2011,14,6,8,126,52,74,928,404,524,142,65,77,880,384,496,200,86,114,181,63,118,946,348,598,5,3,2,0,0,0,Mayo 2022
2022,Mayo,SALAMANCA,3830,1546,2284,10,6,4,144,64,80,1039,398,641,148,46,102,995,442,553,211,99,112,189,62,127,1081,425,656,13,4,9,0,0,0,Mayo 2022
2022,Mayo,CHAMARTÍN,3951,1655,2296,22,8,14,152,72,80,987,440,547,145,49,96,1077,483,594,198,91,107,191,62,129,1168,443,725,11,7,4,0,0,0,Mayo 2022
2022,Mayo,TETUÁN,7025,2978,4047,21,14,7,518,220,298,2593,1156,1437,345,110,235,2095,920,1175,309,127,182,185,65,120,953,365,588,6,1,5,0,0,0,Mayo 2022
2022,Mayo,CHAMBERÍ,3955,1653,2302,9,1,8,163,75,88,918,426,492,151,51,100,1073,481,592,183,75,108,205,64,141,1242,475,767,11,5,6,0,0,0,Mayo 2022
2022,Mayo,FUENCARRAL - EL PARDO,7879,3191,4688,43,17,26,359,153,206,2082,904,1178,430,162,268,2437,1039,1398,535,217,318,382,109,273,1592,581,1011,19,9,10,0,0,0,Mayo 2022
2022,Mayo,MONCLOA - ARAVACA,3490,1499,1991,7,2,5,158,73,85,806,410,396,161,64,97,1039,489,550,205,86,119,164,53,111,933,315,618,17,7,10,0,0,0,Mayo 2022
2022,Mayo,LATINA,11725,5041,6684,144,55,89,1133,506,627,2401,1084,1317,921,315,606,4647,2169,2478,899,378,521,362,116,246,1207,414,793,11,4,7,0,0,0,Mayo 2022
2022,Mayo,CARABANCHEL,14148,6060,8088,70,30,40,1302,598,704,5481,2451,3030,914,323,591,4260,1930,2330,730,289,441,316,97,219,1069,341,728,6,1,5,0,0,0,Mayo 2022
2022,Mayo,USERA,8573,3671,4902,42,15,27,2302,1026,1276,2053,909,1144,484,185,299,2847,1222,1625,323,122,201,113,27,86,403,162,241,6,3,3,0,0,0,Mayo 2022
2022,Mayo,PUENTE DE VALLECAS,16103,7067,9036,426,174,252,2127,937,1190,4229,1927,2302,1007,402,605,6728,3028,3700,652,280,372,220,72,148,699,243,456,15,4,11,0,0,0,Mayo 2022
2022,Mayo,MORATALAZ,4579,1915,2664,51,18,33,433,182,251,1266,559,707,257,106,151,1637,738,899,294,109,185,155,39,116,482,160,322,4,4,0,0,0,0,Mayo 2022
2022,Mayo,CIUDAD LINEAL,9111,3885,5226,25,9,16,215,101,114,3154,1442,1712,515,189,326,2982,1322,1660,544,208,336,360,115,245,1294,491,803,22,8,14,0,0,0,Mayo 2022
2022,Mayo,HORTALEZA,7077,2822,4255,88,27,61,402,191,211,1912,843,1069,428,121,307,2256,943,1313,428,169,259,315,105,210,1241,419,822,7,4,3,0,0,0,Mayo 2022
2022,Mayo,VILLAVERDE,9767,4074,5693,51,19,32,595,251,344,4079,1816,2263,646,220,426,3395,1435,1960,398,148,250,132,32,100,466,150,316,5,3,2,0,0,0,Mayo 2022
2022,Mayo,VILLA DE VALLECAS,6627,2653,3974,93,37,56,1043,487,556,2016,856,1160,404,115,289,2215,875,1340,313,106,207,146,43,103,393,133,260,4,1,3,0,0,0,Mayo 2022
2022,Mayo,VICÁLVARO,4243,1752,2491,86,38,48,432,204,228,1310,560,750,312,104,208,1454,635,819,244,86,158,101,32,69,302,92,210,2,1,1,0,0,0,Mayo 2022
2022,Mayo,SAN BLAS-CANILLEJAS,7994,3296,4698,38,15,23,257,110,147,2874,1299,1575,529,168,361,2868,1210,1658,475,191,284,210,59,151,736,243,493,7,1,6,0,0,0,Mayo 2022
2022,Mayo,BARAJAS,1666,672,994,9,2,7,74,28,46,364,168,196,90,38,52,639,275,364,107,45,62,86,25,61,296,91,205,1,0,1,0,0,0,Mayo 2022
2022,Junio,MADRID,143903,60505,83398,1280,509,771,12284,5472,6812,42516,19032,23484,8308,2921,5387,48137,21162,26975,7827,3133,4694,4475,1414,3061,18870,6778,12092,206,84,122,0,0,0,Junio 2022
2022,Junio,CENTRO,6270,3125,3145,30,13,17,373,178,195,1941,1032,909,260,121,139,1855,1011,844,317,151,166,233,92,141,1241,519,722,20,8,12,0,0,0,Junio 2022
2022,Junio,ARGANZUELA,5587,2405,3182,26,15,11,219,114,105,1026,459,567,306,102,204,1923,898,1025,413,183,230,298,103,195,1352,520,832,24,11,13,0,0,0,Junio 2022
2022,Junio,RETIRO,3383,1428,1955,11,4,7,119,54,65,931,419,512,128,53,75,890,394,496,199,92,107,182,64,118,913,341,572,10,7,3,0,0,0,Junio 2022
2022,Junio,SALAMANCA,3740,1508,2232,10,4,6,129,56,73,1042,413,629,140,39,101,944,413,531,215,102,113,187,64,123,1059,414,645,14,3,11,0,0,0,Junio 2022
2022,Junio,CHAMARTÍN,3847,1577,2270,29,9,20,151,70,81,974,439,535,136,43,93,1059,478,581,200,83,117,184,57,127,1107,395,712,7,3,4,0,0,0,Junio 2022
2022,Junio,TETUÁN,6792,2896,3896,22,15,7,487,209,278,2464,1096,1368,329,102,227,2015,888,1127,322,147,175,188,67,121,959,372,587,6,0,6,0,0,0,Junio 2022
2022,Junio,CHAMBERÍ,3988,1639,2349,7,0,7,179,78,101,936,430,506,149,54,95,1083,467,616,193,79,114,201,63,138,1227,463,764,13,5,8,0,0,0,Junio 2022
2022,Junio,FUENCARRAL - EL PARDO,7693,3073,4620,39,16,23,349,142,207,2043,901,1142,428,146,282,2353,986,1367,520,208,312,378,107,271,1566,558,1008,17,9,8,0,0,0,Junio 2022
2022,Junio,MONCLOA - ARAVACA,3430,1473,1957,5,1,4,154,76,78,797,397,400,161,65,96,1019,474,545,200,85,115,162,55,107,919,314,605,13,6,7,0,0,0,Junio 2022
2022,Junio,LATINA,11489,4877,6612,135,53,82,1107,496,611,2367,1055,1312,894,301,593,4542,2096,2446,863,351,512,350,112,238,1221,409,812,10,4,6,0,0,0,Junio 2022
2022,Junio,CARABANCHEL,13699,5776,7923,73,27,46,1214,545,669,5327,2354,2973,867,303,564,4156,1853,2303,707,262,445,317,88,229,1034,344,690,4,0,4,0,0,0,Junio 2022
2022,Junio,USERA,8372,3589,4783,40,15,25,2301,1042,1259,1944,867,1077,493,187,306,2753,1170,1583,314,109,205,115,30,85,406,167,239,6,2,4,0,0,0,Junio 2022
2022,Junio,PUENTE DE VALLECAS,16244,7068,9176,432,176,256,2179,946,1233,4321,1959,2362,1018,411,607,6676,2961,3715,654,279,375,221,73,148,729,258,471,14,5,9,0,0,0,Junio 2022
2022,Junio,MORATALAZ,4425,1834,2591,58,20,38,440,186,254,1213,536,677,251,101,150,1567,705,862,277,102,175,152,37,115,461,143,318,6,4,2,0,0,0,Junio 2022
2022,Junio,CIUDAD LINEAL,8971,3809,5162,24,9,15,225,105,120,3174,1448,1726,484,179,305,2904,1263,1641,531,206,325,350,112,238,1258,477,781,21,10,11,0,0,0,Junio 2022
2022,Junio,HORTALEZA,6893,2693,4200,79,29,50,390,178,212,1804,775,1029,413,115,298,2211,905,1306,411,159,252,313,111,202,1266,420,846,6,1,5,0,0,0,Junio 2022
2022,Junio,VILLAVERDE,9559,3876,5683,47,18,29,571,230,341,3961,1698,2263,631,222,409,3344,1393,1951,414,148,266,134,30,104,453,135,318,4,2,2,0,0,0,Junio 2022
2022,Junio,VILLA DE VALLECAS,6129,2422,3707,88,36,52,966,439,527,1845,782,1063,365,99,266,2083,807,1276,282,94,188,129,35,94,368,128,240,3,2,1,0,0,0,Junio 2022
2022,Junio,VICÁLVARO,4079,1663,2416,85,35,50,422,199,223,1245,543,702,276,90,186,1413,600,813,237,77,160,103,33,70,296,85,211,2,1,1,0,0,0,Junio 2022
2022,Junio,SAN BLAS-CANILLEJAS,7673,3132,4541,30,12,18,235,101,134,2781,1263,1518,490,152,338,2729,1138,1591,448,175,273,205,59,146,750,231,519,5,1,4,0,0,0,Junio 2022
2022,Junio,BARAJAS,1640,642,998,10,2,8,74,28,46,380,166,214,89,36,53,618,262,356,110,41,69,73,22,51,285,85,200,1,0,1,0,0,0,Junio 2022
2022,Julio,MADRID,145369,60922,84447,1264,513,751,12448,5561,6887,42858,19078,23780,7950,2875,5075,47735,20997,26738,7955,3188,4767,4727,1465,3262,20239,7169,13070,193,76,117,0,0,0,Julio 2022
2022,Julio,CENTRO,6563,3297,3266,34,13,21,389,188,201,2043,1093,950,257,133,124,1883,1026,857,322,163,159,251,106,145,1364,570,794,20,5,15,0,0,0,Julio 2022
2022,Julio,ARGANZUELA,5681,2399,3282,23,12,11,213,101,112,1047,480,567,290,96,194,1900,892,1008,430,187,243,309,106,203,1446,516,930,23,9,14,0,0,0,Julio 2022
2022,Julio,RETIRO,3453,1412,2041,12,4,8,126,57,69,958,400,558,128,55,73,879,389,490,195,89,106,182,63,119,963,348,615,10,7,3,0,0,0,Julio 2022
2022,Julio,SALAMANCA,3810,1531,2279,11,7,4,128,59,69,1053,412,641,136,43,93,960,404,556,200,91,109,200,71,129,1110,440,670,12,4,8,0,0,0,Julio 2022
2022,Julio,CHAMARTÍN,3890,1596,2294,17,7,10,150,72,78,980,449,531,146,48,98,1051,465,586,184,72,112,203,62,141,1149,415,734,10,6,4,0,0,0,Julio 2022
2022,Julio,TETUÁN,6831,2847,3984,24,17,7,466,200,266,2452,1059,1393,327,111,216,2010,879,1131,313,139,174,202,63,139,1032,378,654,5,1,4,0,0,0,Julio 2022
2022,Julio,CHAMBERÍ,3923,1589,2334,9,1,8,164,69,95,908,408,500,137,45,92,1035,462,573,181,69,112,197,57,140,1280,473,807,12,5,7,0,0,0,Julio 2022
2022,Julio,FUENCARRAL - EL PARDO,7902,3137,4765,36,15,21,373,155,218,2067,881,1186,400,137,263,2377,1018,1359,524,216,308,395,112,283,1717,598,1119,13,5,8,0,0,0,Julio 2022
2022,Julio,MONCLOA - ARAVACA,3591,1523,2068,4,1,3,161,71,90,829,413,416,163,63,100,1027,479,548,212,86,126,179,61,118,1004,346,658,12,3,9,0,0,0,Julio 2022
2022,Julio,LATINA,11563,4947,6616,122,50,72,1128,503,625,2407,1103,1304,855,296,559,4456,2058,2398,877,353,524,388,116,272,1316,461,855,14,7,7,0,0,0,Julio 2022
2022,Julio,CARABANCHEL,13912,5881,8031,75,28,47,1298,590,708,5354,2354,3000,820,302,518,4143,1852,2291,731,274,457,343,103,240,1146,378,768,2,0,2,0,0,0,Julio 2022
2022,Julio,USERA,8379,3587,4792,41,15,26,2262,1022,1240,1951,861,1090,470,194,276,2752,1168,1584,337,117,220,127,35,92,437,174,263,2,1,1,0,0,0,Julio 2022
2022,Julio,PUENTE DE VALLECAS,15799,6852,8947,428,175,253,2146,944,1202,4206,1908,2298,931,387,544,6438,2830,3608,659,277,382,214,70,144,763,256,507,14,5,9,0,0,0,Julio 2022
2022,Julio,MORATALAZ,4476,1848,2628,59,25,34,440,181,259,1231,551,680,237,89,148,1553,702,851,285,107,178,158,33,125,509,157,352,4,3,1,0,0,0,Julio 2022
2022,Julio,CIUDAD LINEAL,8930,3752,5178,25,10,15,216,102,114,3139,1408,1731,455,158,297,2815,1235,1580,532,206,326,363,114,249,1367,510,857,18,9,9,0,0,0,Julio 2022
2022,Julio,HORTALEZA,6935,2694,4241,80,26,54,412,200,212,1806,768,1038,410,113,297,2180,887,1293,418,164,254,325,106,219,1298,429,869,6,1,5,0,0,0,Julio 2022
2022,Julio,VILLAVERDE,9513,3877,5636,48,21,27,574,225,349,3976,1709,2267,561,201,360,3305,1379,1926,425,159,266,142,33,109,477,148,329,5,2,3,0,0,0,Julio 2022
2022,Julio,VILLA DE VALLECAS,6426,2530,3896,91,36,55,1030,469,561,1915,830,1085,372,111,261,2147,815,1332,298,98,200,150,40,110,421,130,291,2,1,1,0,0,0,Julio 2022
2022,Julio,VICÁLVARO,4272,1738,2534,84,36,48,442,222,220,1314,561,753,272,85,187,1454,624,830,244,79,165,107,32,75,352,99,253,3,0,3,0,0,0,Julio 2022
2022,Julio,SAN BLAS-CANILLEJAS,7874,3231,4643,33,12,21,255,109,146,2846,1275,1571,493,166,327,2773,1160,1613,480,196,284,204,58,146,784,253,531,6,2,4,0,0,0,Julio 2022
2022,Julio,BARAJAS,1646,654,992,8,2,6,75,22,53,376,155,221,90,42,48,597,273,324,108,46,62,88,24,64,304,90,214,0,0,0,0,0,0,Julio 2022
2022,Agosto,MADRID,146770,61626,85144,1235,507,728,12529,5633,6896,43197,19298,23899,8115,2931,5184,47803,21066,26737,8162,3255,4907,4770,1477,3293,20749,7378,13371,210,81,129,0,0,0,Agosto 2022
2022,Agosto,CENTRO,6716,3403,3313,31,13,18,385,196,189,2085,1121,964,274,143,131,1948,1061,887,334,168,166,249,106,143,1385,586,799,25,9,16,0,0,0,Agosto 2022
2022,Agosto,ARGANZUELA,5840,2473,3367,30,17,13,222,106,116,1101,512,589,297,97,200,1912,893,1019,447,190,257,307,104,203,1497,545,952,27,9,18,0,0,0,Agosto 2022
2022,Agosto,RETIRO,3552,1450,2102,13,5,8,134,57,77,964,398,566,139,61,78,895,403,492,196,87,109,188,65,123,1010,367,643,13,7,6,0,0,0,Agosto 2022
2022,Agosto,SALAMANCA,3844,1541,2303,9,6,3,133,64,69,1079,413,666,139,42,97,946,404,542,205,96,109,196,72,124,1126,440,686,11,4,7,0,0,0,Agosto 2022
2022,Agosto,CHAMARTÍN,3895,1598,2297,12,2,10,163,79,84,982,440,542,141,42,99,1025,456,569,193,77,116,203,57,146,1167,440,727,9,5,4,0,0,0,Agosto 2022
2022,Agosto,TETUÁN,6940,2938,4002,25,18,7,469,207,262,2500,1112,1388,334,109,225,2015,903,1112,320,141,179,210,62,148,1064,386,678,3,0,3,0,0,0,Agosto 2022
2022,Agosto,CHAMBERÍ,3995,1619,2376,9,2,7,176,72,104,951,438,513,141,41,100,1010,451,559,187,72,115,198,55,143,1310,484,826,13,4,9,0,0,0,Agosto 2022
2022,Agosto,FUENCARRAL - EL PARDO,8016,3207,4809,29,10,19,370,154,216,2124,913,1211,428,156,272,2380,1014,1366,530,216,314,392,121,271,1751,618,1133,12,5,7,0,0,0,Agosto 2022
2022,Agosto,MONCLOA - ARAVACA,3584,1504,2080,5,1,4,155,62,93,835,395,440,142,56,86,1020,477,543,226,95,131,179,60,119,1013,356,657,9,2,7,0,0,0,Agosto 2022
2022,Agosto,LATINA,11698,4989,6709,122,47,75,1132,502,630,2431,1130,1301,879,301,578,4471,2076,2395,899,350,549,396,118,278,1354,459,895,14,6,8,0,0,0,Agosto 2022
2022,Agosto,CARABANCHEL,14058,5931,8127,79,31,48,1357,614,743,5346,2375,2971,856,293,563,4155,1853,2302,749,286,463,339,96,243,1172,381,791,5,2,3,0,0,0,Agosto 2022
2022,Agosto,USERA,8353,3608,4745,41,16,25,2292,1053,1239,1895,845,1050,482,203,279,2712,1159,1553,335,114,221,134,39,95,459,178,281,3,1,2,0,0,0,Agosto 2022
2022,Agosto,PUENTE DE VALLECAS,15793,6861,8932,411,172,239,2100,936,1164,4212,1908,2304,934,388,546,6441,2831,3610,668,282,386,215,69,146,796,269,527,16,6,10,0,0,0,Agosto 2022
2022,Agosto,MORATALAZ,4498,1842,2656,56,23,33,434,179,255,1237,541,696,244,93,151,1571,708,863,289,107,182,154,34,120,510,155,355,3,2,1,0,0,0,Agosto 2022
2022,Agosto,CIUDAD LINEAL,9041,3834,5207,26,10,16,220,106,114,3168,1439,1729,459,159,300,2827,1243,1584,562,225,337,366,112,254,1394,531,863,19,9,10,0,0,0,Agosto 2022
2022,Agosto,HORTALEZA,7093,2776,4317,80,26,54,406,198,208,1853,791,1062,426,131,295,2236,920,1316,428,160,268,325,106,219,1331,441,890,8,3,5,0,0,0,Agosto 2022
2022,Agosto,VILLAVERDE,9458,3869,5589,46,20,26,559,215,344,3946,1712,2234,557,203,354,3264,1357,1907,443,161,282,153,39,114,485,160,325,5,2,3,0,0,0,Agosto 2022
2022,Agosto,VILLA DE VALLECAS,6479,2541,3938,86,35,51,1045,477,568,1892,820,1072,383,109,274,2168,826,1342,313,102,211,149,43,106,441,128,313,2,1,1,0,0,0,Agosto 2022
2022,Agosto,VICÁLVARO,4322,1749,2573,80,37,43,454,225,229,1308,552,756,272,91,181,1457,618,839,265,93,172,113,31,82,367,100,267,6,2,4,0,0,0,Agosto 2022
2022,Agosto,SAN BLAS-CANILLEJAS,7942,3245,4697,35,13,22,246,109,137,2922,1296,1626,493,170,323,2755,1145,1610,465,188,277,213,63,150,808,260,548,5,1,4,0,0,0,Agosto 2022
2022,Agosto,BARAJAS,1653,648,1005,10,3,7,77,22,55,366,147,219,95,43,52,595,268,327,108,45,63,91,25,66,309,94,215,2,1,1,0,0,0,Agosto 2022
2022,Septiembre,MADRID,146265,61894,84371,1233,502,731,12563,5599,6964,43796,19613,24183,8289,3009,5280,47713,21215,26498,8129,3306,4823,4677,1431,3246,19660,7136,12524,205,83,122,0,0,0,Septiembre 2022
2022,Septiembre,CENTRO,6520,3328,3192,28,11,17,385,190,195,2086,1126,960,249,125,124,1893,1045,848,328,170,158,238,98,140,1288,553,735,25,10,15,0,0,0,Septiembre 2022
2022,Septiembre,ARGANZUELA,5750,2464,3286,27,15,12,230,114,116,1103,506,597,306,100,206,1873,883,990,436,194,242,309,108,201,1441,535,906,25,9,16,0,0,0,Septiembre 2022
2022,Septiembre,RETIRO,3493,1429,2064,10,4,6,131,60,71,954,403,551,143,64,79,888,391,497,191,80,111,184,56,128,979,365,614,13,6,7,0,0,0,Septiembre 2022
2022,Septiembre,SALAMANCA,3788,1551,2237,13,8,5,144,66,78,1064,414,650,136,43,93,959,425,534,211,107,104,172,61,111,1078,423,655,11,4,7,0,0,0,Septiembre 2022
2022,Septiembre,CHAMARTÍN,3790,1585,2205,14,6,8,160,76,84,957,434,523,146,48,98,1019,462,557,201,78,123,193,58,135,1092,418,674,8,5,3,0,0,0,Septiembre 2022
2022,Septiembre,TETUÁN,6956,2968,3988,26,17,9,477,203,274,2529,1138,1391,335,106,229,2022,910,1112,325,147,178,213,67,146,1026,380,646,3,0,3,0,0,0,Septiembre 2022
2022,Septiembre,CHAMBERÍ,3870,1582,2288,9,2,7,155,62,93,927,421,506,141,46,95,1040,466,574,191,74,117,199,56,143,1192,450,742,16,5,11,0,0,0,Septiembre 2022
2022,Septiembre,FUENCARRAL - EL PARDO,7842,3130,4712,27,9,18,379,150,229,2063,881,1182,424,152,272,2399,1012,1387,518,211,307,389,116,273,1630,592,1038,13,7,6,0,0,0,Septiembre 2022
2022,Septiembre,MONCLOA - ARAVACA,3600,1568,2032,5,2,3,163,72,91,861,423,438,154,62,92,1036,502,534,211,94,117,174,57,117,987,353,634,9,3,6,0,0,0,Septiembre 2022
2022,Septiembre,LATINA,11779,5068,6711,132,48,84,1146,501,645,2484,1133,1351,917,332,585,4530,2107,2423,898,368,530,381,116,265,1276,456,820,15,7,8,0,0,0,Septiembre 2022
2022,Septiembre,CARABANCHEL,14134,6011,8123,84,31,53,1359,610,749,5446,2445,3001,870,311,559,4148,1853,2295,753,282,471,342,96,246,1127,381,746,5,2,3,0,0,0,Septiembre 2022
2022,Septiembre,USERA,8446,3645,4801,45,20,25,2378,1064,1314,1920,851,1069,494,201,293,2716,1171,1545,333,128,205,133,39,94,424,169,255,3,2,1,0,0,0,Septiembre 2022
2022,Septiembre,PUENTE DE VALLECAS,15885,6938,8947,403,169,234,2062,925,1137,4374,1982,2392,951,383,568,6438,2856,3582,675,289,386,209,62,147,759,267,492,14,5,9,0,0,0,Septiembre 2022
2022,Septiembre,MORATALAZ,4456,1836,2620,52,21,31,416,173,243,1242,541,701,255,100,155,1552,692,860,297,115,182,149,38,111,490,153,337,3,3,0,0,0,0,Septiembre 2022
2022,Septiembre,CIUDAD LINEAL,9109,3874,5235,27,10,17,223,105,118,3284,1491,1793,492,178,314,2844,1268,1576,548,214,334,364,110,254,1312,492,820,15,6,9,0,0,0,Septiembre 2022
2022,Septiembre,HORTALEZA,6878,2744,4134,72,18,54,396,191,205,1837,790,1047,425,142,283,2150,897,1253,423,167,256,307,102,205,1259,434,825,9,3,6,0,0,0,Septiembre 2022
2022,Septiembre,VILLAVERDE,9566,3925,5641,49,20,29,568,219,349,4031,1755,2276,602,202,400,3271,1377,1894,448,158,290,139,35,104,452,157,295,6,2,4,0,0,0,Septiembre 2022
2022,Septiembre,VILLA DE VALLECAS,6438,2555,3883,84,38,46,1019,469,550,1955,841,1114,379,112,267,2113,817,1296,305,107,198,150,45,105,431,125,306,2,1,1,0,0,0,Septiembre 2022
2022,Septiembre,VICÁLVARO,4354,1768,2586,82,39,43,451,218,233,1323,563,760,287,95,192,1478,638,840,271,92,179,115,29,86,343,93,250,4,1,3,0,0,0,Septiembre 2022
2022,Septiembre,SAN BLAS-CANILLEJAS,7976,3279,4697,34,13,21,248,105,143,2977,1312,1665,501,176,325,2742,1167,1575,458,186,272,232,62,170,779,257,522,5,1,4,0,0,0,Septiembre 2022
2022,Septiembre,BARAJAS,1635,646,989,10,1,9,73,26,47,379,163,216,82,31,51,602,276,326,108,45,63,85,20,65,295,83,212,1,1,0,0,0,0,Septiembre 2022
2022,Octubre,MADRID,146174,61795,84379,1280,511,769,12634,5639,6995,44184,19732,24452,8698,3081,5617,47624,21184,26440,8025,3284,4741,4538,1381,3157,18987,6903,12084,204,80,124,0,0,0,Octubre 2022
2022,Octubre,CENTRO,6484,3316,3168,28,12,16,393,193,200,2087,1135,952,260,123,137,1872,1043,829,323,167,156,229,89,140,1271,544,727,21,10,11,0,0,0,Octubre 2022
2022,Octubre,ARGANZUELA,5661,2445,3216,29,13,16,227,117,110,1101,507,594,334,114,220,1860,874,986,441,207,234,278,100,178,1366,504,862,25,9,16,0,0,0,Octubre 2022
2022,Octubre,RETIRO,3474,1420,2054,10,3,7,126,55,71,979,430,549,137,57,80,874,379,495,189,75,114,184,58,126,964,358,606,11,5,6,0,0,0,Octubre 2022
2022,Octubre,SALAMANCA,3762,1525,2237,12,7,5,154,77,77,1080,405,675,150,45,105,936,420,516,199,96,103,166,59,107,1055,411,644,10,5,5,0,0,0,Octubre 2022
2022,Octubre,CHAMARTÍN,3736,1537,2199,14,6,8,160,69,91,971,428,543,142,46,96,990,451,539,184,71,113,186,58,128,1080,402,678,9,6,3,0,0,0,Octubre 2022
2022,Octubre,TETUÁN,6967,2951,4016,28,15,13,476,201,275,2591,1159,1432,340,106,234,2034,906,1128,323,147,176,203,65,138,966,351,615,6,1,5,0,0,0,Octubre 2022
2022,Octubre,CHAMBERÍ,3864,1575,2289,13,4,9,166,65,101,953,439,514,153,51,102,1013,447,566,185,75,110,197,60,137,1165,428,737,19,6,13,0,0,0,Octubre 2022
2022,Octubre,FUENCARRAL - EL PARDO,7822,3180,4642,30,10,20,374,154,220,2045,878,1167,451,161,290,2408,1051,1357,524,217,307,378,111,267,1596,591,1005,16,7,9,0,0,0,Octubre 2022
2022,Octubre,MONCLOA - ARAVACA,3500,1532,1968,4,2,2,155,75,80,856,397,459,146,57,89,1024,510,514,221,101,120,164,56,108,923,332,591,7,2,5,0,0,0,Octubre 2022
2022,Octubre,LATINA,11787,5048,6739,162,60,102,1120,488,632,2514,1136,1378,960,340,620,4539,2115,2424,875,355,520,377,120,257,1225,427,798,15,7,8,0,0,0,Octubre 2022
2022,Octubre,CARABANCHEL,14171,6055,8116,82,30,52,1392,631,761,5458,2471,2987,915,319,596,4210,1886,2324,729,264,465,315,89,226,1065,364,701,5,1,4,0,0,0,Octubre 2022
2022,Octubre,USERA,8487,3639,4848,41,16,25,2419,1085,1334,1924,854,1070,527,206,321,2706,1134,1572,337,136,201,125,35,90,405,171,234,3,2,1,0,0,0,Octubre 2022
2022,Octubre,PUENTE DE VALLECAS,15989,6977,9012,407,166,241,2034,919,1115,4488,2025,2463,1013,389,624,6464,2868,3596,649,269,380,206,63,143,715,274,441,13,4,9,0,0,0,Octubre 2022
2022,Octubre,MORATALAZ,4441,1843,2598,46,18,28,437,187,250,1232,537,695,265,101,164,1562,703,859,285,111,174,156,41,115,455,143,312,3,2,1,0,0,0,Octubre 2022
2022,Octubre,CIUDAD LINEAL,9127,3857,5270,30,10,20,233,106,127,3318,1510,1808,521,178,343,2828,1264,1564,546,219,327,350,95,255,1288,471,817,13,4,9,0,0,0,Octubre 2022
2022,Octubre,HORTALEZA,6863,2735,4128,80,23,57,408,192,216,1854,796,1058,417,142,275,2140,890,1250,404,159,245,317,106,211,1233,424,809,10,3,7,0,0,0,Octubre 2022
2022,Octubre,VILLAVERDE,9617,3897,5720,49,20,29,569,222,347,4017,1718,2299,644,215,429,3283,1379,1904,448,161,287,142,32,110,461,148,313,4,2,2,0,0,0,Octubre 2022
2022,Octubre,VILLA DE VALLECAS,6473,2562,3911,85,38,47,998,454,544,2001,844,1157,400,116,284,2104,814,1290,316,122,194,152,36,116,416,137,279,1,1,0,0,0,0,Octubre 2022
2022,Octubre,VICÁLVARO,4351,1760,2591,86,42,44,460,207,253,1318,567,751,300,94,206,1482,635,847,266,92,174,110,27,83,324,95,229,5,1,4,0,0,0,Octubre 2022
2022,Octubre,SAN BLAS-CANILLEJAS,8007,3300,4707,34,14,20,266,117,149,3008,1328,1680,541,184,357,2727,1162,1565,478,192,286,219,63,156,728,239,489,6,1,5,0,0,0,Octubre 2022
2022,Octubre,BARAJAS,1591,641,950,10,2,8,67,25,42,389,168,221,82,37,45,568,253,315,103,48,55,84,18,66,286,89,197,2,1,1,0,0,0,Octubre 2022
2022,Noviembre,MADRID,143465,60941,82524,1275,513,762,12559,5566,6993,43901,19623,24278,8375,3002,5373,46661,20837,25824,7727,3188,4539,4360,1370,2990,18407,6753,11654,200,89,111,0,0,0,Noviembre 2022
2022,Noviembre,CENTRO,6279,3199,3080,31,13,18,373,187,186,2045,1094,951,247,115,132,1794,993,801,314,161,153,227,92,135,1228,534,694,20,10,10,0,0,0,Noviembre 2022
2022,Noviembre,ARGANZUELA,5494,2380,3114,26,12,14,238,120,118,1076,497,579,324,111,213,1797,842,955,408,198,210,275,100,175,1326,489,837,24,11,13,0,0,0,Noviembre 2022
2022,Noviembre,RETIRO,3365,1364,2001,12,5,7,124,52,72,951,403,548,130,48,82,857,370,487,182,78,104,167,55,112,930,346,584,12,7,5,0,0,0,Noviembre 2022
2022,Noviembre,SALAMANCA,3792,1550,2242,14,10,4,169,78,91,1102,415,687,149,46,103,940,427,513,197,96,101,171,61,110,1041,414,627,9,3,6,0,0,0,Noviembre 2022
2022,Noviembre,CHAMARTÍN,3674,1536,2138,13,5,8,163,75,88,928,416,512,136,48,88,1002,468,534,179,69,110,182,54,128,1061,395,666,10,6,4,0,0,0,Noviembre 2022
2022,Noviembre,TETUÁN,6788,2889,3899,24,13,11,475,207,268,2507,1114,1393,332,108,224,1997,890,1107,309,137,172,189,66,123,950,353,597,5,1,4,0,0,0,Noviembre 2022
2022,Noviembre,CHAMBERÍ,3846,1595,2251,12,4,8,163,64,99,970,450,520,140,48,92,1005,449,556,179,78,101,185,59,126,1173,436,737,19,7,12,0,0,0,Noviembre 2022
2022,Noviembre,FUENCARRAL - EL PARDO,7719,3145,4574,30,10,20,361,150,211,2046,883,1163,434,157,277,2370,1021,1349,527,219,308,362,110,252,1574,586,988,15,9,6,0,0,0,Noviembre 2022
2022,Noviembre,MONCLOA - ARAVACA,3473,1519,1954,3,1,2,154,71,83,877,406,471,147,58,89,1010,493,517,203,87,116,163,57,106,909,344,565,7,2,5,0,0,0,Noviembre 2022
2022,Noviembre,LATINA,11559,5012,6547,166,67,99,1137,503,634,2455,1117,1338,925,335,590,4474,2102,2372,852,353,499,368,119,249,1167,409,758,15,7,8,0,0,0,Noviembre 2022
2022,Noviembre,CARABANCHEL,13953,5954,7999,88,38,50,1380,605,775,5488,2451,3037,885,308,577,4103,1859,2244,690,251,439,300,84,216,1014,357,657,5,1,4,0,0,0,Noviembre 2022
2022,Noviembre,USERA,8299,3546,4753,35,13,22,2380,1052,1328,1889,818,1071,498,200,298,2677,1138,1539,319,126,193,117,37,80,380,159,221,4,3,1,0,0,0,Noviembre 2022
2022,Noviembre,PUENTE DE VALLECAS,15654,6864,8790,404,158,246,2023,908,1115,4503,2066,2437,960,357,603,6260,2783,3477,610,261,349,202,65,137,679,260,419,13,6,7,0,0,0,Noviembre 2022
2022,Noviembre,MORATALAZ,4370,1849,2521,46,19,27,457,199,258,1216,539,677,259,101,158,1521,697,824,279,108,171,147,37,110,442,146,296,3,3,0,0,0,0,Noviembre 2022
2022,Noviembre,CIUDAD LINEAL,9047,3857,5190,27,10,17,250,119,131,3310,1517,1793,509,183,326,2803,1244,1559,548,228,320,329,89,240,1258,463,795,13,4,9,0,0,0,Noviembre 2022
2022,Noviembre,HORTALEZA,6703,2701,4002,76,21,55,388,176,212,1830,796,1034,409,142,267,2075,884,1191,416,166,250,306,107,199,1195,406,789,8,3,5,0,0,0,Noviembre 2022
2022,Noviembre,VILLAVERDE,9459,3901,5558,48,20,28,572,225,347,4032,1760,2272,615,217,398,3222,1363,1859,404,148,256,131,30,101,430,136,294,5,2,3,0,0,0,Noviembre 2022
2022,Noviembre,VILLA DE VALLECAS,6243,2473,3770,91,41,50,957,429,528,1977,846,1131,368,109,259,2032,769,1263,295,111,184,145,38,107,377,129,248,1,1,0,0,0,0,Noviembre 2022
2022,Noviembre,VICÁLVARO,4252,1730,2522,86,39,47,468,209,259,1306,567,739,294,93,201,1434,628,806,251,82,169,107,27,80,301,84,217,5,1,4,0,0,0,Noviembre 2022
2022,Noviembre,SAN BLAS-CANILLEJAS,7905,3226,4679,35,13,22,253,107,146,2993,1302,1691,531,184,347,2724,1155,1569,461,183,278,211,65,146,692,216,476,5,1,4,0,0,0,Noviembre 2022
2022,Noviembre,BARAJAS,1591,651,940,8,1,7,74,30,44,400,166,234,83,34,49,564,262,302,104,48,56,76,18,58,280,91,189,2,1,1,0,0,0,Noviembre 2022
2022,Diciembre,MADRID,140654,60260,80394,1253,512,741,12309,5550,6759,43179,19649,23530,8053,2868,5185,45727,20529,25198,7442,3081,4361,4327,1347,2980,18175,6648,11527,189,76,113,0,0,0,Diciembre 2022
2022,Diciembre,CENTRO,6243,3197,3046,32,13,19,365,182,183,2030,1096,934,243,119,124,1781,981,800,305,162,143,238,99,139,1236,540,696,13,5,8,0,0,0,Diciembre 2022
2022,Diciembre,ARGANZUELA,5430,2348,3082,28,14,14,231,122,109,1094,505,589,309,107,202,1784,826,958,371,180,191,279,99,180,1311,485,826,23,10,13,0,0,0,Diciembre 2022
2022,Diciembre,RETIRO,3293,1343,1950,10,5,5,119,50,69,916,394,522,127,44,83,840,363,477,180,78,102,175,55,120,915,347,568,11,7,4,0,0,0,Diciembre 2022
2022,Diciembre,SALAMANCA,3717,1528,2189,9,6,3,166,76,90,1075,423,652,141,42,99,932,416,516,187,91,96,164,59,105,1035,412,623,8,3,5,0,0,0,Diciembre 2022
2022,Diciembre,CHAMARTÍN,3660,1548,2112,11,4,7,164,76,88,915,424,491,140,49,91,984,446,538,179,69,110,180,54,126,1078,421,657,9,5,4,0,0,0,Diciembre 2022
2022,Diciembre,TETUÁN,6678,2867,3811,24,12,12,465,207,258,2484,1135,1349,319,96,223,1937,861,1076,299,130,169,192,66,126,953,358,595,5,2,3,0,0,0,Diciembre 2022
2022,Diciembre,CHAMBERÍ,3730,1546,2184,11,4,7,155,63,92,982,458,524,136,48,88,952,422,530,177,78,99,178,53,125,1125,415,710,14,5,9,0,0,0,Diciembre 2022
2022,Diciembre,FUENCARRAL - EL PARDO,7535,3074,4461,29,10,19,349,146,203,2028,883,1145,422,151,271,2270,997,1273,507,211,296,362,109,253,1556,561,995,12,6,6,0,0,0,Diciembre 2022
2022,Diciembre,MONCLOA - ARAVACA,3410,1503,1907,3,1,2,158,72,86,879,409,470,141,54,87,994,497,497,194,92,102,158,56,102,876,321,555,7,1,6,0,0,0,Diciembre 2022
2022,Diciembre,LATINA,11274,4920,6354,168,75,93,1107,500,607,2417,1122,1295,849,308,541,4398,2070,2328,823,341,482,347,104,243,1150,392,758,15,8,7,0,0,0,Diciembre 2022
2022,Diciembre,CARABANCHEL,13674,5918,7756,88,38,50,1368,622,746,5305,2409,2896,861,302,559,4077,1852,2225,679,263,416,298,85,213,992,346,646,6,1,5,0,0,0,Diciembre 2022
2022,Diciembre,USERA,8097,3530,4567,37,13,24,2276,1020,1256,1866,845,1021,487,197,290,2615,1142,1473,311,119,192,121,37,84,380,154,226,4,3,1,0,0,0,Diciembre 2022
2022,Diciembre,PUENTE DE VALLECAS,15368,6798,8570,389,155,234,2005,899,1106,4407,2043,2364,936,355,581,6158,2773,3385,605,260,345,203,67,136,653,241,412,12,5,7,0,0,0,Diciembre 2022
2022,Diciembre,MORATALAZ,4279,1805,2474,47,19,28,434,188,246,1211,552,659,247,89,158,1484,665,819,265,106,159,148,38,110,440,145,295,3,3,0,0,0,0,Diciembre 2022
2022,Diciembre,CIUDAD LINEAL,8848,3824,5024,26,9,17,245,124,121,3267,1513,1754,494,184,310,2743,1234,1509,528,221,307,317,89,228,1214,446,768,14,4,10,0,0,0,Diciembre 2022
2022,Diciembre,HORTALEZA,6629,2701,3928,81,25,56,386,179,207,1810,810,1000,402,135,267,2014,873,1141,388,139,249,302,105,197,1235,432,803,11,3,8,0,0,0,Diciembre 2022
2022,Diciembre,VILLAVERDE,9234,3898,5336,43,16,27,586,239,347,3933,1764,2169,586,211,375,3140,1355,1785,375,140,235,139,34,105,426,137,289,6,2,4,0,0,0,Diciembre 2022
2022,Diciembre,VILLA DE VALLECAS,6088,2424,3664,86,38,48,948,438,510,1903,828,1075,349,95,254,1998,764,1234,296,108,188,135,29,106,371,123,248,2,1,1,0,0,0,Diciembre 2022
2022,Diciembre,VICÁLVARO,4201,1695,2506,87,41,46,473,215,258,1310,569,741,284,85,199,1412,604,808,228,71,157,109,28,81,291,81,210,7,1,6,0,0,0,Diciembre 2022
2022,Diciembre,SAN BLAS-CANILLEJAS,7730,3172,4558,36,13,23,238,105,133,2950,1299,1651,499,164,335,2661,1130,1531,450,182,268,207,63,144,684,215,469,5,1,4,0,0,0,Diciembre 2022
2022,Diciembre,BARAJAS,1536,621,915,8,1,7,71,27,44,397,168,229,81,33,48,553,258,295,95,40,55,75,18,57,254,76,178,2,0,2,0,0,0,Diciembre 2022
,,,,,,,,,,,,,,,,,,,,,,,,,,,,,,,,,,,,
,,,,,,,,,,,,,,,,,,,,,,,,,,,,,,,,,,,,
Fuente: Servicio Público de Empleo Estatal Elaboración: Subdirección General de Estadística Ayuntamiento de Madrid,,,,,,,,,,,,,,,,,,,,,,,,,,,,,,,,,,,,
2023,Enero,MADRID,145707,62459,83248,1278,524,754,12745,5716,7029,45062,20420,24642,8434,3036,5398,47107,21220,25887,7873,3252,4621,4333,1363,2970,18678,6848,11830,197,80,117,0,0,0,Enero 2023
2023,Enero,CENTRO,6424,3312,3112,32,14,18,377,196,181,2089,1153,936,269,131,138,1820,992,828,313,177,136,237,99,138,1274,547,727,13,3,10,0,0,0,Enero 2023
2023,Enero,ARGANZUELA,5642,2422,3220,29,14,15,236,125,111,1165,537,628,304,101,203,1847,864,983,389,179,210,283,98,185,1364,492,872,25,12,13,0,0,0,Enero 2023
2023,Enero,RETIRO,3392,1372,2020,11,5,6,123,50,73,941,393,548,139,51,88,871,386,485,192,81,111,170,46,124,934,353,581,11,7,4,0,0,0,Enero 2023
2023,Enero,SALAMANCA,3872,1592,2280,12,7,5,176,79,97,1113,436,677,149,45,104,980,440,540,215,109,106,165,60,105,1054,413,641,8,3,5,0,0,0,Enero 2023
2023,Enero,CHAMARTÍN,3763,1596,2167,11,5,6,170,72,98,958,426,532,135,45,90,1008,461,547,193,73,120,185,62,123,1094,445,649,9,7,2,0,0,0,Enero 2023
2023,Enero,TETUÁN,6860,2948,3912,23,13,10,467,201,266,2580,1187,1393,334,103,231,1952,876,1076,318,129,189,190,64,126,989,372,617,7,3,4,0,0,0,Enero 2023
2023,Enero,CHAMBERÍ,3835,1616,2219,11,4,7,160,68,92,1049,470,579,140,48,92,977,449,528,190,91,99,174,60,114,1120,421,699,14,5,9,0,0,0,Enero 2023
2023,Enero,FUENCARRAL - EL PARDO,7770,3187,4583,29,9,20,362,147,215,2117,930,1187,439,157,282,2341,1031,1310,525,221,304,369,116,253,1573,569,1004,15,7,8,0,0,0,Enero 2023
2023,Enero,MONCLOA - ARAVACA,3516,1530,1986,3,1,2,158,70,88,912,419,493,153,61,92,1020,503,517,204,93,111,162,60,102,899,323,576,5,0,5,0,0,0,Enero 2023
2023,Enero,LATINA,11690,5145,6545,189,85,104,1143,516,627,2531,1179,1352,875,324,551,4510,2146,2364,859,356,503,349,107,242,1219,424,795,15,8,7,0,0,0,Enero 2023
2023,Enero,CARABANCHEL,14028,6017,8011,82,35,47,1375,625,750,5460,2449,3011,911,328,583,4140,1872,2268,718,279,439,310,80,230,1026,347,679,6,2,4,0,0,0,Enero 2023
2023,Enero,USERA,8465,3654,4811,42,16,26,2416,1063,1353,1951,861,1090,496,196,300,2718,1198,1520,328,122,206,116,37,79,395,159,236,3,2,1,0,0,0,Enero 2023
2023,Enero,PUENTE DE VALLECAS,16042,7044,8998,396,160,236,2089,933,1156,4631,2125,2506,990,387,603,6389,2846,3543,645,275,370,204,63,141,687,251,436,11,4,7,0,0,0,Enero 2023
2023,Enero,MORATALAZ,4468,1890,2578,45,17,28,458,203,255,1245,568,677,283,102,181,1557,692,865,280,110,170,144,42,102,451,152,299,5,4,1,0,0,0,Enero 2023
2023,Enero,CIUDAD LINEAL,9151,3960,5191,26,8,18,264,135,129,3462,1575,1887,506,192,314,2768,1264,1504,561,229,332,306,85,221,1242,467,775,16,5,11,0,0,0,Enero 2023
2023,Enero,HORTALEZA,6875,2816,4059,77,23,54,420,196,224,1887,857,1030,419,140,279,2067,880,1187,428,159,269,301,107,194,1264,451,813,12,3,9,0,0,0,Enero 2023
2023,Enero,VILLAVERDE,9578,4064,5514,47,18,29,606,244,362,4062,1819,2243,618,222,396,3259,1425,1834,399,153,246,146,41,105,435,140,295,6,2,4,0,0,0,Enero 2023
2023,Enero,VILLA DE VALLECAS,6388,2529,3859,89,39,50,947,428,519,2025,869,1156,388,111,277,2101,813,1288,307,109,198,137,30,107,393,130,263,1,0,1,0,0,0,Enero 2023
2023,Enero,VICÁLVARO,4422,1784,2638,79,35,44,488,229,259,1377,596,781,292,88,204,1508,645,863,260,81,179,107,26,81,304,83,221,7,1,6,0,0,0,Enero 2023
2023,Enero,SAN BLAS-CANILLEJAS,7951,3341,4610,35,14,21,239,108,131,3084,1385,1699,519,176,343,2701,1177,1524,451,186,265,204,62,142,711,231,480,7,2,5,0,0,0,Enero 2023
2023,Enero,BARAJAS,1575,640,935,10,2,8,71,28,43,423,186,237,75,28,47,573,260,313,98,40,58,74,18,56,250,78,172,1,0,1,0,0,0,Enero 2023
2023,Febrero,MADRID,148294,63566,84728,1246,500,746,13065,5833,7232,46693,21002,25691,8504,3122,5382,47822,21533,26289,7944,3305,4639,4333,1366,2967,18487,6823,11664,200,82,118,0,0,0,Febrero 2023
2023,Febrero,CENTRO,6608,3387,3221,27,12,15,389,202,187,2226,1207,1019,272,133,139,1873,1037,836,311,173,138,231,94,137,1264,526,738,15,3,12,0,0,0,Febrero 2023
2023,Febrero,ARGANZUELA,5723,2479,3244,29,15,14,252,133,119,1245,581,664,304,104,200,1846,885,961,405,183,222,268,88,180,1350,479,871,24,11,13,0,0,0,Febrero 2023
2023,Febrero,RETIRO,3421,1395,2026,10,4,6,127,51,76,954,405,549,138,53,85,873,393,480,194,78,116,176,52,124,938,351,587,11,8,3,0,0,0,Febrero 2023
2023,Febrero,SALAMANCA,3838,1596,2242,9,5,4,162,68,94,1164,472,692,139,46,93,958,436,522,210,108,102,162,60,102,1024,397,627,10,4,6,0,0,0,Febrero 2023
2023,Febrero,CHAMARTÍN,3809,1602,2207,11,4,7,176,71,105,991,422,569,132,47,85,1018,462,556,195,80,115,183,61,122,1094,449,645,9,6,3,0,0,0,Febrero 2023
2023,Febrero,TETUÁN,7019,2995,4024,23,12,11,489,216,273,2674,1212,1462,341,106,235,1971,865,1106,340,137,203,200,68,132,977,376,601,4,3,1,0,0,0,Febrero 2023
2023,Febrero,CHAMBERÍ,3907,1644,2263,10,3,7,170,71,99,1078,476,602,145,51,94,986,444,542,209,96,113,177,58,119,1115,439,676,17,6,11,0,0,0,Febrero 2023
2023,Febrero,FUENCARRAL - EL PARDO,7791,3237,4554,30,8,22,361,150,211,2162,945,1217,435,164,271,2337,1040,1297,508,215,293,357,113,244,1586,596,990,15,6,9,0,0,0,Febrero 2023
2023,Febrero,MONCLOA - ARAVACA,3515,1544,1971,5,1,4,146,62,84,919,440,479,152,63,89,1040,513,527,210,93,117,166,59,107,869,312,557,8,1,7,0,0,0,Febrero 2023
2023,Febrero,LATINA,11925,5264,6661,164,70,94,1148,521,627,2701,1270,1431,883,330,553,4638,2194,2444,855,362,493,361,111,250,1160,398,762,15,8,7,0,0,0,Febrero 2023
2023,Febrero,CARABANCHEL,14410,6201,8209,89,38,51,1439,662,777,5640,2527,3113,911,338,573,4246,1904,2342,745,294,451,314,90,224,1020,346,674,6,2,4,0,0,0,Febrero 2023
2023,Febrero,USERA,8639,3749,4890,40,15,25,2516,1122,1394,1982,867,1115,496,209,287,2758,1204,1554,332,129,203,113,35,78,398,165,233,4,3,1,0,0,0,Febrero 2023
2023,Febrero,PUENTE DE VALLECAS,16300,7105,9195,402,162,240,2072,915,1157,4844,2176,2668,995,388,607,6470,2865,3605,635,269,366,194,66,128,679,259,420,9,5,4,0,0,0,Febrero 2023
2023,Febrero,MORATALAZ,4497,1915,2582,47,17,30,454,201,253,1279,575,704,274,108,166,1572,697,875,280,111,169,150,47,103,437,156,281,4,3,1,0,0,0,Febrero 2023
2023,Febrero,CIUDAD LINEAL,9277,3990,5287,20,4,16,280,129,151,3519,1594,1925,514,189,325,2821,1286,1535,537,212,325,324,95,229,1249,477,772,13,4,9,0,0,0,Febrero 2023
2023,Febrero,HORTALEZA,6915,2781,4134,73,23,50,427,193,234,1930,845,1085,419,137,282,2087,876,1211,416,158,258,300,102,198,1251,444,807,12,3,9,0,0,0,Febrero 2023
2023,Febrero,VILLAVERDE,9928,4227,5701,45,14,31,650,254,396,4224,1882,2342,655,237,418,3343,1481,1862,416,168,248,147,37,110,443,152,291,5,2,3,0,0,0,Febrero 2023
2023,Febrero,VILLA DE VALLECAS,6619,2601,4018,88,38,50,973,432,541,2134,906,1228,389,113,276,2163,829,1334,338,124,214,136,32,104,395,126,269,3,1,2,0,0,0,Febrero 2023
2023,Febrero,VICÁLVARO,4475,1832,2643,78,35,43,492,223,269,1424,618,806,304,96,208,1521,669,852,264,90,174,96,19,77,289,81,208,7,1,6,0,0,0,Febrero 2023
2023,Febrero,SAN BLAS-CANILLEJAS,8090,3384,4706,36,17,19,269,128,141,3172,1404,1768,532,176,356,2724,1191,1533,447,187,260,209,63,146,694,216,478,7,2,5,0,0,0,Febrero 2023
2023,Febrero,BARAJAS,1588,638,950,10,3,7,73,29,44,431,178,253,74,34,40,577,262,315,97,38,59,69,16,53,255,78,177,2,0,2,0,0,0,Febrero 2023
2023,Marzo,MADRID,149263,63847,85416,1238,484,754,13134,5829,7305,47639,21308,26331,8524,3085,5439,47955,21611,26344,7975,3286,4689,4278,1355,2923,18328,6808,11520,192,81,111,0,0,0,Marzo 2023
2023,Marzo,CENTRO,6590,3405,3185,33,13,20,384,192,192,2274,1239,1035,275,134,141,1814,1005,809,324,180,144,224,90,134,1247,546,701,15,6,9,0,0,0,Marzo 2023
2023,Marzo,ARGANZUELA,5734,2455,3279,28,15,13,263,131,132,1268,583,685,302,104,198,1845,877,968,412,173,239,272,90,182,1321,472,849,23,10,13,0,0,0,Marzo 2023
2023,Marzo,RETIRO,3400,1401,1999,10,4,6,133,53,80,948,398,550,138,54,84,859,396,463,188,72,116,182,54,128,930,362,568,12,8,4,0,0,0,Marzo 2023
2023,Marzo,SALAMANCA,3886,1628,2258,12,7,5,167,75,92,1209,498,711,137,46,91,979,445,534,208,103,105,159,61,98,1006,390,616,9,3,6,0,0,0,Marzo 2023
2023,Marzo,CHAMARTÍN,3838,1615,2223,11,4,7,196,80,116,1017,444,573,123,43,80,992,456,536,199,77,122,179,65,114,1111,439,672,10,7,3,0,0,0,Marzo 2023
2023,Marzo,TETUÁN,7061,3024,4037,23,11,12,505,237,268,2737,1214,1523,344,102,242,1952,867,1085,335,142,193,184,64,120,976,385,591,5,2,3,0,0,0,Marzo 2023
2023,Marzo,CHAMBERÍ,3900,1659,2241,8,2,6,154,64,90,1035,463,572,150,53,97,1017,467,550,220,106,114,187,60,127,1113,437,676,16,7,9,0,0,0,Marzo 2023
2023,Marzo,FUENCARRAL - EL PARDO,7881,3265,4616,34,10,24,369,149,220,2217,974,1243,435,161,274,2392,1050,1342,494,209,285,358,107,251,1566,598,968,16,7,9,0,0,0,Marzo 2023
2023,Marzo,MONCLOA - ARAVACA,3514,1550,1964,6,1,5,147,64,83,944,442,502,141,52,89,1027,512,515,219,99,120,169,59,110,857,321,536,4,0,4,0,0,0,Marzo 2023
2023,Marzo,LATINA,11998,5265,6733,173,67,106,1165,528,637,2752,1277,1475,912,339,573,4656,2195,2461,850,350,500,340,105,235,1133,396,737,17,8,9,0,0,0,Marzo 2023
2023,Marzo,CARABANCHEL,14551,6217,8334,93,41,52,1457,643,814,5765,2562,3203,894,332,562,4291,1930,2361,736,285,451,302,85,217,1008,338,670,5,1,4,0,0,0,Marzo 2023
2023,Marzo,USERA,8780,3800,4980,38,13,25,2543,1135,1408,2082,909,1173,514,199,315,2756,1210,1546,348,137,211,118,42,76,376,151,225,5,4,1,0,0,0,Marzo 2023
2023,Marzo,PUENTE DE VALLECAS,16489,7187,9302,382,147,235,2044,890,1154,5053,2296,2757,997,383,614,6480,2854,3626,637,280,357,208,71,137,680,262,418,8,4,4,0,0,0,Marzo 2023
2023,Marzo,MORATALAZ,4543,1925,2618,43,16,27,434,192,242,1338,584,754,268,102,166,1600,731,869,279,111,168,129,38,91,449,149,300,3,2,1,0,0,0,Marzo 2023
2023,Marzo,CIUDAD LINEAL,9282,3973,5309,23,6,17,268,121,147,3526,1586,1940,526,197,329,2824,1279,1545,547,217,330,322,101,221,1236,463,773,10,3,7,0,0,0,Marzo 2023
2023,Marzo,HORTALEZA,6906,2751,4155,65,19,46,421,193,228,1930,827,1103,407,129,278,2078,863,1215,421,163,258,299,104,195,1275,450,825,10,3,7,0,0,0,Marzo 2023
2023,Marzo,VILLAVERDE,10032,4228,5804,46,17,29,673,272,401,4231,1851,2380,669,244,425,3417,1499,1918,415,161,254,145,31,114,431,151,280,5,2,3,0,0,0,Marzo 2023
2023,Marzo,VILLA DE VALLECAS,6645,2627,4018,90,38,52,972,425,547,2182,927,1255,390,115,275,2180,857,1323,323,115,208,131,30,101,375,119,256,2,1,1,0,0,0,Marzo 2023
2023,Marzo,VICÁLVARO,4517,1855,2662,80,37,43,483,223,260,1472,633,839,307,103,204,1500,660,840,273,92,181,97,24,73,299,82,217,6,1,5,0,0,0,Marzo 2023
2023,Marzo,SAN BLAS-CANILLEJAS,8118,3382,4736,32,14,18,279,131,148,3238,1425,1813,520,162,358,2708,1194,1514,448,179,269,207,61,146,677,214,463,9,2,7,0,0,0,Marzo 2023
2023,Marzo,BARAJAS,1598,635,963,8,2,6,77,31,46,421,176,245,75,31,44,588,264,324,99,35,64,66,13,53,262,83,179,2,0,2,0,0,0,Marzo 2023
2023,Abril,MADRID,146359,62513,83846,1181,465,716,12739,5619,7120,47281,21041,26240,8310,3002,5308,46852,21096,25756,7832,3266,4566,4232,1352,2880,17746,6597,11149,186,75,111,0,0,0,Abril 2023
2023,Abril,CENTRO,6506,3360,3146,30,11,19,380,191,189,2232,1218,1014,259,126,133,1847,1027,820,318,179,139,228,88,140,1201,517,684,11,3,8,0,0,0,Abril 2023
2023,Abril,ARGANZUELA,5583,2435,3148,23,13,10,259,134,125,1234,570,664,302,111,191,1773,847,926,404,178,226,268,88,180,1296,484,812,24,10,14,0,0,0,Abril 2023
2023,Abril,RETIRO,3263,1326,1937,10,5,5,121,49,72,895,389,506,139,53,86,826,370,456,193,73,120,163,45,118,903,333,570,13,9,4,0,0,0,Abril 2023
2023,Abril,SALAMANCA,3812,1605,2207,14,7,7,190,84,106,1197,489,708,135,48,87,912,417,495,214,106,108,169,66,103,972,385,587,9,3,6,0,0,0,Abril 2023
2023,Abril,CHAMARTÍN,3744,1572,2172,13,7,6,190,78,112,1014,436,578,129,48,81,955,447,508,201,79,122,179,64,115,1055,409,646,8,4,4,0,0,0,Abril 2023
2023,Abril,TETUÁN,6893,2938,3955,20,10,10,462,211,251,2721,1208,1513,344,102,242,1897,848,1049,326,131,195,178,60,118,939,366,573,6,2,4,0,0,0,Abril 2023
2023,Abril,CHAMBERÍ,3806,1611,2195,8,2,6,142,59,83,1035,451,584,150,55,95,977,439,538,197,93,104,184,62,122,1098,444,654,15,6,9,0,0,0,Abril 2023
2023,Abril,FUENCARRAL - EL PARDO,7679,3192,4487,28,9,19,384,152,232,2151,953,1198,426,157,269,2335,1029,1306,504,209,295,348,106,242,1486,570,916,17,7,10,0,0,0,Abril 2023
2023,Abril,MONCLOA - ARAVACA,3500,1526,1974,6,2,4,136,57,79,971,445,526,138,49,89,1011,501,510,207,97,110,164,63,101,863,312,551,4,0,4,0,0,0,Abril 2023
2023,Abril,LATINA,11731,5126,6605,167,61,106,1117,500,617,2783,1274,1509,878,323,555,4517,2121,2396,847,350,497,337,103,234,1071,388,683,14,6,8,0,0,0,Abril 2023
2023,Abril,CARABANCHEL,14361,6122,8239,97,42,55,1416,620,796,5755,2529,3226,855,303,552,4225,1902,2323,719,292,427,303,80,223,984,352,632,7,2,5,0,0,0,Abril 2023
2023,Abril,USERA,8564,3712,4852,34,14,20,2439,1086,1353,2048,899,1149,509,199,310,2725,1203,1522,339,136,203,111,35,76,356,138,218,3,2,1,0,0,0,Abril 2023
2023,Abril,PUENTE DE VALLECAS,16159,7011,9148,356,136,220,1956,847,1109,5025,2254,2771,975,375,600,6339,2788,3551,645,285,360,206,77,129,649,244,405,8,5,3,0,0,0,Abril 2023
2023,Abril,MORATALAZ,4482,1876,2606,45,17,28,420,178,242,1330,571,759,269,104,165,1575,704,871,259,106,153,137,43,94,444,151,293,3,2,1,0,0,0,Abril 2023
2023,Abril,CIUDAD LINEAL,9152,3939,5213,19,7,12,263,114,149,3525,1583,1942,496,196,300,2751,1251,1500,547,219,328,321,103,218,1220,462,758,10,4,6,0,0,0,Abril 2023
2023,Abril,HORTALEZA,6817,2731,4086,58,15,43,405,189,216,1919,812,1107,393,125,268,2065,880,1185,422,162,260,294,104,190,1250,439,811,11,5,6,0,0,0,Abril 2023
2023,Abril,VILLAVERDE,9835,4110,5725,48,18,30,673,264,409,4221,1830,2391,656,234,422,3301,1446,1855,385,154,231,139,28,111,408,134,274,4,2,2,0,0,0,Abril 2023
2023,Abril,VILLA DE VALLECAS,6566,2578,3988,89,37,52,967,437,530,2155,911,1244,379,110,269,2139,823,1316,317,109,208,139,37,102,379,113,266,2,1,1,0,0,0,Abril 2023
2023,Abril,VICÁLVARO,4378,1801,2577,75,37,38,473,217,256,1419,622,797,297,103,194,1460,632,828,256,89,167,103,28,75,287,72,215,8,1,7,0,0,0,Abril 2023
2023,Abril,SAN BLAS-CANILLEJAS,7968,3314,4654,33,13,20,273,125,148,3227,1426,1801,508,149,359,2650,1159,1491,442,187,255,198,59,139,629,195,434,8,1,7,0,0,0,Abril 2023
2023,Abril,BARAJAS,1560,628,932,8,2,6,73,27,46,424,171,253,73,32,41,572,262,310,90,32,58,63,13,50,256,89,167,1,0,1,0,0,0,Abril 2023
2023,Mayo,MADRID,144220,60861,83359,1144,452,692,12419,5443,6976,46687,20535,26152,8326,2921,5405,45983,20439,25544,7636,3132,4504,4202,1332,2870,17627,6529,11098,196,78,118,0,0,0,Mayo 2023
2023,Mayo,CENTRO,6298,3216,3082,28,10,18,405,196,209,2094,1123,971,246,116,130,1807,1002,805,295,163,132,221,90,131,1190,515,675,12,1,11,0,0,0,Mayo 2023
2023,Mayo,ARGANZUELA,5469,2338,3131,20,11,9,264,134,130,1222,552,670,295,103,192,1720,803,917,392,168,224,261,84,177,1270,472,798,25,11,14,0,0,0,Mayo 2023
2023,Mayo,RETIRO,3235,1314,1921,12,6,6,142,62,80,864,373,491,135,48,87,806,360,446,186,69,117,166,52,114,910,336,574,14,8,6,0,0,0,Mayo 2023
2023,Mayo,SALAMANCA,3759,1579,2180,16,8,8,181,84,97,1198,492,706,131,42,89,891,400,491,209,102,107,163,62,101,961,387,574,9,2,7,0,0,0,Mayo 2023
2023,Mayo,CHAMARTÍN,3738,1563,2175,11,5,6,175,68,107,1010,442,568,137,56,81,939,422,517,200,77,123,181,61,120,1074,427,647,11,5,6,0,0,0,Mayo 2023
2023,Mayo,TETUÁN,6839,2903,3936,18,10,8,471,211,260,2664,1170,1494,337,101,236,1891,851,1040,314,129,185,179,56,123,959,372,587,6,3,3,0,0,0,Mayo 2023
2023,Mayo,CHAMBERÍ,3773,1585,2188,9,0,9,141,60,81,1034,466,568,148,51,97,976,436,540,189,90,99,178,57,121,1084,420,664,14,5,9,0,0,0,Mayo 2023
2023,Mayo,FUENCARRAL - EL PARDO,7536,3093,4443,24,8,16,365,150,215,2106,919,1187,432,153,279,2242,970,1272,495,211,284,348,107,241,1510,569,941,14,6,8,0,0,0,Mayo 2023
2023,Mayo,MONCLOA - ARAVACA,3450,1507,1943,6,2,4,132,58,74,948,440,508,155,54,101,990,493,497,203,91,112,156,60,96,855,309,546,5,0,5,0,0,0,Mayo 2023
2023,Mayo,LATINA,11486,4958,6528,158,58,100,1031,472,559,2806,1265,1541,894,316,578,4352,2007,2345,834,340,494,336,102,234,1061,392,669,14,6,8,0,0,0,Mayo 2023
2023,Mayo,CARABANCHEL,14091,5922,8169,88,38,50,1354,581,773,5623,2437,3186,874,304,570,4187,1853,2334,707,292,415,310,85,225,941,329,612,7,3,4,0,0,0,Mayo 2023
2023,Mayo,USERA,8498,3623,4875,37,16,21,2356,1029,1327,2086,908,1178,530,197,333,2692,1166,1526,313,126,187,114,34,80,365,144,221,5,3,2,0,0,0,Mayo 2023
2023,Mayo,PUENTE DE VALLECAS,15892,6819,9073,340,129,211,1939,830,1109,4990,2226,2764,973,361,612,6206,2717,3489,624,267,357,192,65,127,617,217,400,11,7,4,0,0,0,Mayo 2023
2023,Mayo,MORATALAZ,4436,1837,2599,45,19,26,413,168,245,1320,557,763,270,100,170,1550,701,849,249,92,157,130,40,90,453,157,296,6,3,3,0,0,0,Mayo 2023
2023,Mayo,CIUDAD LINEAL,8965,3801,5164,20,8,12,270,123,147,3430,1510,1920,496,192,304,2721,1223,1498,542,204,338,304,96,208,1173,441,732,9,4,5,0,0,0,Mayo 2023
2023,Mayo,HORTALEZA,6673,2630,4043,56,17,39,387,179,208,1874,790,1084,387,125,262,2007,828,1179,416,150,266,298,106,192,1236,429,807,12,6,6,0,0,0,Mayo 2023
2023,Mayo,VILLAVERDE,9796,4024,5772,51,21,30,650,255,395,4234,1823,2411,659,222,437,3260,1382,1878,387,152,235,137,31,106,414,136,278,4,2,2,0,0,0,Mayo 2023
2023,Mayo,VILLA DE VALLECAS,6524,2502,4022,86,36,50,929,413,516,2158,883,1275,377,101,276,2136,808,1328,311,109,202,147,36,111,378,115,263,2,1,1,0,0,0,Mayo 2023
2023,Mayo,VICÁLVARO,4343,1752,2591,78,38,40,467,214,253,1423,604,819,282,88,194,1441,624,817,249,81,168,108,30,78,289,72,217,6,1,5,0,0,0,Mayo 2023
2023,Mayo,SAN BLAS-CANILLEJAS,7872,3275,4597,31,10,21,275,129,146,3173,1378,1795,502,162,340,2615,1150,1465,426,182,244,198,58,140,644,205,439,8,1,7,0,0,0,Mayo 2023
2023,Mayo,BARAJAS,1547,620,927,10,2,8,72,27,45,430,177,253,66,29,37,554,243,311,95,37,58,75,20,55,243,85,158,2,0,2,0,0,0,Mayo 2023
2023,Junio,MADRID,142896,60066,82830,1106,432,674,12196,5363,6833,46194,20246,25948,8150,2851,5299,45483,20104,25379,7594,3106,4488,4120,1316,2804,17851,6569,11282,202,79,123,0,0,0,Junio 2023
2023,Junio,CENTRO,6300,3223,3077,27,12,15,434,214,220,2076,1104,972,239,118,121,1778,987,791,301,162,139,215,87,128,1218,536,682,12,3,9,0,0,0,Junio 2023
2023,Junio,ARGANZUELA,5453,2336,3117,19,10,9,281,149,132,1182,546,636,289,99,190,1694,776,918,391,170,221,258,83,175,1313,492,821,26,11,15,0,0,0,Junio 2023
2023,Junio,RETIRO,3212,1297,1915,9,5,4,168,75,93,854,351,503,125,39,86,784,360,424,181,73,108,165,54,111,910,331,579,16,9,7,0,0,0,Junio 2023
2023,Junio,SALAMANCA,3765,1564,2201,12,6,6,159,70,89,1217,507,710,124,41,83,882,391,491,215,104,111,158,63,95,990,379,611,8,3,5,0,0,0,Junio 2023
2023,Junio,CHAMARTÍN,3726,1552,2174,11,5,6,163,68,95,1032,457,575,138,56,82,933,412,521,199,75,124,164,51,113,1075,424,651,11,4,7,0,0,0,Junio 2023
2023,Junio,TETUÁN,6750,2828,3922,20,10,10,464,205,259,2613,1124,1489,338,105,233,1862,837,1025,303,124,179,175,56,119,971,366,605,4,1,3,0,0,0,Junio 2023
2023,Junio,CHAMBERÍ,3721,1565,2156,8,1,7,142,57,85,1036,465,571,136,46,90,965,437,528,180,88,92,172,62,110,1068,405,663,14,4,10,0,0,0,Junio 2023
2023,Junio,FUENCARRAL - EL PARDO,7528,3073,4455,22,6,16,352,144,208,2108,908,1200,438,149,289,2239,981,1258,496,206,290,347,109,238,1509,563,946,17,7,10,0,0,0,Junio 2023
2023,Junio,MONCLOA - ARAVACA,3456,1521,1935,6,2,4,141,65,76,943,446,497,151,54,97,980,483,497,193,86,107,154,60,94,881,323,558,7,2,5,0,0,0,Junio 2023
2023,Junio,LATINA,11364,4864,6500,142,53,89,1011,458,553,2788,1235,1553,861,304,557,4314,1986,2328,800,318,482,335,104,231,1102,402,700,11,4,7,0,0,0,Junio 2023
2023,Junio,CARABANCHEL,13944,5808,8136,93,39,54,1307,577,730,5587,2419,3168,833,276,557,4110,1800,2310,708,282,426,307,86,221,993,327,666,6,2,4,0,0,0,Junio 2023
2023,Junio,USERA,8396,3579,4817,32,15,17,2300,999,1301,2111,911,1200,503,191,312,2660,1149,1511,313,125,188,115,35,80,355,150,205,7,4,3,0,0,0,Junio 2023
2023,Junio,PUENTE DE VALLECAS,15657,6727,8930,330,124,206,1904,816,1088,4917,2196,2721,972,373,599,6105,2660,3445,613,264,349,183,64,119,619,223,396,14,7,7,0,0,0,Junio 2023
2023,Junio,MORATALAZ,4366,1808,2558,46,18,28,387,157,230,1318,557,761,260,98,162,1534,686,848,265,101,164,126,37,89,427,152,275,3,2,1,0,0,0,Junio 2023
2023,Junio,CIUDAD LINEAL,8912,3764,5148,16,5,11,283,135,148,3364,1475,1889,488,177,311,2699,1212,1487,539,204,335,306,101,205,1207,451,756,10,4,6,0,0,0,Junio 2023
2023,Junio,HORTALEZA,6678,2640,4038,64,21,43,374,179,195,1923,805,1118,375,122,253,2014,830,1184,412,154,258,287,101,186,1217,421,796,12,7,5,0,0,0,Junio 2023
2023,Junio,VILLAVERDE,9673,3956,5717,51,19,32,628,235,393,4129,1777,2352,665,222,443,3236,1375,1861,391,151,240,137,30,107,432,145,287,4,2,2,0,0,0,Junio 2023
2023,Junio,VILLA DE VALLECAS,6453,2485,3968,83,35,48,908,407,501,2148,894,1254,370,107,263,2113,789,1324,318,109,209,142,34,108,367,109,258,4,1,3,0,0,0,Junio 2023
2023,Junio,VICÁLVARO,4322,1722,2600,75,34,41,453,204,249,1377,582,795,272,77,195,1458,630,828,255,87,168,110,27,83,316,80,236,6,1,5,0,0,0,Junio 2023
2023,Junio,SAN BLAS-CANILLEJAS,7675,3146,4529,30,9,21,263,122,141,3065,1319,1746,495,164,331,2565,1094,1471,428,185,243,194,54,140,627,198,429,8,1,7,0,0,0,Junio 2023
2023,Junio,BARAJAS,1545,608,937,10,3,7,74,27,47,406,168,238,78,33,45,558,229,329,93,38,55,70,18,52,254,92,162,2,0,2,0,0,0,Junio 2023
2023,Julio,MADRID,141653,59537,82116,1047,413,634,11959,5309,6650,45413,19805,25608,7684,2752,4932,44655,19773,24882,7621,3130,4491,4258,1364,2894,18828,6917,11911,188,74,114,0,0,0,Julio 2023
2023,Julio,CENTRO,6224,3227,2997,24,11,13,440,232,208,2011,1082,929,227,110,117,1737,972,765,295,166,129,224,98,126,1258,554,704,8,2,6,0,0,0,Julio 2023
2023,Julio,ARGANZUELA,5513,2368,3145,18,11,7,307,162,145,1201,540,661,269,95,174,1669,778,891,390,173,217,270,85,185,1365,514,851,24,10,14,0,0,0,Julio 2023
2023,Julio,RETIRO,3308,1335,1973,8,5,3,194,79,115,868,357,511,114,35,79,812,364,448,183,74,109,172,57,115,946,358,588,11,6,5,0,0,0,Julio 2023
2023,Julio,SALAMANCA,3831,1600,2231,14,7,7,156,69,87,1227,508,719,127,44,83,873,387,486,222,106,116,159,63,96,1045,413,632,8,3,5,0,0,0,Julio 2023
2023,Julio,CHAMARTÍN,3708,1518,2190,14,5,9,158,67,91,1013,426,587,124,49,75,913,403,510,195,75,120,170,50,120,1114,440,674,7,3,4,0,0,0,Julio 2023
2023,Julio,TETUÁN,6646,2764,3882,18,9,9,474,210,264,2553,1084,1469,313,102,211,1809,810,999,277,109,168,181,58,123,1016,380,636,5,2,3,0,0,0,Julio 2023
2023,Julio,CHAMBERÍ,3786,1592,2194,7,1,6,142,55,87,1082,498,584,138,47,91,919,424,495,187,89,98,186,63,123,1111,411,700,14,4,10,0,0,0,Julio 2023
2023,Julio,FUENCARRAL - EL PARDO,7584,3113,4471,20,6,14,351,146,205,2105,912,1193,407,146,261,2213,968,1245,502,211,291,345,105,240,1625,612,1013,16,7,9,0,0,0,Julio 2023
2023,Julio,MONCLOA - ARAVACA,3514,1517,1997,5,2,3,134,60,74,965,448,517,140,48,92,964,467,497,196,87,109,157,61,96,947,343,604,6,1,5,0,0,0,Julio 2023
2023,Julio,LATINA,11223,4768,6455,125,47,78,974,449,525,2709,1181,1528,832,285,547,4232,1952,2280,810,325,485,359,111,248,1169,413,756,13,5,8,0,0,0,Julio 2023
2023,Julio,CARABANCHEL,13679,5699,7980,77,34,43,1268,567,701,5391,2339,3052,795,284,511,4065,1762,2303,712,276,436,305,90,215,1060,345,715,6,2,4,0,0,0,Julio 2023
2023,Julio,USERA,8204,3536,4668,33,16,17,2192,963,1229,2087,908,1179,464,182,282,2611,1138,1473,305,130,175,113,36,77,391,159,232,8,4,4,0,0,0,Julio 2023
2023,Julio,PUENTE DE VALLECAS,15199,6529,8670,311,117,194,1859,807,1052,4710,2086,2624,918,355,563,5940,2594,3346,620,269,351,184,71,113,644,223,421,13,7,6,0,0,0,Julio 2023
2023,Julio,MORATALAZ,4323,1788,2535,47,20,27,370,145,225,1296,545,751,232,93,139,1513,688,825,267,99,168,135,37,98,460,158,302,3,3,0,0,0,0,Julio 2023
2023,Julio,CIUDAD LINEAL,8861,3707,5154,18,6,12,277,129,148,3333,1424,1909,465,182,283,2650,1186,1464,517,203,314,314,99,215,1276,475,801,11,3,8,0,0,0,Julio 2023
2023,Julio,HORTALEZA,6717,2675,4042,61,18,43,384,183,201,1902,809,1093,369,120,249,1990,825,1165,423,157,266,294,105,189,1284,452,832,10,6,4,0,0,0,Julio 2023
2023,Julio,VILLAVERDE,9363,3832,5531,52,21,31,644,250,394,3924,1685,2239,591,205,386,3163,1339,1824,400,148,252,135,34,101,450,148,302,4,2,2,0,0,0,Julio 2023
2023,Julio,VILLA DE VALLECAS,6386,2467,3919,82,33,49,885,398,487,2135,879,1256,349,102,247,2061,778,1283,317,114,203,152,37,115,401,125,276,4,1,3,0,0,0,Julio 2023
2023,Julio,VICÁLVARO,4329,1734,2595,74,34,40,436,195,241,1395,594,801,273,82,191,1430,621,809,273,93,180,117,26,91,325,88,237,6,1,5,0,0,0,Julio 2023
2023,Julio,SAN BLAS-CANILLEJAS,7669,3148,4521,29,7,22,237,109,128,3079,1323,1756,464,157,307,2548,1094,1454,436,187,249,212,61,151,655,209,446,9,1,8,0,0,0,Julio 2023
2023,Julio,BARAJAS,1586,620,966,10,3,7,77,34,43,427,177,250,73,29,44,543,223,320,94,39,55,74,17,57,286,97,189,2,1,1,0,0,0,Julio 2023
2023,Agosto,MADRID,142718,60175,82543,1046,411,635,11908,5301,6607,45658,20062,25596,7737,2764,4973,44705,19783,24922,7807,3235,4572,4323,1402,2921,19357,7150,12207,177,67,110,0,0,0,Agosto 2023
2023,Agosto,CENTRO,6415,3308,3107,32,15,17,463,250,213,2074,1117,957,247,121,126,1789,980,809,281,159,122,234,104,130,1286,560,726,9,2,7,0,0,0,Agosto 2023
2023,Agosto,ARGANZUELA,5601,2405,3196,17,10,7,308,159,149,1210,551,659,275,97,178,1672,763,909,405,183,222,281,93,188,1410,540,870,23,9,14,0,0,0,Agosto 2023
2023,Agosto,RETIRO,3370,1389,1981,9,5,4,206,93,113,854,350,504,123,41,82,818,370,448,186,77,109,170,60,110,993,387,606,11,6,5,0,0,0,Agosto 2023
2023,Agosto,SALAMANCA,3829,1586,2243,13,7,6,157,68,89,1212,490,722,125,39,86,862,371,491,218,104,114,162,65,97,1072,440,632,8,2,6,0,0,0,Agosto 2023
2023,Agosto,CHAMARTÍN,3748,1552,2196,16,7,9,166,74,92,1050,445,605,120,40,80,900,399,501,204,82,122,171,54,117,1116,448,668,5,3,2,0,0,0,Agosto 2023
2023,Agosto,TETUÁN,6714,2819,3895,17,9,8,464,211,253,2588,1119,1469,310,99,211,1829,820,1009,285,112,173,182,51,131,1033,396,637,6,2,4,0,0,0,Agosto 2023
2023,Agosto,CHAMBERÍ,3832,1619,2213,7,1,6,139,57,82,1078,492,586,128,44,84,947,442,505,185,88,97,177,62,115,1157,430,727,14,3,11,0,0,0,Agosto 2023
2023,Agosto,FUENCARRAL - EL PARDO,7598,3110,4488,25,7,18,348,147,201,2040,886,1154,414,152,262,2236,967,1269,500,205,295,367,114,253,1654,625,1029,14,7,7,0,0,0,Agosto 2023
2023,Agosto,MONCLOA - ARAVACA,3547,1517,2030,5,2,3,128,55,73,982,446,536,130,49,81,965,460,505,204,93,111,166,66,100,959,345,614,8,1,7,0,0,0,Agosto 2023
2023,Agosto,LATINA,11329,4831,6498,127,46,81,979,449,530,2767,1221,1546,845,290,555,4185,1929,2256,828,342,486,354,110,244,1231,438,793,13,6,7,0,0,0,Agosto 2023
2023,Agosto,CARABANCHEL,13707,5718,7989,74,31,43,1251,555,696,5377,2337,3040,787,280,507,4095,1785,2310,719,283,436,305,87,218,1093,358,735,6,2,4,0,0,0,Agosto 2023
2023,Agosto,USERA,8183,3509,4674,29,16,13,2169,949,1220,2071,908,1163,465,181,284,2602,1116,1486,329,132,197,110,35,75,404,170,234,4,2,2,0,0,0,Agosto 2023
2023,Agosto,PUENTE DE VALLECAS,15301,6572,8729,313,118,195,1842,790,1052,4725,2104,2621,897,355,542,5985,2611,3374,661,289,372,195,70,125,674,230,444,9,5,4,0,0,0,Agosto 2023
2023,Agosto,MORATALAZ,4354,1804,2550,44,17,27,382,150,232,1279,545,734,238,95,143,1511,682,829,267,100,167,136,38,98,494,174,320,3,3,0,0,0,0,Agosto 2023
2023,Agosto,CIUDAD LINEAL,8905,3738,5167,13,4,9,256,123,133,3427,1477,1950,466,176,290,2600,1171,1429,526,208,318,319,102,217,1286,474,812,12,3,9,0,0,0,Agosto 2023
2023,Agosto,HORTALEZA,6799,2720,4079,61,19,42,388,183,205,1898,817,1081,379,117,262,2019,851,1168,434,168,266,307,113,194,1303,447,856,10,5,5,0,0,0,Agosto 2023
2023,Agosto,VILLAVERDE,9379,3873,5506,54,22,32,644,260,384,3932,1699,2233,598,205,393,3141,1338,1803,403,152,251,132,36,96,471,159,312,4,2,2,0,0,0,Agosto 2023
2023,Agosto,VILLA DE VALLECAS,6424,2502,3922,81,33,48,884,405,479,2163,914,1249,359,103,256,2054,777,1277,309,110,199,156,36,120,415,123,292,3,1,2,0,0,0,Agosto 2023
2023,Agosto,VICÁLVARO,4376,1774,2602,71,32,39,432,187,245,1413,616,797,280,88,192,1422,619,803,296,106,190,116,29,87,340,96,244,6,1,5,0,0,0,Agosto 2023
2023,Agosto,SAN BLAS-CANILLEJAS,7744,3217,4527,29,7,22,233,107,126,3101,1358,1743,480,165,315,2519,1092,1427,471,206,265,217,62,155,686,219,467,8,1,7,0,0,0,Agosto 2023
2023,Agosto,BARAJAS,1563,612,951,9,3,6,69,29,40,417,170,247,71,27,44,554,240,314,96,36,60,66,15,51,280,91,189,1,1,0,0,0,0,Agosto 2023
2023,Septiembre,MADRID,143473,60446,83027,1059,414,645,11844,5238,6606,46049,20146,25903,7996,2906,5090,44777,19880,24897,7906,3311,4595,4328,1360,2968,19331,7124,12207,183,67,116,0,0,0,Septiembre 2023
2023,Septiembre,CENTRO,6315,3245,3070,33,16,17,471,249,222,2022,1083,939,243,115,128,1749,968,781,291,149,142,224,93,131,1274,570,704,8,2,6,0,0,0,Septiembre 2023
2023,Septiembre,ARGANZUELA,5537,2384,3153,15,8,7,318,159,159,1174,525,649,286,107,179,1667,778,889,412,185,227,258,81,177,1385,533,852,22,8,14,0,0,0,Septiembre 2023
2023,Septiembre,RETIRO,3271,1318,1953,9,4,5,185,77,108,816,339,477,124,40,84,804,358,446,192,77,115,172,58,114,960,362,598,9,3,6,0,0,0,Septiembre 2023
2023,Septiembre,SALAMANCA,3839,1598,2241,15,8,7,171,74,97,1193,483,710,122,43,79,863,373,490,214,105,109,167,66,101,1083,442,641,11,4,7,0,0,0,Septiembre 2023
2023,Septiembre,CHAMARTÍN,3696,1534,2162,14,6,8,163,71,92,1012,428,584,127,51,76,898,403,495,198,86,112,190,57,133,1085,429,656,9,3,6,0,0,0,Septiembre 2023
2023,Septiembre,TETUÁN,6793,2842,3951,1,1,0,441,191,250,2655,1139,1516,325,108,217,1837,840,997,315,133,182,182,50,132,1030,377,653,7,3,4,0,0,0,Septiembre 2023
2023,Septiembre,CHAMBERÍ,3863,1596,2267,10,2,8,134,56,78,1104,495,609,130,43,87,942,427,515,175,82,93,183,60,123,1173,429,744,12,2,10,0,0,0,Septiembre 2023
2023,Septiembre,FUENCARRAL - EL PARDO,7641,3162,4479,19,4,15,336,144,192,2050,889,1161,418,156,262,2252,984,1268,502,211,291,371,108,263,1679,659,1020,14,7,7,0,0,0,Septiembre 2023
2023,Septiembre,MONCLOA - ARAVACA,3501,1514,1987,4,2,2,129,57,72,953,445,508,147,55,92,960,465,495,195,84,111,178,65,113,927,339,588,8,2,6,0,0,0,Septiembre 2023
2023,Septiembre,LATINA,11493,4899,6594,134,48,86,994,464,530,2830,1270,1560,853,302,551,4216,1911,2305,861,366,495,355,109,246,1237,424,813,13,5,8,0,0,0,Septiembre 2023
2023,Septiembre,CARABANCHEL,13955,5849,8106,77,30,47,1288,566,722,5490,2390,3100,837,298,539,4149,1818,2331,726,287,439,300,91,209,1084,366,718,4,3,1,0,0,0,Septiembre 2023
2023,Septiembre,USERA,8168,3452,4716,35,13,22,2116,922,1194,2058,892,1166,476,182,294,2608,1118,1490,331,132,199,119,38,81,420,153,267,5,2,3,0,0,0,Septiembre 2023
2023,Septiembre,PUENTE DE VALLECAS,15453,6646,8807,323,124,199,1828,787,1041,4811,2113,2698,941,373,568,6021,2657,3364,660,302,358,190,67,123,669,219,450,10,4,6,0,0,0,Septiembre 2023
2023,Septiembre,MORATALAZ,4442,1835,2607,41,16,25,369,145,224,1334,567,767,251,105,146,1514,675,839,255,104,151,143,37,106,531,182,349,4,4,0,0,0,0,Septiembre 2023
2023,Septiembre,CIUDAD LINEAL,8961,3785,5176,21,7,14,246,116,130,3504,1512,1992,468,191,277,2587,1171,1416,541,215,326,320,104,216,1261,465,796,13,4,9,0,0,0,Septiembre 2023
2023,Septiembre,HORTALEZA,6811,2761,4050,61,22,39,389,182,207,1932,842,1090,381,119,262,1996,841,1155,428,172,256,287,108,179,1329,471,858,8,4,4,0,0,0,Septiembre 2023
2023,Septiembre,VILLAVERDE,9529,3921,5608,53,23,30,669,270,399,3931,1665,2266,642,226,416,3212,1382,1830,428,168,260,127,29,98,463,156,307,4,2,2,0,0,0,Septiembre 2023
2023,Septiembre,VILLA DE VALLECAS,6471,2511,3960,81,33,48,874,396,478,2174,916,1258,377,115,262,2056,769,1287,327,112,215,157,38,119,421,131,290,4,1,3,0,0,0,Septiembre 2023
2023,Septiembre,VICÁLVARO,4423,1785,2638,74,36,38,431,185,246,1455,621,834,285,93,192,1414,619,795,288,103,185,121,28,93,349,99,250,6,1,5,0,0,0,Septiembre 2023
2023,Septiembre,SAN BLAS-CANILLEJAS,7766,3187,4579,30,7,23,226,104,122,3114,1345,1769,494,159,335,2481,1084,1397,474,204,270,218,55,163,719,227,492,10,2,8,0,0,0,Septiembre 2023
2023,Septiembre,BARAJAS,1545,622,923,9,4,5,66,23,43,437,187,250,69,25,44,551,239,312,93,34,59,66,18,48,252,91,161,2,1,1,0,0,0,Septiembre 2023
2023,Octubre,MADRID,143534,60705,82829,1050,410,640,11970,5263,6707,46904,20602,26302,8266,2917,5349,44679,19885,24794,7916,3358,4558,4066,1301,2765,18505,6903,11602,178,66,112,0,0,0,Octubre 2023
2023,Octubre,CENTRO,6297,3255,3042,34,15,19,480,254,226,2043,1120,923,242,115,127,1757,962,795,288,162,126,204,84,120,1240,540,700,9,3,6,0,0,0,Octubre 2023
2023,Octubre,ARGANZUELA,5466,2381,3085,15,8,7,309,159,150,1161,526,635,305,106,199,1689,797,892,408,181,227,244,81,163,1310,515,795,25,8,17,0,0,0,Octubre 2023
2023,Octubre,RETIRO,3218,1294,1924,10,5,5,210,88,122,812,329,483,125,42,83,787,345,442,204,78,126,164,53,111,901,352,549,5,2,3,0,0,0,Octubre 2023
2023,Octubre,SALAMANCA,3819,1612,2207,16,7,9,171,76,95,1176,482,694,127,45,82,862,379,483,208,108,100,162,63,99,1086,450,636,11,2,9,0,0,0,Octubre 2023
2023,Octubre,CHAMARTÍN,3683,1526,2157,17,6,11,175,71,104,1032,445,587,133,51,82,870,386,484,198,85,113,186,63,123,1065,416,649,7,3,4,0,0,0,Octubre 2023
2023,Octubre,TETUÁN,6786,2837,3949,4,3,1,424,185,239,2716,1156,1560,323,109,214,1818,821,997,321,128,193,161,47,114,1014,384,630,5,4,1,0,0,0,Octubre 2023
2023,Octubre,CHAMBERÍ,3818,1594,2224,12,4,8,127,55,72,1114,514,600,136,46,90,915,418,497,201,93,108,165,54,111,1138,408,730,10,2,8,0,0,0,Octubre 2023
2023,Octubre,FUENCARRAL - EL PARDO,7646,3189,4457,21,6,15,359,158,201,2102,918,1184,445,162,283,2258,996,1262,473,201,272,348,101,247,1628,641,987,12,6,6,0,0,0,Octubre 2023
2023,Octubre,MONCLOA - ARAVACA,3501,1536,1965,6,3,3,135,65,70,991,467,524,146,56,90,933,448,485,194,80,114,167,61,106,920,353,567,9,3,6,0,0,0,Octubre 2023
2023,Octubre,LATINA,11415,4854,6561,136,47,89,995,444,551,2886,1279,1607,861,291,570,4177,1920,2257,850,371,479,337,106,231,1160,392,768,13,4,9,0,0,0,Octubre 2023
2023,Octubre,CARABANCHEL,14121,5962,8159,73,30,43,1269,552,717,5648,2468,3180,901,303,598,4172,1867,2305,737,301,436,284,87,197,1033,351,682,4,3,1,0,0,0,Octubre 2023
2023,Octubre,USERA,8269,3500,4769,30,10,20,2172,941,1231,2138,928,1210,503,187,316,2606,1122,1484,334,133,201,106,36,70,375,141,234,5,2,3,0,0,0,Octubre 2023
2023,Octubre,PUENTE DE VALLECAS,15500,6668,8832,325,123,202,1826,791,1035,4903,2163,2740,968,377,591,5998,2634,3364,650,296,354,181,62,119,638,217,421,11,5,6,0,0,0,Octubre 2023
2023,Octubre,MORATALAZ,4403,1834,2569,40,16,24,357,148,209,1352,586,766,265,106,159,1496,667,829,272,111,161,130,36,94,489,162,327,2,2,0,0,0,0,Octubre 2023
2023,Octubre,CIUDAD LINEAL,9020,3814,5206,20,7,13,250,114,136,3537,1524,2013,492,193,299,2634,1198,1436,552,223,329,311,102,209,1212,448,764,12,5,7,0,0,0,Octubre 2023
2023,Octubre,HORTALEZA,6770,2751,4019,52,17,35,409,184,225,1962,856,1106,406,136,270,1977,828,1149,422,174,248,281,95,186,1249,455,794,12,6,6,0,0,0,Octubre 2023
2023,Octubre,VILLAVERDE,9588,3978,5610,53,23,30,711,287,424,4012,1717,2295,655,221,434,3175,1363,1812,423,178,245,119,30,89,436,157,279,4,2,2,0,0,0,Octubre 2023
2023,Octubre,VILLA DE VALLECAS,6465,2495,3970,77,32,45,864,386,478,2215,924,1291,374,105,269,2080,785,1295,314,105,209,146,39,107,390,118,272,5,1,4,0,0,0,Octubre 2023
2023,Octubre,VICÁLVARO,4381,1762,2619,72,36,36,427,179,248,1470,631,839,283,84,199,1418,617,801,286,100,186,110,28,82,310,87,223,5,0,5,0,0,0,Octubre 2023
2023,Octubre,SAN BLAS-CANILLEJAS,7796,3220,4576,28,8,20,235,103,132,3188,1382,1806,496,150,346,2499,1085,1414,478,207,271,197,56,141,667,228,439,8,1,7,0,0,0,Octubre 2023
2023,Octubre,BARAJAS,1572,643,929,9,4,5,65,23,42,446,187,259,80,32,48,558,247,311,103,43,60,63,17,46,244,88,156,4,2,2,0,0,0,Octubre 2023
2023,Noviembre,MADRID,141323,59870,81453,1035,413,622,11764,5198,6566,46701,20481,26220,8028,2811,5217,43777,19520,24257,7706,3285,4421,3977,1283,2694,18159,6814,11345,176,65,111,0,0,0,Noviembre 2023
2023,Noviembre,CENTRO,6263,3250,3013,30,12,18,466,246,220,2019,1101,918,233,107,126,1763,971,792,288,163,125,204,85,119,1248,564,684,12,1,11,0,0,0,Noviembre 2023
2023,Noviembre,ARGANZUELA,5393,2356,3037,20,10,10,317,159,158,1159,528,631,305,110,195,1653,783,870,383,168,215,229,76,153,1305,514,791,22,8,14,0,0,0,Noviembre 2023
2023,Noviembre,RETIRO,3223,1315,1908,8,5,3,220,95,125,810,332,478,130,43,87,784,353,431,212,78,134,158,51,107,895,356,539,6,2,4,0,0,0,Noviembre 2023
2023,Noviembre,SALAMANCA,3810,1572,2238,15,6,9,191,82,109,1196,492,704,121,40,81,840,358,482,196,92,104,155,58,97,1084,442,642,12,2,10,0,0,0,Noviembre 2023
2023,Noviembre,CHAMARTÍN,3659,1566,2093,12,4,8,160,59,101,1045,473,572,138,55,83,877,396,481,208,95,113,172,57,115,1040,424,616,7,3,4,0,0,0,Noviembre 2023
2023,Noviembre,TETUÁN,6700,2829,3871,4,3,1,419,178,241,2697,1159,1538,313,109,204,1768,808,960,313,133,180,168,50,118,1014,386,628,4,3,1,0,0,0,Noviembre 2023
2023,Noviembre,CHAMBERÍ,3823,1589,2234,11,3,8,134,55,79,1143,523,620,133,43,90,895,408,487,193,90,103,173,59,114,1133,406,727,8,2,6,0,0,0,Noviembre 2023
2023,Noviembre,FUENCARRAL - EL PARDO,7476,3141,4335,20,7,13,363,157,206,2096,924,1172,433,155,278,2209,985,1224,452,194,258,339,103,236,1549,609,940,15,7,8,0,0,0,Noviembre 2023
2023,Noviembre,MONCLOA - ARAVACA,3413,1502,1911,7,4,3,125,60,65,969,452,517,136,56,80,901,443,458,201,83,118,163,58,105,903,343,560,8,3,5,0,0,0,Noviembre 2023
2023,Noviembre,LATINA,11267,4838,6429,131,48,83,951,442,509,2964,1325,1639,842,280,562,4075,1885,2190,838,353,485,341,112,229,1115,390,725,10,3,7,0,0,0,Noviembre 2023
2023,Noviembre,CARABANCHEL,13761,5784,7977,77,33,44,1247,539,708,5604,2435,3169,847,292,555,4009,1781,2228,707,292,415,283,85,198,985,325,660,2,2,0,0,0,0,Noviembre 2023
2023,Noviembre,USERA,8149,3440,4709,33,14,19,2099,915,1184,2111,921,1190,475,170,305,2578,1102,1476,344,139,205,116,37,79,386,139,247,7,3,4,0,0,0,Noviembre 2023
2023,Noviembre,PUENTE DE VALLECAS,15307,6567,8740,319,124,195,1790,778,1012,4914,2155,2759,976,379,597,5864,2559,3305,627,290,337,157,55,102,650,222,428,10,5,5,0,0,0,Noviembre 2023
2023,Noviembre,MORATALAZ,4324,1800,2524,40,17,23,342,144,198,1376,595,781,255,103,152,1466,650,816,254,104,150,131,38,93,458,147,311,2,2,0,0,0,0,Noviembre 2023
2023,Noviembre,CIUDAD LINEAL,8937,3742,5195,22,11,11,259,116,143,3510,1479,2031,467,174,293,2625,1204,1421,528,208,320,308,99,209,1205,445,760,13,6,7,0,0,0,Noviembre 2023
2023,Noviembre,HORTALEZA,6671,2716,3955,50,17,33,405,184,221,1916,827,1089,381,119,262,1988,839,1149,421,172,249,268,95,173,1231,458,773,11,5,6,0,0,0,Noviembre 2023
2023,Noviembre,VILLAVERDE,9418,3915,5503,51,18,33,718,297,421,3999,1722,2277,629,208,421,3076,1314,1762,412,175,237,117,30,87,410,148,262,6,3,3,0,0,0,Noviembre 2023
2023,Noviembre,VILLA DE VALLECAS,6330,2445,3885,78,31,47,845,379,466,2184,900,1284,368,111,257,2035,769,1266,308,114,194,128,31,97,380,109,271,4,1,3,0,0,0,Noviembre 2023
2023,Noviembre,VICÁLVARO,4264,1731,2533,72,34,38,421,181,240,1427,611,816,285,86,199,1396,618,778,261,94,167,108,29,79,289,78,211,5,0,5,0,0,0,Noviembre 2023
2023,Noviembre,SAN BLAS-CANILLEJAS,7604,3143,4461,27,9,18,225,105,120,3132,1346,1786,482,139,343,2433,1059,1374,458,204,254,193,56,137,645,222,423,9,3,6,0,0,0,Noviembre 2023
2023,Noviembre,BARAJAS,1531,629,902,8,3,5,67,27,40,430,181,249,79,32,47,542,235,307,102,44,58,66,19,47,234,87,147,3,1,2,0,0,0,Noviembre 2023
2023,Diciembre,MADRID,139940,59875,80065,1022,420,602,11645,5200,6445,46416,20598,25818,7840,2796,5044,43288,19389,23899,7645,3290,4355,3822,1271,2551,18081,6845,11236,181,66,115,0,0,0,Diciembre 2023
2023,Diciembre,CENTRO,6257,3245,3012,33,14,19,478,255,223,2038,1114,924,237,116,121,1720,931,789,305,171,134,192,82,110,1241,561,680,13,1,12,0,0,0,Diciembre 2023
2023,Diciembre,ARGANZUELA,5389,2380,3009,17,8,9,333,170,163,1157,542,615,306,118,188,1650,774,876,391,169,222,222,80,142,1292,511,781,21,8,13,0,0,0,Diciembre 2023
2023,Diciembre,RETIRO,3194,1334,1860,7,4,3,224,99,125,795,316,479,120,42,78,800,365,435,191,72,119,141,51,90,910,383,527,6,2,4,0,0,0,Diciembre 2023
2023,Diciembre,SALAMANCA,3756,1561,2195,15,7,8,187,80,107,1137,456,681,128,41,87,852,379,473,190,95,95,150,63,87,1087,438,649,10,2,8,0,0,0,Diciembre 2023
2023,Diciembre,CHAMARTÍN,3694,1542,2152,10,3,7,164,63,101,1081,466,615,122,45,77,877,392,485,212,93,119,174,61,113,1045,415,630,9,4,5,0,0,0,Diciembre 2023
2023,Diciembre,TETUÁN,6643,2862,3781,5,3,2,421,182,239,2643,1168,1475,308,108,200,1791,824,967,311,133,178,154,52,102,1005,389,616,5,3,2,0,0,0,Diciembre 2023
2023,Diciembre,CHAMBERÍ,3813,1596,2217,13,3,10,107,43,64,1157,525,632,125,37,88,918,429,489,195,88,107,168,61,107,1122,408,714,8,2,6,0,0,0,Diciembre 2023
2023,Diciembre,FUENCARRAL - EL PARDO,7421,3139,4282,20,8,12,376,167,209,2114,928,1186,419,159,260,2158,965,1193,447,191,256,319,96,223,1553,618,935,15,7,8,0,0,0,Diciembre 2023
2023,Diciembre,MONCLOA - ARAVACA,3442,1523,1919,7,4,3,124,59,65,984,455,529,138,53,85,933,455,478,195,89,106,160,58,102,893,347,546,8,3,5,0,0,0,Diciembre 2023
2023,Diciembre,LATINA,11154,4829,6325,138,50,88,929,426,503,2950,1349,1601,818,276,542,4051,1872,2179,814,350,464,336,110,226,1107,392,715,11,4,7,0,0,0,Diciembre 2023
2023,Diciembre,CARABANCHEL,13620,5806,7814,73,34,39,1250,550,700,5568,2447,3121,817,293,524,3962,1781,2181,699,286,413,267,77,190,979,336,643,5,2,3,0,0,0,Diciembre 2023
2023,Diciembre,USERA,8011,3430,4581,29,14,15,2043,895,1148,2087,936,1151,467,169,298,2547,1101,1446,339,139,200,109,33,76,384,141,243,6,2,4,0,0,0,Diciembre 2023
2023,Diciembre,PUENTE DE VALLECAS,15141,6601,8540,315,128,187,1762,784,978,4891,2202,2689,941,357,584,5783,2547,3236,619,293,326,158,51,107,663,234,429,9,5,4,0,0,0,Diciembre 2023
2023,Diciembre,MORATALAZ,4189,1752,2437,40,20,20,327,132,195,1320,584,736,248,100,148,1426,635,791,251,100,151,126,38,88,448,141,307,3,2,1,0,0,0,Diciembre 2023
2023,Diciembre,CIUDAD LINEAL,8810,3732,5078,22,12,10,252,112,140,3482,1511,1971,470,180,290,2550,1151,1399,532,223,309,293,94,199,1196,444,752,13,5,8,0,0,0,Diciembre 2023
2023,Diciembre,HORTALEZA,6572,2678,3894,52,18,34,414,187,227,1884,812,1072,373,117,256,1923,814,1109,424,173,251,267,97,170,1223,455,768,12,5,7,0,0,0,Diciembre 2023
2023,Diciembre,VILLAVERDE,9292,3961,5331,49,17,32,709,307,402,3944,1751,2193,613,211,402,3044,1315,1729,408,172,236,107,31,76,412,154,258,6,3,3,0,0,0,Diciembre 2023
2023,Diciembre,VILLA DE VALLECAS,6257,2429,3828,77,32,45,841,376,465,2151,883,1268,353,108,245,2029,773,1256,307,111,196,121,35,86,373,109,264,5,2,3,0,0,0,Diciembre 2023
2023,Diciembre,VICÁLVARO,4219,1717,2502,67,32,35,414,174,240,1446,623,823,280,87,193,1366,607,759,263,95,168,104,27,77,274,72,202,5,0,5,0,0,0,Diciembre 2023
2023,Diciembre,SAN BLAS-CANILLEJAS,7576,3141,4435,25,7,18,228,113,115,3157,1353,1804,480,146,334,2388,1044,1344,455,207,248,188,55,133,647,213,434,8,3,5,0,0,0,Diciembre 2023
2023,Diciembre,BARAJAS,1490,617,873,8,2,6,62,26,36,430,177,253,77,33,44,520,235,285,97,40,57,66,19,47,227,84,143,3,1,2,0,0,0,Diciembre 2023
,,,,,,,,,,,,,,,,,,,,,,,,,,,,,,,,,,,,
,,,,,,,,,,,,,,,,,,,,,,,,,,,,,,,,,,,,
Fuente: Servicio Público de Empleo Estatal Elaboración: Subdirección General de Estadística Ayuntamiento de Madrid,,,,,,,,,,,,,,,,,,,,,,,,,,,,,,,,,,,,
2024,Enero,MADRID,145086,61913,83173,1024,409,615,12104,5383,6721,49007,21600,27407,8084,2883,5201,44266,19880,24386,7905,3384,4521,3887,1287,2600,18633,7023,11610,176,64,112,0,0,0,Enero 2024
2024,Enero,CENTRO,6508,3389,3119,34,16,18,511,267,244,2163,1174,989,233,114,119,1771,982,789,305,175,130,201,86,115,1277,573,704,13,2,11,0,0,0,Enero 2024
2024,Enero,ARGANZUELA,5591,2454,3137,15,7,8,327,157,170,1244,573,671,304,118,186,1686,805,881,396,174,222,234,88,146,1365,525,840,20,7,13,0,0,0,Enero 2024
2024,Enero,RETIRO,3267,1379,1888,10,6,4,213,96,117,827,348,479,127,46,81,826,376,450,183,69,114,143,52,91,930,384,546,8,2,6,0,0,0,Enero 2024
2024,Enero,SALAMANCA,3934,1628,2306,16,7,9,202,86,116,1249,502,747,132,44,88,881,378,503,194,102,92,160,65,95,1090,442,648,10,2,8,0,0,0,Enero 2024
2024,Enero,CHAMARTÍN,3763,1599,2164,13,4,9,167,66,101,1097,498,599,115,39,76,906,415,491,212,91,121,167,60,107,1078,422,656,8,4,4,0,0,0,Enero 2024
2024,Enero,TETUÁN,6919,2976,3943,6,4,2,418,180,238,2804,1216,1588,318,111,207,1837,846,991,328,141,187,154,53,101,1049,422,627,5,3,2,0,0,0,Enero 2024
2024,Enero,CHAMBERÍ,3936,1643,2293,9,1,8,127,56,71,1162,525,637,142,46,96,934,433,501,191,90,101,167,59,108,1195,430,765,9,3,6,0,0,0,Enero 2024
2024,Enero,FUENCARRAL - EL PARDO,7562,3161,4401,20,7,13,374,160,214,2158,929,1229,418,157,261,2208,973,1235,471,211,260,308,92,216,1591,625,966,14,7,7,0,0,0,Enero 2024
2024,Enero,MONCLOA - ARAVACA,3484,1506,1978,7,3,4,132,68,64,1028,457,571,141,57,84,917,451,466,185,78,107,154,52,102,911,336,575,9,4,5,0,0,0,Enero 2024
2024,Enero,LATINA,11629,5018,6611,137,46,91,958,457,501,3177,1410,1767,836,295,541,4179,1919,2260,857,371,486,340,111,229,1135,405,730,10,4,6,0,0,0,Enero 2024
2024,Enero,CARABANCHEL,14191,6011,8180,73,31,42,1305,573,732,5895,2538,3357,857,311,546,4050,1814,2236,731,309,422,270,80,190,1005,352,653,5,3,2,0,0,0,Enero 2024
2024,Enero,USERA,8314,3510,4804,29,15,14,2140,926,1214,2188,949,1239,493,177,316,2592,1120,1472,349,136,213,109,37,72,407,148,259,7,2,5,0,0,0,Enero 2024
2024,Enero,PUENTE DE VALLECAS,15860,6898,8962,303,121,182,1826,794,1032,5284,2372,2912,992,368,624,5968,2654,3314,657,299,358,160,46,114,662,240,422,8,4,4,0,0,0,Enero 2024
2024,Enero,MORATALAZ,4383,1837,2546,39,17,22,342,140,202,1410,624,786,260,106,154,1455,650,805,267,107,160,131,37,94,477,155,322,2,1,1,0,0,0,Enero 2024
2024,Enero,CIUDAD LINEAL,9109,3831,5278,26,11,15,262,118,144,3637,1567,2070,467,171,296,2605,1177,1428,545,225,320,322,105,217,1235,453,782,10,4,6,0,0,0,Enero 2024
2024,Enero,HORTALEZA,6655,2743,3912,59,20,39,435,197,238,1913,856,1057,373,119,254,1944,841,1103,429,165,264,270,97,173,1223,446,777,9,2,7,0,0,0,Enero 2024
2024,Enero,VILLAVERDE,9741,4084,5657,45,18,27,748,323,425,4204,1826,2378,656,218,438,3110,1338,1772,434,174,260,111,30,81,427,154,273,6,3,3,0,0,0,Enero 2024
2024,Enero,VILLA DE VALLECAS,6479,2546,3933,82,33,49,869,390,479,2270,947,1323,372,109,263,2058,795,1263,316,122,194,129,37,92,378,112,266,5,1,4,0,0,0,Enero 2024
2024,Enero,VICÁLVARO,4403,1813,2590,67,30,37,431,190,241,1549,670,879,288,95,193,1385,622,763,263,90,173,107,28,79,308,87,221,5,1,4,0,0,0,Enero 2024
2024,Enero,SAN BLAS-CANILLEJAS,7847,3258,4589,27,10,17,249,114,135,3317,1439,1878,488,153,335,2422,1047,1375,487,212,275,187,53,134,661,227,434,9,3,6,0,0,0,Enero 2024
2024,Enero,BARAJAS,1511,629,882,7,2,5,68,25,43,431,180,251,72,29,43,532,244,288,105,43,62,63,19,44,229,85,144,4,2,2,0,0,0,Enero 2024
2024,Febrero,MADRID,145433,62066,83367,1050,431,619,12197,5404,6793,49945,21844,28101,8115,2884,5231,44099,19832,24267,7840,3377,4463,3725,1214,2511,18279,7014,11265,183,66,117,0,0,0,Febrero 2024
2024,Febrero,CENTRO,6482,3353,3129,33,16,17,530,277,253,2162,1151,1011,234,111,123,1738,970,768,309,177,132,189,82,107,1275,567,708,12,2,10,0,0,0,Febrero 2024
2024,Febrero,ARGANZUELA,5508,2400,3108,15,9,6,324,156,168,1234,549,685,292,107,185,1698,808,890,383,166,217,216,82,134,1324,516,808,22,7,15,0,0,0,Febrero 2024
2024,Febrero,RETIRO,3210,1341,1869,8,5,3,212,89,123,828,335,493,137,53,84,807,365,442,180,63,117,141,53,88,889,376,513,8,2,6,0,0,0,Febrero 2024
2024,Febrero,SALAMANCA,3912,1666,2246,14,7,7,216,97,119,1231,526,705,131,47,84,876,380,496,187,96,91,146,55,91,1101,454,647,10,4,6,0,0,0,Febrero 2024
2024,Febrero,CHAMARTÍN,3768,1626,2142,14,5,9,185,74,111,1118,507,611,118,43,75,875,406,469,211,91,120,172,55,117,1069,442,627,6,3,3,0,0,0,Febrero 2024
2024,Febrero,TETUÁN,6971,2990,3981,8,5,3,428,192,236,2916,1260,1656,321,112,209,1809,823,986,325,135,190,151,56,95,1006,403,603,7,4,3,0,0,0,Febrero 2024
2024,Febrero,CHAMBERÍ,3915,1663,2252,9,1,8,142,60,82,1200,542,658,131,45,86,883,408,475,196,91,105,155,59,96,1188,453,735,11,4,7,0,0,0,Febrero 2024
2024,Febrero,FUENCARRAL - EL PARDO,7537,3153,4384,22,8,14,364,150,214,2198,946,1252,421,161,260,2179,958,1221,474,219,255,305,88,217,1559,616,943,15,7,8,0,0,0,Febrero 2024
2024,Febrero,MONCLOA - ARAVACA,3501,1518,1983,5,2,3,121,65,56,1040,455,585,145,59,86,938,465,473,194,87,107,147,51,96,901,330,571,10,4,6,0,0,0,Febrero 2024
2024,Febrero,LATINA,11690,5048,6642,157,57,100,943,436,507,3253,1453,1800,839,292,547,4225,1947,2278,834,364,470,313,98,215,1115,397,718,11,4,7,0,0,0,Febrero 2024
2024,Febrero,CARABANCHEL,14295,6085,8210,71,31,40,1350,600,750,6045,2621,3424,839,299,540,4021,1800,2221,717,307,410,270,76,194,977,348,629,5,3,2,0,0,0,Febrero 2024
2024,Febrero,USERA,8401,3541,4860,35,17,18,2145,918,1227,2265,975,1290,495,176,319,2607,1133,1474,351,137,214,108,32,76,388,151,237,7,2,5,0,0,0,Febrero 2024
2024,Febrero,PUENTE DE VALLECAS,15907,6883,9024,306,122,184,1845,806,1039,5372,2345,3027,986,366,620,5949,2647,3302,641,297,344,154,48,106,645,246,399,9,6,3,0,0,0,Febrero 2024
2024,Febrero,MORATALAZ,4411,1872,2539,36,16,20,338,140,198,1463,640,823,264,110,154,1453,661,792,265,111,154,124,31,93,465,162,303,3,1,2,0,0,0,Febrero 2024
2024,Febrero,CIUDAD LINEAL,9148,3851,5297,25,11,14,283,119,164,3737,1615,2122,480,167,313,2584,1182,1402,538,220,318,304,102,202,1186,431,755,11,4,7,0,0,0,Febrero 2024
2024,Febrero,HORTALEZA,6614,2716,3898,63,21,42,426,193,233,1949,861,1088,368,115,253,1905,813,1092,453,183,270,251,86,165,1189,441,748,10,3,7,0,0,0,Febrero 2024
2024,Febrero,VILLAVERDE,9874,4127,5747,45,17,28,754,330,424,4276,1850,2426,674,220,454,3157,1346,1811,433,182,251,103,25,78,427,156,271,5,1,4,0,0,0,Febrero 2024
2024,Febrero,VILLA DE VALLECAS,6544,2565,3979,81,35,46,852,378,474,2310,946,1364,389,114,275,2080,814,1266,304,114,190,128,31,97,395,132,263,5,1,4,0,0,0,Febrero 2024
2024,Febrero,VICÁLVARO,4435,1831,2604,69,33,36,419,175,244,1583,664,919,290,99,191,1390,637,753,267,94,173,107,30,77,305,99,206,5,0,5,0,0,0,Febrero 2024
2024,Febrero,SAN BLAS-CANILLEJAS,7797,3241,4556,27,11,16,252,123,129,3317,1427,1890,498,163,335,2394,1044,1350,478,205,273,179,55,124,645,211,434,7,2,5,0,0,0,Febrero 2024
2024,Febrero,BARAJAS,1513,596,917,7,2,5,68,26,42,448,176,272,63,25,38,531,225,306,100,38,62,62,19,43,230,83,147,4,2,2,0,0,0,Febrero 2024
2024,Marzo,MADRID,146168,62510,83658,1046,426,620,12281,5453,6828,50468,22047,28421,8089,2944,5145,44117,19850,24267,7838,3414,4424,3735,1229,2506,18423,7083,11340,171,64,107,0,0,0,Marzo 2024
2024,Marzo,CENTRO,6543,3398,3145,32,15,17,523,283,240,2172,1155,1017,228,117,111,1768,1002,766,301,167,134,196,87,109,1311,569,742,12,3,9,0,0,0,Marzo 2024
2024,Marzo,ARGANZUELA,5536,2441,3095,15,9,6,333,162,171,1254,572,682,294,112,182,1707,821,886,387,163,224,214,75,139,1310,520,790,22,7,15,0,0,0,Marzo 2024
2024,Marzo,RETIRO,3198,1346,1852,6,4,2,223,94,129,822,330,492,134,53,81,795,361,434,172,66,106,143,58,85,897,379,518,6,1,5,0,0,0,Marzo 2024
2024,Marzo,SALAMANCA,3897,1658,2239,12,4,8,218,96,122,1242,529,713,124,47,77,886,381,505,186,95,91,145,51,94,1075,452,623,9,3,6,0,0,0,Marzo 2024
2024,Marzo,CHAMARTÍN,3810,1628,2182,14,6,8,193,78,115,1137,511,626,124,40,84,869,395,474,205,92,113,166,52,114,1097,452,645,5,2,3,0,0,0,Marzo 2024
2024,Marzo,TETUÁN,7001,3015,3986,10,6,4,410,178,232,2931,1280,1651,330,124,206,1822,822,1000,316,134,182,159,56,103,1016,411,605,7,4,3,0,0,0,Marzo 2024
2024,Marzo,CHAMBERÍ,3888,1656,2232,9,2,7,135,58,77,1183,542,641,133,43,90,885,408,477,192,91,101,159,61,98,1181,447,734,11,4,7,0,0,0,Marzo 2024
2024,Marzo,FUENCARRAL - EL PARDO,7594,3193,4401,19,7,12,373,154,219,2237,968,1269,435,168,267,2178,965,1213,472,215,257,306,91,215,1560,618,942,14,7,7,0,0,0,Marzo 2024
2024,Marzo,MONCLOA - ARAVACA,3472,1501,1971,6,2,4,108,53,55,1039,452,587,139,59,80,920,453,467,189,87,102,142,49,93,921,344,577,8,2,6,0,0,0,Marzo 2024
2024,Marzo,LATINA,11704,5119,6585,156,61,95,952,440,512,3282,1464,1818,842,313,529,4182,1945,2237,848,374,474,308,106,202,1123,411,712,11,5,6,0,0,0,Marzo 2024
2024,Marzo,CARABANCHEL,14465,6153,8312,78,35,43,1355,596,759,6144,2672,3472,835,298,537,4067,1824,2243,719,304,415,263,78,185,998,342,656,6,4,2,0,0,0,Marzo 2024
2024,Marzo,USERA,8522,3589,4933,33,16,17,2188,934,1254,2323,988,1335,494,173,321,2630,1155,1475,352,141,211,104,31,73,393,149,244,5,2,3,0,0,0,Marzo 2024
2024,Marzo,PUENTE DE VALLECAS,15926,6886,9040,289,110,179,1850,816,1034,5438,2368,3070,963,374,589,5910,2607,3303,639,302,337,159,48,111,669,255,414,9,6,3,0,0,0,Marzo 2024
2024,Marzo,MORATALAZ,4415,1857,2558,37,14,23,338,139,199,1447,627,820,266,109,157,1467,669,798,264,109,155,131,32,99,462,157,305,3,1,2,0,0,0,Marzo 2024
2024,Marzo,CIUDAD LINEAL,9210,3896,5314,28,13,15,292,130,162,3765,1614,2151,477,169,308,2557,1177,1380,567,242,325,307,103,204,1206,444,762,11,4,7,0,0,0,Marzo 2024
2024,Marzo,HORTALEZA,6636,2746,3890,68,21,47,434,199,235,1955,873,1082,362,118,244,1905,809,1096,437,183,254,247,85,162,1219,454,765,9,4,5,0,0,0,Marzo 2024
2024,Marzo,VILLAVERDE,9850,4138,5712,47,18,29,780,352,428,4294,1850,2444,676,230,446,3138,1342,1796,418,171,247,98,28,70,394,146,248,5,1,4,0,0,0,Marzo 2024
2024,Marzo,VILLA DE VALLECAS,6572,2539,4033,81,36,45,835,362,473,2335,936,1399,377,112,265,2085,802,1283,315,115,200,127,30,97,412,145,267,5,1,4,0,0,0,Marzo 2024
2024,Marzo,VICÁLVARO,4520,1852,2668,71,34,37,423,177,246,1621,683,938,286,94,192,1424,640,784,276,103,173,111,32,79,304,89,215,4,0,4,0,0,0,Marzo 2024
2024,Marzo,SAN BLAS-CANILLEJAS,7890,3288,4602,26,10,16,247,123,124,3401,1454,1947,504,165,339,2394,1043,1351,488,218,270,186,57,129,638,216,422,6,2,4,0,0,0,Marzo 2024
2024,Marzo,BARAJAS,1519,611,908,9,3,6,71,29,42,446,179,267,66,26,40,528,229,299,95,42,53,64,19,45,237,83,154,3,1,2,0,0,0,Marzo 2024
2024,Abril,MADRID,,,,,,,,,,,,,,,,,,,,,,,,,,,,,,,,,,Abril 2024
2024,Abril,CENTRO,,,,,,,,,,,,,,,,,,,,,,,,,,,,,,,,,,Abril 2024
2024,Abril,ARGANZUELA,,,,,,,,,,,,,,,,,,,,,,,,,,,,,,,,,,Abril 2024
2024,Abril,RETIRO,,,,,,,,,,,,,,,,,,,,,,,,,,,,,,,,,,Abril 2024
2024,Abril,SALAMANCA,,,,,,,,,,,,,,,,,,,,,,,,,,,,,,,,,,Abril 2024
2024,Abril,CHAMARTÍN,,,,,,,,,,,,,,,,,,,,,,,,,,,,,,,,,,Abril 2024
2024,Abril,TETUÁN,,,,,,,,,,,,,,,,,,,,,,,,,,,,,,,,,,Abril 2024
2024,Abril,CHAMBERÍ,,,,,,,,,,,,,,,,,,,,,,,,,,,,,,,,,,Abril 2024
2024,Abril,FUENCARRAL - EL PARDO,,,,,,,,,,,,,,,,,,,,,,,,,,,,,,,,,,Abril 2024
2024,Abril,MONCLOA - ARAVACA,,,,,,,,,,,,,,,,,,,,,,,,,,,,,,,,,,Abril 2024
2024,Abril,LATINA,,,,,,,,,,,,,,,,,,,,,,,,,,,,,,,,,,Abril 2024
2024,Abril,CARABANCHEL,,,,,,,,,,,,,,,,,,,,,,,,,,,,,,,,,,Abril 2024
2024,Abril,USERA,,,,,,,,,,,,,,,,,,,,,,,,,,,,,,,,,,Abril 2024
2024,Abril,PUENTE DE VALLECAS,,,,,,,,,,,,,,,,,,,,,,,,,,,,,,,,,,Abril 2024
2024,Abril,MORATALAZ,,,,,,,,,,,,,,,,,,,,,,,,,,,,,,,,,,Abril 2024
2024,Abril,CIUDAD LINEAL,,,,,,,,,,,,,,,,,,,,,,,,,,,,,,,,,,Abril 2024
2024,Abril,HORTALEZA,,,,,,,,,,,,,,,,,,,,,,,,,,,,,,,,,,Abril 2024
2024,Abril,VILLAVERDE,,,,,,,,,,,,,,,,,,,,,,,,,,,,,,,,,,Abril 2024
2024,Abril,VILLA DE VALLECAS,,,,,,,,,,,,,,,,,,,,,,,,,,,,,,,,,,Abril 2024
2024,Abril,VICÁLVARO,,,,,,,,,,,,,,,,,,,,,,,,,,,,,,,,,,Abril 2024
2024,Abril,SAN BLAS-CANILLEJAS,,,,,,,,,,,,,,,,,,,,,,,,,,,,,,,,,,Abril 2024
2024,Abril,BARAJAS,,,,,,,,,,,,,,,,,,,,,,,,,,,,,,,,,,Abril 2024
2024,Mayo,MADRID,,,,,,,,,,,,,,,,,,,,,,,,,,,,,,,,,,Mayo 2024
2024,Mayo,CENTRO,,,,,,,,,,,,,,,,,,,,,,,,,,,,,,,,,,Mayo 2024
2024,Mayo,ARGANZUELA,,,,,,,,,,,,,,,,,,,,,,,,,,,,,,,,,,Mayo 2024
2024,Mayo,RETIRO,,,,,,,,,,,,,,,,,,,,,,,,,,,,,,,,,,Mayo 2024
2024,Mayo,SALAMANCA,,,,,,,,,,,,,,,,,,,,,,,,,,,,,,,,,,Mayo 2024
2024,Mayo,CHAMARTÍN,,,,,,,,,,,,,,,,,,,,,,,,,,,,,,,,,,Mayo 2024
2024,Mayo,TETUÁN,,,,,,,,,,,,,,,,,,,,,,,,,,,,,,,,,,Mayo 2024
2024,Mayo,CHAMBERÍ,,,,,,,,,,,,,,,,,,,,,,,,,,,,,,,,,,Mayo 2024
2024,Mayo,FUENCARRAL - EL PARDO,,,,,,,,,,,,,,,,,,,,,,,,,,,,,,,,,,Mayo 2024
2024,Mayo,MONCLOA - ARAVACA,,,,,,,,,,,,,,,,,,,,,,,,,,,,,,,,,,Mayo 2024
2024,Mayo,LATINA,,,,,,,,,,,,,,,,,,,,,,,,,,,,,,,,,,Mayo 2024
2024,Mayo,CARABANCHEL,,,,,,,,,,,,,,,,,,,,,,,,,,,,,,,,,,Mayo 2024
2024,Mayo,USERA,,,,,,,,,,,,,,,,,,,,,,,,,,,,,,,,,,Mayo 2024
2024,Mayo,PUENTE DE VALLECAS,,,,,,,,,,,,,,,,,,,,,,,,,,,,,,,,,,Mayo 2024
2024,Mayo,MORATALAZ,,,,,,,,,,,,,,,,,,,,,,,,,,,,,,,,,,Mayo 2024
2024,Mayo,CIUDAD LINEAL,,,,,,,,,,,,,,,,,,,,,,,,,,,,,,,,,,Mayo 2024
2024,Mayo,HORTALEZA,,,,,,,,,,,,,,,,,,,,,,,,,,,,,,,,,,Mayo 2024
2024,Mayo,VILLAVERDE,,,,,,,,,,,,,,,,,,,,,,,,,,,,,,,,,,Mayo 2024
2024,Mayo,VILLA DE VALLECAS,,,,,,,,,,,,,,,,,,,,,,,,,,,,,,,,,,Mayo 2024
2024,Mayo,VICÁLVARO,,,,,,,,,,,,,,,,,,,,,,,,,,,,,,,,,,Mayo 2024
2024,Mayo,SAN BLAS-CANILLEJAS,,,,,,,,,,,,,,,,,,,,,,,,,,,,,,,,,,Mayo 2024
2024,Mayo,BARAJAS,,,,,,,,,,,,,,,,,,,,,,,,,,,,,,,,,,Mayo 2024
2024,Junio,MADRID,,,,,,,,,,,,,,,,,,,,,,,,,,,,,,,,,,Junio 2024
2024,Junio,CENTRO,,,,,,,,,,,,,,,,,,,,,,,,,,,,,,,,,,Junio 2024
2024,Junio,ARGANZUELA,,,,,,,,,,,,,,,,,,,,,,,,,,,,,,,,,,Junio 2024
2024,Junio,RETIRO,,,,,,,,,,,,,,,,,,,,,,,,,,,,,,,,,,Junio 2024
2024,Junio,SALAMANCA,,,,,,,,,,,,,,,,,,,,,,,,,,,,,,,,,,Junio 2024
2024,Junio,CHAMARTÍN,,,,,,,,,,,,,,,,,,,,,,,,,,,,,,,,,,Junio 2024
2024,Junio,TETUÁN,,,,,,,,,,,,,,,,,,,,,,,,,,,,,,,,,,Junio 2024
2024,Junio,CHAMBERÍ,,,,,,,,,,,,,,,,,,,,,,,,,,,,,,,,,,Junio 2024
2024,Junio,FUENCARRAL - EL PARDO,,,,,,,,,,,,,,,,,,,,,,,,,,,,,,,,,,Junio 2024
2024,Junio,MONCLOA - ARAVACA,,,,,,,,,,,,,,,,,,,,,,,,,,,,,,,,,,Junio 2024
2024,Junio,LATINA,,,,,,,,,,,,,,,,,,,,,,,,,,,,,,,,,,Junio 2024
2024,Junio,CARABANCHEL,,,,,,,,,,,,,,,,,,,,,,,,,,,,,,,,,,Junio 2024
2024,Junio,USERA,,,,,,,,,,,,,,,,,,,,,,,,,,,,,,,,,,Junio 2024
2024,Junio,PUENTE DE VALLECAS,,,,,,,,,,,,,,,,,,,,,,,,,,,,,,,,,,Junio 2024
2024,Junio,MORATALAZ,,,,,,,,,,,,,,,,,,,,,,,,,,,,,,,,,,Junio 2024
2024,Junio,CIUDAD LINEAL,,,,,,,,,,,,,,,,,,,,,,,,,,,,,,,,,,Junio 2024
2024,Junio,HORTALEZA,,,,,,,,,,,,,,,,,,,,,,,,,,,,,,,,,,Junio 2024
2024,Junio,VILLAVERDE,,,,,,,,,,,,,,,,,,,,,,,,,,,,,,,,,,Junio 2024
2024,Junio,VILLA DE VALLECAS,,,,,,,,,,,,,,,,,,,,,,,,,,,,,,,,,,Junio 2024
2024,Junio,VICÁLVARO,,,,,,,,,,,,,,,,,,,,,,,,,,,,,,,,,,Junio 2024
2024,Junio,SAN BLAS-CANILLEJAS,,,,,,,,,,,,,,,,,,,,,,,,,,,,,,,,,,Junio 2024
2024,Junio,BARAJAS,,,,,,,,,,,,,,,,,,,,,,,,,,,,,,,,,,Junio 2024
2024,Julio,MADRID,,,,,,,,,,,,,,,,,,,,,,,,,,,,,,,,,,Julio 2024
2024,Julio,CENTRO,,,,,,,,,,,,,,,,,,,,,,,,,,,,,,,,,,Julio 2024
2024,Julio,ARGANZUELA,,,,,,,,,,,,,,,,,,,,,,,,,,,,,,,,,,Julio 2024
2024,Julio,RETIRO,,,,,,,,,,,,,,,,,,,,,,,,,,,,,,,,,,Julio 2024
2024,Julio,SALAMANCA,,,,,,,,,,,,,,,,,,,,,,,,,,,,,,,,,,Julio 2024
2024,Julio,CHAMARTÍN,,,,,,,,,,,,,,,,,,,,,,,,,,,,,,,,,,Julio 2024
2024,Julio,TETUÁN,,,,,,,,,,,,,,,,,,,,,,,,,,,,,,,,,,Julio 2024
2024,Julio,CHAMBERÍ,,,,,,,,,,,,,,,,,,,,,,,,,,,,,,,,,,Julio 2024
2024,Julio,FUENCARRAL - EL PARDO,,,,,,,,,,,,,,,,,,,,,,,,,,,,,,,,,,Julio 2024
2024,Julio,MONCLOA - ARAVACA,,,,,,,,,,,,,,,,,,,,,,,,,,,,,,,,,,Julio 2024
2024,Julio,LATINA,,,,,,,,,,,,,,,,,,,,,,,,,,,,,,,,,,Julio 2024
2024,Julio,CARABANCHEL,,,,,,,,,,,,,,,,,,,,,,,,,,,,,,,,,,Julio 2024
2024,Julio,USERA,,,,,,,,,,,,,,,,,,,,,,,,,,,,,,,,,,Julio 2024
2024,Julio,PUENTE DE VALLECAS,,,,,,,,,,,,,,,,,,,,,,,,,,,,,,,,,,Julio 2024
2024,Julio,MORATALAZ,,,,,,,,,,,,,,,,,,,,,,,,,,,,,,,,,,Julio 2024
2024,Julio,CIUDAD LINEAL,,,,,,,,,,,,,,,,,,,,,,,,,,,,,,,,,,Julio 2024
2024,Julio,HORTALEZA,,,,,,,,,,,,,,,,,,,,,,,,,,,,,,,,,,Julio 2024
2024,Julio,VILLAVERDE,,,,,,,,,,,,,,,,,,,,,,,,,,,,,,,,,,Julio 2024
2024,Julio,VILLA DE VALLECAS,,,,,,,,,,,,,,,,,,,,,,,,,,,,,,,,,,Julio 2024
2024,Julio,VICÁLVARO,,,,,,,,,,,,,,,,,,,,,,,,,,,,,,,,,,Julio 2024
2024,Julio,SAN BLAS-CANILLEJAS,,,,,,,,,,,,,,,,,,,,,,,,,,,,,,,,,,Julio 2024
2024,Julio,BARAJAS,,,,,,,,,,,,,,,,,,,,,,,,,,,,,,,,,,Julio 2024
2024,Agosto,MADRID,,,,,,,,,,,,,,,,,,,,,,,,,,,,,,,,,,Agosto 2024
2024,Agosto,CENTRO,,,,,,,,,,,,,,,,,,,,,,,,,,,,,,,,,,Agosto 2024
2024,Agosto,ARGANZUELA,,,,,,,,,,,,,,,,,,,,,,,,,,,,,,,,,,Agosto 2024
2024,Agosto,RETIRO,,,,,,,,,,,,,,,,,,,,,,,,,,,,,,,,,,Agosto 2024
2024,Agosto,SALAMANCA,,,,,,,,,,,,,,,,,,,,,,,,,,,,,,,,,,Agosto 2024
2024,Agosto,CHAMARTÍN,,,,,,,,,,,,,,,,,,,,,,,,,,,,,,,,,,Agosto 2024
2024,Agosto,TETUÁN,,,,,,,,,,,,,,,,,,,,,,,,,,,,,,,,,,Agosto 2024
2024,Agosto,CHAMBERÍ,,,,,,,,,,,,,,,,,,,,,,,,,,,,,,,,,,Agosto 2024
2024,Agosto,FUENCARRAL - EL PARDO,,,,,,,,,,,,,,,,,,,,,,,,,,,,,,,,,,Agosto 2024
2024,Agosto,MONCLOA - ARAVACA,,,,,,,,,,,,,,,,,,,,,,,,,,,,,,,,,,Agosto 2024
2024,Agosto,LATINA,,,,,,,,,,,,,,,,,,,,,,,,,,,,,,,,,,Agosto 2024
2024,Agosto,CARABANCHEL,,,,,,,,,,,,,,,,,,,,,,,,,,,,,,,,,,Agosto 2024
2024,Agosto,USERA,,,,,,,,,,,,,,,,,,,,,,,,,,,,,,,,,,Agosto 2024
2024,Agosto,PUENTE DE VALLECAS,,,,,,,,,,,,,,,,,,,,,,,,,,,,,,,,,,Agosto 2024
2024,Agosto,MORATALAZ,,,,,,,,,,,,,,,,,,,,,,,,,,,,,,,,,,Agosto 2024
2024,Agosto,CIUDAD LINEAL,,,,,,,,,,,,,,,,,,,,,,,,,,,,,,,,,,Agosto 2024
2024,Agosto,HORTALEZA,,,,,,,,,,,,,,,,,,,,,,,,,,,,,,,,,,Agosto 2024
2024,Agosto,VILLAVERDE,,,,,,,,,,,,,,,,,,,,,,,,,,,,,,,,,,Agosto 2024
2024,Agosto,VILLA DE VALLECAS,,,,,,,,,,,,,,,,,,,,,,,,,,,,,,,,,,Agosto 2024
2024,Agosto,VICÁLVARO,,,,,,,,,,,,,,,,,,,,,,,,,,,,,,,,,,Agosto 2024
2024,Agosto,SAN BLAS-CANILLEJAS,,,,,,,,,,,,,,,,,,,,,,,,,,,,,,,,,,Agosto 2024
2024,Agosto,BARAJAS,,,,,,,,,,,,,,,,,,,,,,,,,,,,,,,,,,Agosto 2024
2024,Septiembre,MADRID,,,,,,,,,,,,,,,,,,,,,,,,,,,,,,,,,,Septiembre 2024
2024,Septiembre,CENTRO,,,,,,,,,,,,,,,,,,,,,,,,,,,,,,,,,,Septiembre 2024
2024,Septiembre,ARGANZUELA,,,,,,,,,,,,,,,,,,,,,,,,,,,,,,,,,,Septiembre 2024
2024,Septiembre,RETIRO,,,,,,,,,,,,,,,,,,,,,,,,,,,,,,,,,,Septiembre 2024
2024,Septiembre,SALAMANCA,,,,,,,,,,,,,,,,,,,,,,,,,,,,,,,,,,Septiembre 2024
2024,Septiembre,CHAMARTÍN,,,,,,,,,,,,,,,,,,,,,,,,,,,,,,,,,,Septiembre 2024
2024,Septiembre,TETUÁN,,,,,,,,,,,,,,,,,,,,,,,,,,,,,,,,,,Septiembre 2024
2024,Septiembre,CHAMBERÍ,,,,,,,,,,,,,,,,,,,,,,,,,,,,,,,,,,Septiembre 2024
2024,Septiembre,FUENCARRAL - EL PARDO,,,,,,,,,,,,,,,,,,,,,,,,,,,,,,,,,,Septiembre 2024
2024,Septiembre,MONCLOA - ARAVACA,,,,,,,,,,,,,,,,,,,,,,,,,,,,,,,,,,Septiembre 2024
2024,Septiembre,LATINA,,,,,,,,,,,,,,,,,,,,,,,,,,,,,,,,,,Septiembre 2024
2024,Septiembre,CARABANCHEL,,,,,,,,,,,,,,,,,,,,,,,,,,,,,,,,,,Septiembre 2024
2024,Septiembre,USERA,,,,,,,,,,,,,,,,,,,,,,,,,,,,,,,,,,Septiembre 2024
2024,Septiembre,PUENTE DE VALLECAS,,,,,,,,,,,,,,,,,,,,,,,,,,,,,,,,,,Septiembre 2024
2024,Septiembre,MORATALAZ,,,,,,,,,,,,,,,,,,,,,,,,,,,,,,,,,,Septiembre 2024
2024,Septiembre,CIUDAD LINEAL,,,,,,,,,,,,,,,,,,,,,,,,,,,,,,,,,,Septiembre 2024
2024,Septiembre,HORTALEZA,,,,,,,,,,,,,,,,,,,,,,,,,,,,,,,,,,Septiembre 2024
2024,Septiembre,VILLAVERDE,,,,,,,,,,,,,,,,,,,,,,,,,,,,,,,,,,Septiembre 2024
2024,Septiembre,VILLA DE VALLECAS,,,,,,,,,,,,,,,,,,,,,,,,,,,,,,,,,,Septiembre 2024
2024,Septiembre,VICÁLVARO,,,,,,,,,,,,,,,,,,,,,,,,,,,,,,,,,,Septiembre 2024
2024,Septiembre,SAN BLAS-CANILLEJAS,,,,,,,,,,,,,,,,,,,,,,,,,,,,,,,,,,Septiembre 2024
2024,Septiembre,BARAJAS,,,,,,,,,,,,,,,,,,,,,,,,,,,,,,,,,,Septiembre 2024
2024,Octubre,MADRID,,,,,,,,,,,,,,,,,,,,,,,,,,,,,,,,,,Octubre 2024
2024,Octubre,CENTRO,,,,,,,,,,,,,,,,,,,,,,,,,,,,,,,,,,Octubre 2024
2024,Octubre,ARGANZUELA,,,,,,,,,,,,,,,,,,,,,,,,,,,,,,,,,,Octubre 2024
2024,Octubre,RETIRO,,,,,,,,,,,,,,,,,,,,,,,,,,,,,,,,,,Octubre 2024
2024,Octubre,SALAMANCA,,,,,,,,,,,,,,,,,,,,,,,,,,,,,,,,,,Octubre 2024
2024,Octubre,CHAMARTÍN,,,,,,,,,,,,,,,,,,,,,,,,,,,,,,,,,,Octubre 2024
2024,Octubre,TETUÁN,,,,,,,,,,,,,,,,,,,,,,,,,,,,,,,,,,Octubre 2024
2024,Octubre,CHAMBERÍ,,,,,,,,,,,,,,,,,,,,,,,,,,,,,,,,,,Octubre 2024
2024,Octubre,FUENCARRAL - EL PARDO,,,,,,,,,,,,,,,,,,,,,,,,,,,,,,,,,,Octubre 2024
2024,Octubre,MONCLOA - ARAVACA,,,,,,,,,,,,,,,,,,,,,,,,,,,,,,,,,,Octubre 2024
2024,Octubre,LATINA,,,,,,,,,,,,,,,,,,,,,,,,,,,,,,,,,,Octubre 2024
2024,Octubre,CARABANCHEL,,,,,,,,,,,,,,,,,,,,,,,,,,,,,,,,,,Octubre 2024
2024,Octubre,USERA,,,,,,,,,,,,,,,,,,,,,,,,,,,,,,,,,,Octubre 2024
2024,Octubre,PUENTE DE VALLECAS,,,,,,,,,,,,,,,,,,,,,,,,,,,,,,,,,,Octubre 2024
2024,Octubre,MORATALAZ,,,,,,,,,,,,,,,,,,,,,,,,,,,,,,,,,,Octubre 2024
2024,Octubre,CIUDAD LINEAL,,,,,,,,,,,,,,,,,,,,,,,,,,,,,,,,,,Octubre 2024
2024,Octubre,HORTALEZA,,,,,,,,,,,,,,,,,,,,,,,,,,,,,,,,,,Octubre 2024
2024,Octubre,VILLAVERDE,,,,,,,,,,,,,,,,,,,,,,,,,,,,,,,,,,Octubre 2024
2024,Octubre,VILLA DE VALLECAS,,,,,,,,,,,,,,,,,,,,,,,,,,,,,,,,,,Octubre 2024
2024,Octubre,VICÁLVARO,,,,,,,,,,,,,,,,,,,,,,,,,,,,,,,,,,Octubre 2024
2024,Octubre,SAN BLAS-CANILLEJAS,,,,,,,,,,,,,,,,,,,,,,,,,,,,,,,,,,Octubre 2024
2024,Octubre,BARAJAS,,,,,,,,,,,,,,,,,,,,,,,,,,,,,,,,,,Octubre 2024
2024,Noviembre,MADRID,,,,,,,,,,,,,,,,,,,,,,,,,,,,,,,,,,Noviembre 2024
2024,Noviembre,CENTRO,,,,,,,,,,,,,,,,,,,,,,,,,,,,,,,,,,Noviembre 2024
2024,Noviembre,ARGANZUELA,,,,,,,,,,,,,,,,,,,,,,,,,,,,,,,,,,Noviembre 2024
2024,Noviembre,RETIRO,,,,,,,,,,,,,,,,,,,,,,,,,,,,,,,,,,Noviembre 2024
2024,Noviembre,SALAMANCA,,,,,,,,,,,,,,,,,,,,,,,,,,,,,,,,,,Noviembre 2024
2024,Noviembre,CHAMARTÍN,,,,,,,,,,,,,,,,,,,,,,,,,,,,,,,,,,Noviembre 2024
2024,Noviembre,TETUÁN,,,,,,,,,,,,,,,,,,,,,,,,,,,,,,,,,,Noviembre 2024
2024,Noviembre,CHAMBERÍ,,,,,,,,,,,,,,,,,,,,,,,,,,,,,,,,,,Noviembre 2024
2024,Noviembre,FUENCARRAL - EL PARDO,,,,,,,,,,,,,,,,,,,,,,,,,,,,,,,,,,Noviembre 2024
2024,Noviembre,MONCLOA - ARAVACA,,,,,,,,,,,,,,,,,,,,,,,,,,,,,,,,,,Noviembre 2024
2024,Noviembre,LATINA,,,,,,,,,,,,,,,,,,,,,,,,,,,,,,,,,,Noviembre 2024
2024,Noviembre,CARABANCHEL,,,,,,,,,,,,,,,,,,,,,,,,,,,,,,,,,,Noviembre 2024
2024,Noviembre,USERA,,,,,,,,,,,,,,,,,,,,,,,,,,,,,,,,,,Noviembre 2024
2024,Noviembre,PUENTE DE VALLECAS,,,,,,,,,,,,,,,,,,,,,,,,,,,,,,,,,,Noviembre 2024
2024,Noviembre,MORATALAZ,,,,,,,,,,,,,,,,,,,,,,,,,,,,,,,,,,Noviembre 2024
2024,Noviembre,CIUDAD LINEAL,,,,,,,,,,,,,,,,,,,,,,,,,,,,,,,,,,Noviembre 2024
2024,Noviembre,HORTALEZA,,,,,,,,,,,,,,,,,,,,,,,,,,,,,,,,,,Noviembre 2024
2024,Noviembre,VILLAVERDE,,,,,,,,,,,,,,,,,,,,,,,,,,,,,,,,,,Noviembre 2024
2024,Noviembre,VILLA DE VALLECAS,,,,,,,,,,,,,,,,,,,,,,,,,,,,,,,,,,Noviembre 2024
2024,Noviembre,VICÁLVARO,,,,,,,,,,,,,,,,,,,,,,,,,,,,,,,,,,Noviembre 2024
2024,Noviembre,SAN BLAS-CANILLEJAS,,,,,,,,,,,,,,,,,,,,,,,,,,,,,,,,,,Noviembre 2024
2024,Noviembre,BARAJAS,,,,,,,,,,,,,,,,,,,,,,,,,,,,,,,,,,Noviembre 2024
2024,Diciembre,MADRID,,,,,,,,,,,,,,,,,,,,,,,,,,,,,,,,,,Diciembre 2024
2024,Diciembre,CENTRO,,,,,,,,,,,,,,,,,,,,,,,,,,,,,,,,,,Diciembre 2024
2024,Diciembre,ARGANZUELA,,,,,,,,,,,,,,,,,,,,,,,,,,,,,,,,,,Diciembre 2024
2024,Diciembre,RETIRO,,,,,,,,,,,,,,,,,,,,,,,,,,,,,,,,,,Diciembre 2024
2024,Diciembre,SALAMANCA,,,,,,,,,,,,,,,,,,,,,,,,,,,,,,,,,,Diciembre 2024
2024,Diciembre,CHAMARTÍN,,,,,,,,,,,,,,,,,,,,,,,,,,,,,,,,,,Diciembre 2024
2024,Diciembre,TETUÁN,,,,,,,,,,,,,,,,,,,,,,,,,,,,,,,,,,Diciembre 2024
2024,Diciembre,CHAMBERÍ,,,,,,,,,,,,,,,,,,,,,,,,,,,,,,,,,,Diciembre 2024
2024,Diciembre,FUENCARRAL - EL PARDO,,,,,,,,,,,,,,,,,,,,,,,,,,,,,,,,,,Diciembre 2024
2024,Diciembre,MONCLOA - ARAVACA,,,,,,,,,,,,,,,,,,,,,,,,,,,,,,,,,,Diciembre 2024
2024,Diciembre,LATINA,,,,,,,,,,,,,,,,,,,,,,,,,,,,,,,,,,Diciembre 2024
2024,Diciembre,CARABANCHEL,,,,,,,,,,,,,,,,,,,,,,,,,,,,,,,,,,Diciembre 2024
2024,Diciembre,USERA,,,,,,,,,,,,,,,,,,,,,,,,,,,,,,,,,,Diciembre 2024
2024,Diciembre,PUENTE DE VALLECAS,,,,,,,,,,,,,,,,,,,,,,,,,,,,,,,,,,Diciembre 2024
2024,Diciembre,MORATALAZ,,,,,,,,,,,,,,,,,,,,,,,,,,,,,,,,,,Diciembre 2024
2024,Diciembre,CIUDAD LINEAL,,,,,,,,,,,,,,,,,,,,,,,,,,,,,,,,,,Diciembre 2024
2024,Diciembre,HORTALEZA,,,,,,,,,,,,,,,,,,,,,,,,,,,,,,,,,,Diciembre 2024
2024,Diciembre,VILLAVERDE,,,,,,,,,,,,,,,,,,,,,,,,,,,,,,,,,,Diciembre 2024
2024,Diciembre,VILLA DE VALLECAS,,,,,,,,,,,,,,,,,,,,,,,,,,,,,,,,,,Diciembre 2024
2024,Diciembre,VICÁLVARO,,,,,,,,,,,,,,,,,,,,,,,,,,,,,,,,,,Diciembre 2024
2024,Diciembre,SAN BLAS-CANILLEJAS,,,,,,,,,,,,,,,,,,,,,,,,,,,,,,,,,,Diciembre 2024
2024,Diciembre,BARAJAS,,,,,,,,,,,,,,,,,,,,,,,,,,,,,,,,,,Diciembre 2024
,,,,,,,,,,,,,,,,,,,,,,,,,,,,,,,,,,,,
,,,,,,,,,,,,,,,,,,,,,,,,,,,,,,,,,,,,
Fuente: Servicio Público de Empleo Estatal Elaboración: Subdirección General de Estadística Ayuntamiento de Madrid,,,,,,,,,,,,,,,,,,,,,,,,,,,,,,,,,,,,
