año,mes,distrito,total,hombres_total,mujeres_total,16_19_total,16_19_hombres,16_19_mujeres,20_24_total,20_24_hombres,20_24_mujeres,25_29_total,25_29_hombres,25_29_mujeres,30_34_total,30_34_hombres,30_34_mujeres,35_39_total,35_39_hombres,35_39_mujeres,40_44_total,40_44_hombres,40_44_mujeres,45_49_total,45_49_hombres,45_49_mujeres,50_54_total,50_54_hombres,50_54_mujeres,55_59_total,55_59_hombres,55_59_mujeres,60_mas_total,60_mas_hombres,60_mas_mujeres
2013,Enero,MADRID,253669,127047,126622,3384,1954,1430,15286,7872,7414,25325,12502,12823,33290,16421,16869,37219,18532,18687,35698,18248,17450,34192,17411,16781,29045,14599,14446,24351,11971,12380,15879,7537,8342
2013,Enero,CENTRO,12168,6397,5771,55,33,22,432,208,224,1278,624,654,1937,974,963,1942,1041,901,1685,916,769,1634,891,743,1332,729,603,1110,601,509,763,380,383
2013,Enero,ARGANZUELA,11254,5327,5927,72,34,38,550,285,265,1197,569,628,1652,756,896,1612,779,833,1501,751,750,1460,687,773,1281,621,660,1152,489,663,777,356,421
2013,Enero,RETIRO,6672,3087,3585,48,29,19,262,152,110,732,332,400,863,420,443,927,421,506,880,411,469,851,389,462,763,340,423,743,321,422,603,272,331
2013,Enero,SALAMANCA,7853,3531,4322,50,33,17,305,173,132,789,338,451,1078,483,595,1040,447,593,1004,472,532,1035,457,578,954,421,533,872,386,486,726,321,405
2013,Enero,CHAMARTÍN,7207,3334,3873,40,27,13,274,145,129,712,352,360,890,418,472,1033,482,551,925,423,502,965,451,514,895,391,504,807,343,464,666,302,364
2013,Enero,TETUÁN,12513,6279,6234,119,63,56,645,313,332,1284,617,667,1723,841,882,1781,881,900,1708,895,813,1751,911,840,1472,755,717,1227,606,621,803,397,406
2013,Enero,CHAMBERÍ,8026,3694,4332,37,20,17,304,125,179,914,407,507,1227,598,629,1179,549,630,999,455,544,978,471,507,891,407,484,830,373,457,667,289,378
2013,Enero,FUENCARRAL - EL PARDO,14111,6650,7461,114,63,51,739,366,373,1472,727,745,1851,852,999,2198,956,1242,1900,938,962,1716,825,891,1504,692,812,1519,715,804,1098,516,582
2013,Enero,MONCLOA - ARAVACA,6440,3083,3357,58,32,26,315,158,157,679,309,370,854,428,426,899,419,480,846,403,443,826,405,421,787,380,407,690,318,372,486,231,255
2013,Enero,LATINA,20742,10679,10063,273,164,109,1402,742,660,2115,1080,1035,2699,1387,1312,3063,1616,1447,3048,1600,1448,2795,1434,1361,2231,1172,1059,1903,923,980,1213,561,652
2013,Enero,CARABANCHEL,23759,12297,11462,347,190,157,1554,800,754,2251,1152,1099,3150,1593,1557,3691,1928,1763,3555,1897,1658,3231,1747,1484,2574,1307,1267,2102,1062,1040,1304,621,683
2013,Enero,USERA,13859,7161,6698,266,155,111,977,478,499,1375,701,674,1719,852,867,2089,1054,1035,2072,1118,954,1834,966,868,1569,841,728,1240,646,594,718,350,368
2013,Enero,PUENTE DE VALLECAS,26084,13922,12162,626,373,253,2102,1102,1000,2613,1321,1292,3296,1701,1595,3567,1965,1602,3562,1967,1595,3598,1949,1649,3125,1679,1446,2374,1255,1119,1221,610,611
2013,Enero,MORATALAZ,7573,3759,3814,139,86,53,506,277,229,736,379,357,855,422,433,962,471,491,1070,544,526,1170,569,601,893,413,480,746,358,388,496,240,256
2013,Enero,CIUDAD LINEAL,16258,8163,8095,142,83,59,834,442,392,1527,740,787,2047,1057,990,2251,1145,1106,2247,1139,1108,2306,1179,1127,2002,975,1027,1760,873,887,1142,530,612
2013,Enero,HORTALEZA,11179,5339,5840,128,77,51,694,365,329,1047,520,527,1343,622,721,1614,750,864,1620,758,862,1486,660,826,1310,629,681,1085,537,548,852,421,431
2013,Enero,VILLAVERDE,16133,8560,7573,325,182,143,1267,638,629,1556,811,745,2059,1098,961,2450,1287,1163,2412,1268,1144,2201,1215,986,1840,1025,815,1346,710,636,677,326,351
2013,Enero,VILLA DE VALLECAS,10019,4858,5161,199,112,87,769,394,375,1051,513,538,1522,677,845,1775,869,906,1345,675,670,1129,562,567,947,446,501,786,374,412,496,236,260
2013,Enero,VICÁLVARO,6205,3111,3094,131,76,55,446,237,209,541,273,268,756,379,377,994,446,548,1006,518,488,924,452,472,689,336,353,471,262,209,247,132,115
2013,Enero,SAN BLAS-CANILLEJAS,12813,6510,6303,192,110,82,777,403,374,1157,597,560,1400,693,707,1718,839,879,1924,925,999,1952,1028,924,1678,886,792,1334,703,631,681,326,355
2013,Enero,BARAJAS,2801,1306,1495,23,12,11,132,69,63,299,140,159,369,170,199,434,187,247,389,175,214,350,163,187,308,154,154,254,116,138,243,120,123
2013,Febrero,MADRID,256787,128598,128189,3614,2032,1582,15982,8184,7798,25564,12657,12907,33578,16608,16970,37460,18631,18829,36101,18359,17742,34509,17664,16845,29307,14769,14538,24578,12087,12491,16094,7607,8487
2013,Febrero,CENTRO,12153,6366,5787,65,40,25,456,211,245,1255,626,629,1912,947,965,1930,1028,902,1674,897,777,1644,905,739,1342,729,613,1121,612,509,754,371,383
2013,Febrero,ARGANZUELA,11263,5336,5927,69,36,33,568,286,282,1169,554,615,1627,749,878,1618,774,844,1521,774,747,1472,692,780,1262,608,654,1170,502,668,787,361,426
2013,Febrero,RETIRO,6751,3121,3630,48,28,20,265,143,122,746,347,399,894,434,460,936,429,507,883,424,459,868,392,476,756,331,425,749,329,420,606,264,342
2013,Febrero,SALAMANCA,7945,3567,4378,44,30,14,351,178,173,817,369,448,1065,489,576,1040,451,589,1005,475,530,1074,471,603,965,423,542,847,361,486,737,320,417
2013,Febrero,CHAMARTÍN,7226,3311,3915,34,17,17,258,136,122,712,340,372,882,416,466,1004,466,538,972,430,542,964,448,516,919,402,517,803,350,453,678,306,372
2013,Febrero,TETUÁN,12655,6329,6326,139,78,61,669,316,353,1270,602,668,1728,839,889,1794,872,922,1739,907,832,1776,938,838,1481,758,723,1244,621,623,815,398,417
2013,Febrero,CHAMBERÍ,8069,3750,4319,43,20,23,315,124,191,917,432,485,1230,594,636,1167,540,627,1029,478,551,962,466,496,910,428,482,839,384,455,657,284,373
2013,Febrero,FUENCARRAL - EL PARDO,14151,6725,7426,140,72,68,747,373,374,1452,724,728,1884,877,1007,2176,977,1199,1905,941,964,1724,832,892,1499,692,807,1521,722,799,1103,515,588
2013,Febrero,MONCLOA - ARAVACA,6470,3080,3390,66,37,29,347,163,184,692,318,374,870,425,445,877,405,472,853,410,443,831,405,426,784,385,399,669,302,367,481,230,251
2013,Febrero,LATINA,20950,10753,10197,281,156,125,1458,761,697,2146,1099,1047,2688,1393,1295,3072,1611,1461,3061,1593,1468,2820,1455,1365,2259,1173,1086,1938,943,995,1227,569,658
2013,Febrero,CARABANCHEL,24275,12555,11720,379,194,185,1626,840,786,2325,1203,1122,3250,1661,1589,3749,1943,1806,3577,1893,1684,3281,1779,1502,2634,1344,1290,2117,1074,1043,1337,624,713
2013,Febrero,USERA,14011,7197,6814,298,164,134,1015,496,519,1387,681,706,1726,850,876,2103,1056,1047,2097,1134,963,1816,969,847,1598,860,738,1243,637,606,728,350,378
2013,Febrero,PUENTE DE VALLECAS,26638,14258,12380,654,381,273,2204,1175,1029,2756,1416,1340,3362,1743,1619,3624,1993,1631,3596,1973,1623,3621,1977,1644,3152,1694,1458,2410,1275,1135,1259,631,628
2013,Febrero,MORATALAZ,7662,3778,3884,131,72,59,540,280,260,758,390,368,848,407,441,999,496,503,1089,541,548,1141,561,580,899,425,474,763,360,403,494,246,248
2013,Febrero,CIUDAD LINEAL,16554,8356,8198,160,100,60,899,481,418,1521,731,790,2021,1037,984,2305,1178,1127,2317,1188,1129,2344,1210,1134,2026,989,1037,1792,891,901,1169,551,618
2013,Febrero,HORTALEZA,11474,5510,5964,132,77,55,733,398,335,1042,517,525,1404,664,740,1650,763,887,1649,764,885,1523,690,833,1355,670,685,1116,546,570,870,421,449
2013,Febrero,VILLAVERDE,16217,8594,7623,336,188,148,1324,675,649,1556,808,748,2071,1115,956,2424,1279,1145,2419,1260,1159,2209,1201,1008,1839,1021,818,1338,711,627,701,336,365
2013,Febrero,VILLA DE VALLECAS,10145,4898,5247,210,117,93,805,420,385,1079,513,566,1526,681,845,1791,877,914,1345,668,677,1143,574,569,939,438,501,807,377,430,500,233,267
2013,Febrero,VICÁLVARO,6351,3166,3185,153,93,60,464,241,223,517,268,249,784,394,390,1028,449,579,1024,504,520,954,477,477,701,344,357,482,265,217,244,131,113
2013,Febrero,SAN BLAS-CANILLEJAS,12994,6619,6375,205,118,87,798,419,379,1169,591,578,1425,712,713,1730,852,878,1943,922,1021,1995,1059,936,1682,900,782,1348,705,643,699,341,358
2013,Febrero,BARAJAS,2833,1329,1504,27,14,13,140,68,72,278,128,150,381,181,200,443,192,251,403,183,220,347,163,184,305,155,150,261,120,141,248,125,123
2013,Marzo,MADRID,257657,129300,128357,3616,2013,1603,16040,8226,7814,25523,12737,12786,33591,16617,16974,37409,18661,18748,36286,18420,17866,34690,17839,16851,29559,14942,14617,24923,12291,12632,16020,7554,8466
2013,Marzo,CENTRO,12265,6500,5765,59,39,20,464,231,233,1221,617,604,1943,974,969,1963,1051,912,1687,916,771,1649,922,727,1373,747,626,1157,624,533,749,379,370
2013,Marzo,ARGANZUELA,11168,5286,5882,70,41,29,564,280,284,1162,548,614,1583,727,856,1611,778,833,1489,752,737,1469,695,774,1281,616,665,1186,506,680,753,343,410
2013,Marzo,RETIRO,6782,3158,3624,50,30,20,278,148,130,751,364,387,899,438,461,921,423,498,876,415,461,878,401,477,764,335,429,753,335,418,612,269,343
2013,Marzo,SALAMANCA,7966,3563,4403,45,32,13,350,186,164,816,367,449,1052,475,577,1049,450,599,1004,471,533,1074,471,603,970,422,548,868,372,496,738,317,421
2013,Marzo,CHAMARTÍN,7253,3292,3961,31,17,14,258,137,121,722,344,378,900,411,489,995,469,526,979,435,544,966,433,533,931,408,523,805,341,464,666,297,369
2013,Marzo,TETUÁN,12760,6397,6363,152,87,65,689,333,356,1247,602,645,1737,847,890,1815,888,927,1763,910,853,1776,940,836,1473,746,727,1291,647,644,817,397,420
2013,Marzo,CHAMBERÍ,8076,3750,4326,45,20,25,322,133,189,901,429,472,1245,595,650,1143,533,610,1043,472,571,987,484,503,907,426,481,859,392,467,624,266,358
2013,Marzo,FUENCARRAL - EL PARDO,14215,6751,7464,138,70,68,732,347,385,1466,737,729,1855,883,972,2186,992,1194,1952,947,1005,1735,844,891,1514,700,814,1543,732,811,1094,499,595
2013,Marzo,MONCLOA - ARAVACA,6505,3128,3377,69,38,31,337,162,175,697,330,367,892,438,454,855,398,457,850,407,443,824,401,423,791,392,399,703,329,374,487,233,254
2013,Marzo,LATINA,21084,10886,10198,273,145,128,1450,767,683,2115,1095,1020,2707,1431,1276,3102,1633,1469,3096,1612,1484,2877,1497,1380,2282,1181,1101,1944,943,1001,1238,582,656
2013,Marzo,CARABANCHEL,24216,12542,11674,382,207,175,1611,833,778,2317,1190,1127,3247,1655,1592,3717,1932,1785,3583,1874,1709,3265,1781,1484,2644,1372,1272,2117,1076,1041,1333,622,711
2013,Marzo,USERA,14126,7272,6854,286,144,142,1064,532,532,1378,696,682,1748,853,895,2114,1063,1051,2115,1131,984,1825,987,838,1626,869,757,1253,650,603,717,347,370
2013,Marzo,PUENTE DE VALLECAS,26510,14223,12287,625,357,268,2155,1128,1027,2731,1420,1311,3375,1776,1599,3566,1959,1607,3582,1974,1608,3640,1994,1646,3160,1701,1459,2420,1293,1127,1256,621,635
2013,Marzo,MORATALAZ,7691,3814,3877,132,70,62,526,271,255,765,404,361,842,411,431,1011,495,516,1076,546,530,1158,580,578,918,436,482,772,364,408,491,237,254
2013,Marzo,CIUDAD LINEAL,16626,8366,8260,153,94,59,901,475,426,1505,732,773,2030,1030,1000,2331,1185,1146,2321,1193,1128,2353,1214,1139,2034,986,1048,1826,905,921,1172,552,620
2013,Marzo,HORTALEZA,11478,5512,5966,141,87,54,733,391,342,1045,520,525,1389,666,723,1632,742,890,1680,778,902,1527,690,837,1338,675,663,1131,550,581,862,413,449
2013,Marzo,VILLAVERDE,16525,8786,7739,364,199,165,1370,702,668,1599,818,781,2080,1097,983,2457,1301,1156,2438,1280,1158,2259,1258,1001,1894,1056,838,1362,734,628,702,341,361
2013,Marzo,VILLA DE VALLECAS,10060,4856,5204,202,112,90,803,427,376,1060,502,558,1520,649,871,1731,841,890,1342,679,663,1140,572,568,944,448,496,811,386,425,507,240,267
2013,Marzo,VICÁLVARO,6362,3201,3161,149,88,61,470,253,217,530,271,259,752,376,376,1015,459,556,1054,516,538,965,489,476,689,346,343,497,272,225,241,131,110
2013,Marzo,SAN BLAS-CANILLEJAS,13151,6685,6466,222,120,102,816,421,395,1202,609,593,1413,696,717,1770,889,881,1975,946,1029,1967,1017,950,1713,926,787,1362,714,648,711,347,364
2013,Marzo,BARAJAS,2838,1332,1506,28,16,12,147,69,78,293,142,151,382,189,193,425,180,245,381,166,215,356,169,187,313,154,159,263,126,137,250,121,129
2013,Abril,MADRID,256650,128295,128355,3673,2047,1626,15958,8088,7870,24999,12411,12588,32948,16255,16693,37033,18362,18671,36396,18400,17996,34723,17878,16845,29796,14994,14802,25091,12285,12806,16033,7575,8458
2013,Abril,CENTRO,12113,6397,5716,63,40,23,447,213,234,1192,601,591,1860,925,935,1938,1035,903,1661,889,772,1667,939,728,1374,746,628,1156,625,531,755,384,371
2013,Abril,ARGANZUELA,11134,5253,5881,77,46,31,574,280,294,1138,553,585,1551,710,841,1579,749,830,1510,764,746,1476,681,795,1283,623,660,1188,506,682,758,341,417
2013,Abril,RETIRO,6619,3068,3551,58,36,22,259,143,116,679,331,348,883,428,455,874,398,476,888,415,473,877,404,473,758,329,429,754,332,422,589,252,337
2013,Abril,SALAMANCA,7916,3572,4344,46,30,16,335,174,161,808,379,429,1044,479,565,1035,449,586,1008,478,530,1061,478,583,987,422,565,875,373,502,717,310,407
2013,Abril,CHAMARTÍN,7308,3310,3998,33,19,14,267,127,140,687,324,363,893,413,480,1023,485,538,1009,448,561,961,436,525,950,421,529,806,338,468,679,299,380
2013,Abril,TETUÁN,12693,6334,6359,145,82,63,665,320,345,1227,571,656,1699,821,878,1812,889,923,1754,901,853,1791,949,842,1505,755,750,1290,647,643,805,399,406
2013,Abril,CHAMBERÍ,7932,3641,4291,41,21,20,333,148,185,869,389,480,1159,544,615,1122,514,608,1040,484,556,978,469,509,922,429,493,834,378,456,634,265,369
2013,Abril,FUENCARRAL - EL PARDO,14192,6731,7461,138,67,71,764,377,387,1439,720,719,1846,869,977,2187,981,1206,1956,959,997,1749,854,895,1516,689,827,1513,722,791,1084,493,591
2013,Abril,MONCLOA - ARAVACA,6474,3105,3369,71,39,32,338,156,182,657,320,337,867,428,439,824,384,440,872,407,465,837,409,428,806,405,401,717,326,391,485,231,254
2013,Abril,LATINA,20918,10751,10167,281,151,130,1439,737,702,2068,1051,1017,2675,1410,1265,3053,1618,1435,3047,1566,1481,2869,1503,1366,2281,1189,1092,1961,943,1018,1244,583,661
2013,Abril,CARABANCHEL,24169,12461,11708,375,204,171,1607,815,792,2272,1159,1113,3201,1602,1599,3650,1885,1765,3589,1894,1695,3304,1806,1498,2701,1390,1311,2144,1090,1054,1326,616,710
2013,Abril,USERA,14084,7221,6863,283,142,141,1024,508,516,1362,695,667,1690,807,883,2121,1052,1069,2127,1123,1004,1828,999,829,1646,883,763,1270,661,609,733,351,382
2013,Abril,PUENTE DE VALLECAS,26573,14230,12343,625,363,262,2149,1121,1028,2724,1406,1318,3367,1777,1590,3586,1961,1625,3593,1961,1632,3638,2008,1630,3188,1710,1478,2451,1299,1152,1252,624,628
2013,Abril,MORATALAZ,7706,3798,3908,134,73,61,545,284,261,737,379,358,844,420,424,993,473,520,1088,554,534,1153,566,587,928,441,487,793,368,425,491,240,251
2013,Abril,CIUDAD LINEAL,16520,8226,8294,167,102,65,869,454,415,1437,675,762,2009,1025,984,2282,1134,1148,2331,1192,1139,2359,1215,1144,2015,971,1044,1853,898,955,1198,560,638
2013,Abril,HORTALEZA,11515,5558,5957,144,84,60,713,381,332,1058,539,519,1365,663,702,1664,774,890,1712,795,917,1502,689,813,1340,651,689,1153,556,597,864,426,438
2013,Abril,VILLAVERDE,16447,8729,7718,377,205,172,1385,715,670,1587,804,783,2048,1105,943,2371,1241,1130,2436,1274,1162,2266,1244,1022,1881,1046,835,1384,745,639,712,350,362
2013,Abril,VILLA DE VALLECAS,10153,4874,5279,216,121,95,847,443,404,1045,498,547,1480,617,863,1725,838,887,1405,704,701,1137,569,568,979,461,518,805,377,428,514,246,268
2013,Abril,VICÁLVARO,6328,3155,3173,156,91,65,457,230,227,530,280,250,762,373,389,1010,453,557,1011,492,519,969,489,480,679,342,337,515,276,239,239,129,110
2013,Abril,SAN BLAS-CANILLEJAS,13066,6568,6498,218,117,101,805,401,404,1208,604,604,1360,662,698,1747,864,883,1975,934,1041,1946,1003,943,1729,924,805,1362,704,658,716,355,361
2013,Abril,BARAJAS,2790,1313,1477,25,14,11,136,61,75,275,133,142,345,177,168,437,185,252,384,166,218,355,168,187,328,167,161,267,121,146,238,121,117
2013,Mayo,MADRID,252846,126024,126822,3555,1992,1563,15338,7770,7568,24099,11893,12206,31824,15562,16262,36377,17991,18386,35643,17928,17715,34735,17832,16903,29871,15062,14809,25336,12384,12952,16068,7610,8458
2013,Mayo,CENTRO,12001,6320,5681,57,34,23,431,203,228,1164,589,575,1806,891,915,1917,1020,897,1657,887,770,1675,936,739,1375,752,623,1167,628,539,752,380,372
2013,Mayo,ARGANZUELA,11041,5188,5853,87,52,35,562,267,295,1084,523,561,1521,703,818,1550,731,819,1480,729,751,1483,685,798,1277,618,659,1219,520,699,778,360,418
2013,Mayo,RETIRO,6532,2999,3533,47,31,16,251,133,118,679,327,352,826,393,433,872,400,472,874,406,468,873,394,479,763,320,443,756,338,418,591,257,334
2013,Mayo,SALAMANCA,7787,3483,4304,49,28,21,308,162,146,758,351,407,1038,475,563,1030,446,584,976,450,526,1062,479,583,964,411,553,899,378,521,703,303,400
2013,Mayo,CHAMARTÍN,7212,3302,3910,35,20,15,250,130,120,653,312,341,871,412,459,1009,485,524,972,432,540,943,432,511,970,428,542,826,344,482,683,307,376
2013,Mayo,TETUÁN,12485,6203,6282,155,83,72,650,304,346,1174,546,628,1636,788,848,1766,863,903,1718,870,848,1813,954,859,1491,754,737,1283,649,634,799,392,407
2013,Mayo,CHAMBERÍ,7911,3617,4294,32,13,19,309,145,164,879,389,490,1182,548,634,1104,504,600,1031,479,552,993,474,519,928,431,497,839,381,458,614,253,361
2013,Mayo,FUENCARRAL - EL PARDO,14029,6644,7385,120,63,57,738,354,384,1408,700,708,1761,812,949,2155,973,1182,1917,943,974,1754,853,901,1514,700,814,1536,732,804,1126,514,612
2013,Mayo,MONCLOA - ARAVACA,6319,3012,3307,66,37,29,309,142,167,648,298,350,818,407,411,780,356,424,847,397,450,842,407,435,805,411,394,717,328,389,487,229,258
2013,Mayo,LATINA,20558,10563,9995,296,157,139,1345,692,653,1993,1003,990,2568,1342,1226,3024,1613,1411,2991,1530,1461,2832,1492,1340,2292,1203,1089,1976,948,1028,1241,583,658
2013,Mayo,CARABANCHEL,23725,12198,11527,366,207,159,1572,797,775,2196,1094,1102,3038,1529,1509,3578,1817,1761,3504,1833,1671,3282,1792,1490,2708,1403,1305,2179,1118,1061,1302,608,694
2013,Mayo,USERA,13777,7029,6748,256,131,125,1018,505,513,1298,682,616,1631,736,895,2027,1010,1017,2110,1120,990,1832,982,850,1628,863,765,1254,647,607,723,353,370
2013,Mayo,PUENTE DE VALLECAS,26061,13915,12146,588,352,236,2083,1098,985,2555,1302,1253,3242,1678,1564,3549,1937,1612,3519,1925,1594,3600,1977,1623,3201,1722,1479,2454,1297,1157,1270,627,643
2013,Mayo,MORATALAZ,7614,3749,3865,140,82,58,533,281,252,731,377,354,819,407,412,990,470,520,1043,524,519,1155,563,592,935,445,490,785,362,423,483,238,245
2013,Mayo,CIUDAD LINEAL,16221,8089,8132,148,88,60,785,397,388,1414,688,726,1939,992,947,2200,1109,1091,2280,1161,1119,2356,1222,1134,2029,980,1049,1867,895,972,1203,557,646
2013,Mayo,HORTALEZA,11381,5450,5931,149,90,59,705,385,320,1035,505,530,1311,615,696,1614,734,880,1654,767,887,1511,697,814,1368,668,700,1175,559,616,859,430,429
2013,Mayo,VILLAVERDE,16183,8538,7645,371,199,172,1305,658,647,1517,757,760,1969,1045,924,2347,1210,1137,2384,1256,1128,2287,1261,1026,1896,1055,841,1398,749,649,709,348,361
2013,Mayo,VILLA DE VALLECAS,9968,4779,5189,210,114,96,783,409,374,1004,490,514,1428,611,817,1686,808,878,1376,668,708,1159,577,582,978,460,518,829,397,432,515,245,270
2013,Mayo,VICÁLVARO,6258,3122,3136,154,89,65,449,234,215,500,264,236,734,363,371,1013,468,545,1005,468,537,964,482,482,677,345,332,519,282,237,243,127,116
2013,Mayo,SAN BLAS-CANILLEJAS,12976,6506,6470,206,106,100,813,409,404,1157,575,582,1346,647,699,1745,862,883,1923,911,1012,1947,996,951,1737,927,810,1375,708,667,727,365,362
2013,Mayo,BARAJAS,2807,1318,1489,23,16,7,139,65,74,252,121,131,340,168,172,421,175,246,382,172,210,372,177,195,335,166,169,283,124,159,260,134,126
2013,Junio,MADRID,247525,122696,124829,3455,1951,1504,13436,6924,6512,23117,11367,11750,30856,14940,15916,35528,17447,18081,35108,17503,17605,34468,17547,16921,29849,14934,14915,25562,12464,13098,16146,7619,8527
2013,Junio,CENTRO,11665,6134,5531,58,37,21,334,156,178,1123,568,555,1739,837,902,1837,976,861,1626,885,741,1642,906,736,1366,753,613,1178,638,540,762,378,384
2013,Junio,ARGANZUELA,10789,5087,5702,83,45,38,447,228,219,1007,493,514,1469,670,799,1553,731,822,1494,748,746,1470,674,796,1276,611,665,1226,523,703,764,364,400
2013,Junio,RETIRO,6332,2879,3453,37,24,13,191,106,85,667,316,351,807,375,432,853,392,461,850,376,474,841,386,455,742,316,426,760,339,421,584,249,335
2013,Junio,SALAMANCA,7553,3354,4199,41,27,14,261,152,109,713,323,390,978,430,548,984,422,562,971,440,531,1045,471,574,985,415,570,899,384,515,676,290,386
2013,Junio,CHAMARTÍN,7046,3227,3819,32,19,13,224,117,107,631,303,328,846,393,453,964,475,489,956,425,531,926,423,503,961,426,535,832,346,486,674,300,374
2013,Junio,TETUÁN,12255,6086,6169,157,90,67,587,273,314,1132,528,604,1616,788,828,1713,832,881,1667,839,828,1804,954,850,1491,736,755,1279,648,631,809,398,411
2013,Junio,CHAMBERÍ,7698,3519,4179,31,16,15,229,111,118,831,385,446,1146,515,631,1080,500,580,990,448,542,996,475,521,930,434,496,862,391,471,603,244,359
2013,Junio,FUENCARRAL - EL PARDO,13696,6408,7288,116,61,55,602,297,305,1307,630,677,1726,796,930,2133,954,1179,1909,923,986,1715,825,890,1509,693,816,1563,732,831,1116,497,619
2013,Junio,MONCLOA - ARAVACA,6120,2907,3213,54,30,24,242,120,122,612,282,330,765,376,389,768,361,407,827,379,448,826,387,439,798,403,395,728,331,397,500,238,262
2013,Junio,LATINA,20050,10189,9861,270,148,122,1147,586,561,1879,946,933,2454,1262,1192,2959,1536,1423,2951,1503,1448,2875,1516,1359,2307,1192,1115,1964,926,1038,1244,574,670
2013,Junio,CARABANCHEL,23173,11856,11317,378,215,163,1380,708,672,2118,1034,1084,2955,1486,1469,3518,1770,1748,3457,1821,1636,3197,1719,1478,2681,1379,1302,2185,1111,1074,1304,613,691
2013,Junio,USERA,13593,6859,6734,259,137,122,904,452,452,1249,643,606,1626,732,894,2002,976,1026,2089,1097,992,1834,963,871,1619,846,773,1276,652,624,735,361,374
2013,Junio,PUENTE DE VALLECAS,25826,13681,12145,588,336,252,1978,1043,935,2529,1291,1238,3138,1605,1533,3466,1869,1597,3454,1849,1605,3660,2005,1655,3203,1695,1508,2499,1328,1171,1311,660,651
2013,Junio,MORATALAZ,7408,3632,3776,148,80,68,441,234,207,695,350,345,789,402,387,962,449,513,1027,514,513,1129,553,576,928,446,482,804,373,431,485,231,254
2013,Junio,CIUDAD LINEAL,15891,7918,7973,150,92,58,694,353,341,1342,648,694,1873,960,913,2163,1096,1067,2209,1114,1095,2325,1190,1135,2050,1001,1049,1873,897,976,1212,567,645
2013,Junio,HORTALEZA,11132,5251,5881,138,81,57,596,332,264,973,474,499,1294,598,696,1563,708,855,1612,715,897,1531,688,843,1382,669,713,1171,555,616,872,431,441
2013,Junio,VILLAVERDE,15884,8350,7534,358,198,160,1194,615,579,1493,737,756,1913,1002,911,2284,1181,1103,2373,1239,1134,2241,1215,1026,1903,1054,849,1402,753,649,723,356,367
2013,Junio,VILLA DE VALLECAS,9869,4679,5190,199,113,86,732,384,348,994,482,512,1411,585,826,1660,791,869,1386,667,719,1153,569,584,976,447,529,847,403,444,511,238,273
2013,Junio,VICÁLVARO,6179,3065,3114,141,81,60,425,230,195,488,261,227,706,352,354,997,445,552,1001,458,543,960,475,485,691,347,344,530,290,240,240,126,114
2013,Junio,SAN BLAS-CANILLEJAS,12573,6294,6279,194,105,89,715,374,341,1094,554,540,1269,612,657,1655,802,853,1872,884,988,1934,984,950,1704,902,802,1397,719,678,739,358,381
2013,Junio,BARAJAS,2793,1321,1472,23,16,7,113,53,60,240,119,121,336,164,172,414,181,233,387,179,208,364,169,195,347,169,178,287,125,162,282,146,136
2013,Julio,MADRID,247801,121326,126475,3388,1918,1470,13038,6638,6400,22617,10845,11772,30528,14604,15924,35750,17304,18446,35318,17350,17968,34697,17446,17251,30148,14964,15184,25901,12558,13343,16416,7699,8717
2013,Julio,CENTRO,11818,6149,5669,62,40,22,356,169,187,1071,533,538,1753,811,942,1885,1006,879,1667,896,771,1672,917,755,1369,752,617,1196,636,560,787,389,398
2013,Julio,ARGANZUELA,10984,5099,5885,70,35,35,422,219,203,1027,489,538,1487,670,817,1593,746,847,1500,727,773,1513,687,826,1312,615,697,1256,536,720,804,375,429
2013,Julio,RETIRO,6464,2909,3555,37,24,13,195,103,92,627,292,335,825,380,445,879,394,485,847,380,467,897,400,497,783,334,449,767,348,419,607,254,353
2013,Julio,SALAMANCA,7703,3383,4320,44,27,17,226,126,100,726,323,403,1026,454,572,978,410,568,1003,458,545,1067,479,588,1018,432,586,915,376,539,700,298,402
2013,Julio,CHAMARTÍN,7103,3176,3927,40,24,16,201,106,95,612,269,343,843,386,457,973,455,518,958,426,532,949,428,521,985,431,554,854,354,500,688,297,391
2013,Julio,TETUÁN,12189,6006,6183,161,81,80,561,249,312,1083,498,585,1575,785,790,1712,818,894,1684,845,839,1762,924,838,1501,745,756,1309,646,663,841,415,426
2013,Julio,CHAMBERÍ,7760,3526,4234,31,19,12,227,115,112,828,368,460,1112,522,590,1090,482,608,1017,468,549,1013,471,542,941,432,509,881,403,478,620,246,374
2013,Julio,FUENCARRAL - EL PARDO,13986,6453,7533,127,74,53,633,300,333,1307,617,690,1724,795,929,2194,937,1257,1961,954,1007,1750,821,929,1558,708,850,1612,754,858,1120,493,627
2013,Julio,MONCLOA - ARAVACA,6154,2872,3282,49,29,20,221,104,117,614,272,342,763,357,406,760,353,407,833,384,449,846,394,452,823,404,419,746,346,400,499,229,270
2013,Julio,LATINA,20222,10140,10082,278,154,124,1119,551,568,1872,941,931,2478,1246,1232,2978,1523,1455,2997,1481,1516,2872,1486,1386,2363,1218,1145,1992,952,1040,1273,588,685
2013,Julio,CARABANCHEL,22992,11662,11330,379,219,160,1320,671,649,2067,995,1072,2911,1449,1462,3509,1760,1749,3433,1774,1659,3208,1715,1493,2674,1369,1305,2186,1088,1098,1305,622,683
2013,Julio,USERA,13321,6677,6644,253,142,111,877,440,437,1202,604,598,1558,701,857,1966,951,1015,2042,1043,999,1800,940,860,1611,839,772,1267,649,618,745,368,377
2013,Julio,PUENTE DE VALLECAS,25400,13312,12088,546,303,243,1874,958,916,2459,1240,1219,3057,1546,1511,3421,1820,1601,3397,1817,1580,3644,1961,1683,3180,1673,1507,2504,1329,1175,1318,665,653
2013,Julio,MORATALAZ,7446,3613,3833,144,88,56,451,240,211,646,320,326,799,391,408,963,452,511,1058,513,545,1134,554,580,943,449,494,824,378,446,484,228,256
2013,Julio,CIUDAD LINEAL,15943,7801,8142,154,94,60,677,359,318,1356,619,737,1823,905,918,2173,1092,1081,2242,1108,1134,2325,1165,1160,2055,975,1080,1909,922,987,1229,562,667
2013,Julio,HORTALEZA,11186,5204,5982,133,81,52,626,351,275,954,431,523,1232,566,666,1632,726,906,1612,704,908,1520,678,842,1399,668,731,1198,563,635,880,436,444
2013,Julio,VILLAVERDE,15669,8142,7527,349,185,164,1124,565,559,1439,704,735,1877,965,912,2294,1189,1105,2344,1207,1137,2254,1210,1044,1865,1028,837,1400,737,663,723,352,371
2013,Julio,VILLA DE VALLECAS,9849,4644,5205,197,110,87,674,348,326,991,470,521,1405,587,818,1686,786,900,1404,669,735,1169,581,588,965,454,511,842,401,441,516,238,278
2013,Julio,VICÁLVARO,6194,2998,3196,137,80,57,434,236,198,460,232,228,679,335,344,1013,441,572,1013,444,569,979,479,500,701,342,359,540,287,253,238,122,116
2013,Julio,SAN BLAS-CANILLEJAS,12603,6251,6352,174,95,79,697,368,329,1059,522,537,1265,598,667,1644,792,852,1902,866,1036,1960,987,973,1748,933,815,1405,723,682,749,367,382
2013,Julio,BARAJAS,2815,1309,1506,23,14,9,123,60,63,217,106,111,336,155,181,407,171,236,404,186,218,363,169,194,354,163,191,298,130,168,290,155,135
2013,Agosto,MADRID,248520,121241,127279,3216,1809,1407,12990,6521,6469,22482,10682,11800,30608,14579,16029,35794,17173,18621,35531,17468,18063,34807,17452,17355,30479,15147,15332,26133,12671,13462,16480,7739,8741
2013,Agosto,CENTRO,11855,6157,5698,54,33,21,330,164,166,1031,515,516,1803,849,954,1897,998,899,1687,901,786,1677,912,765,1387,758,629,1202,638,564,787,389,398
2013,Agosto,ARGANZUELA,11080,5084,5996,62,30,32,430,209,221,1038,487,551,1497,675,822,1587,733,854,1509,721,788,1544,692,852,1327,613,714,1290,557,733,796,367,429
2013,Agosto,RETIRO,6501,2934,3567,33,19,14,200,105,95,650,303,347,823,379,444,881,394,487,855,393,462,897,401,496,802,348,454,759,335,424,601,257,344
2013,Agosto,SALAMANCA,7667,3365,4302,39,24,15,220,114,106,691,317,374,1038,441,597,978,426,552,978,445,533,1080,476,604,1024,441,583,920,383,537,699,298,401
2013,Agosto,CHAMARTÍN,7214,3184,4030,37,24,13,219,109,110,639,267,372,860,408,452,1001,447,554,968,426,542,948,423,525,992,427,565,867,360,507,683,293,390
2013,Agosto,TETUÁN,12281,6022,6259,150,78,72,564,260,304,1131,523,608,1565,764,801,1737,829,908,1675,834,841,1774,930,844,1532,754,778,1322,646,676,831,404,427
2013,Agosto,CHAMBERÍ,7736,3520,4216,37,24,13,231,106,125,803,362,441,1113,532,581,1071,468,603,1025,468,557,1037,492,545,922,427,495,873,392,481,624,249,375
2013,Agosto,FUENCARRAL - EL PARDO,14016,6400,7616,112,62,50,619,289,330,1312,605,707,1768,811,957,2167,914,1253,1986,970,1016,1752,810,942,1556,699,857,1618,743,875,1126,497,629
2013,Agosto,MONCLOA - ARAVACA,6263,2907,3356,44,27,17,230,104,126,623,275,348,766,378,388,769,336,433,873,405,468,871,401,470,836,411,425,758,354,404,493,216,277
2013,Agosto,LATINA,20345,10193,10152,274,151,123,1116,551,565,1895,946,949,2510,1257,1253,2949,1480,1469,3065,1532,1533,2853,1481,1372,2386,1228,1158,2018,968,1050,1279,599,680
2013,Agosto,CARABANCHEL,22969,11654,11315,372,209,163,1317,671,646,2018,995,1023,2900,1430,1470,3482,1716,1766,3482,1814,1668,3206,1721,1485,2694,1390,1304,2191,1088,1103,1307,620,687
2013,Agosto,USERA,13297,6698,6599,242,133,109,859,424,435,1197,583,614,1529,705,824,1970,961,1009,2045,1054,991,1814,953,861,1610,852,758,1271,655,616,760,378,382
2013,Agosto,PUENTE DE VALLECAS,25399,13279,12120,529,285,244,1856,941,915,2454,1214,1240,3001,1510,1491,3422,1796,1626,3378,1810,1568,3640,1965,1675,3280,1746,1534,2508,1335,1173,1331,677,654
2013,Agosto,MORATALAZ,7472,3588,3884,128,80,48,437,225,212,652,317,335,789,376,413,969,453,516,1065,512,553,1127,543,584,966,456,510,847,392,455,492,234,258
2013,Agosto,CIUDAD LINEAL,15911,7761,8150,144,90,54,715,379,336,1291,585,706,1795,876,919,2163,1069,1094,2227,1116,1111,2325,1153,1172,2078,986,1092,1915,924,991,1258,583,675
2013,Agosto,HORTALEZA,11194,5167,6027,127,71,56,603,325,278,934,432,502,1261,550,711,1623,729,894,1578,683,895,1550,693,857,1428,675,753,1215,576,639,875,433,442
2013,Agosto,VILLAVERDE,15626,8091,7535,331,180,151,1122,552,570,1420,682,738,1846,952,894,2319,1201,1118,2358,1196,1162,2234,1200,1034,1869,1038,831,1401,737,664,726,353,373
2013,Agosto,VILLA DE VALLECAS,10008,4686,5322,194,112,82,678,346,332,972,440,532,1446,607,839,1750,812,938,1433,679,754,1190,597,593,968,447,521,858,409,449,519,237,282
2013,Agosto,VICÁLVARO,6184,2987,3197,117,67,50,427,224,203,462,220,242,679,334,345,1009,443,566,1008,449,559,976,471,505,712,354,358,551,298,253,243,127,116
2013,Agosto,SAN BLAS-CANILLEJAS,12656,6252,6404,171,99,72,698,364,334,1057,520,537,1265,579,686,1639,795,844,1927,878,1049,1942,964,978,1761,941,820,1439,741,698,757,371,386
2013,Agosto,BARAJAS,2846,1312,1534,19,11,8,119,59,60,212,94,118,354,166,188,411,173,238,409,182,227,370,174,196,349,156,193,310,140,170,293,157,136
2013,Septiembre,MADRID,249062,122216,126846,3466,1938,1528,14563,7403,7160,22583,10828,11755,30033,14333,15700,35389,17159,18230,35098,17328,17770,34703,17543,17160,30446,15176,15270,26267,12770,13497,16514,7738,8776
2013,Septiembre,CENTRO,11636,6076,5560,61,38,23,377,177,200,1020,506,514,1704,805,899,1838,992,846,1636,890,746,1636,888,748,1392,749,643,1200,646,554,772,385,387
2013,Septiembre,ARGANZUELA,10928,5071,5857,55,37,18,515,259,256,1018,477,541,1414,636,778,1563,726,837,1462,710,752,1531,711,820,1311,616,695,1282,554,728,777,345,432
2013,Septiembre,RETIRO,6495,2939,3556,39,20,19,237,119,118,656,297,359,830,398,432,848,390,458,842,391,451,873,386,487,807,347,460,764,336,428,599,255,344
2013,Septiembre,SALAMANCA,7583,3338,4245,44,25,19,252,129,123,709,329,380,1010,438,572,923,405,518,990,441,549,1048,462,586,1011,443,568,900,370,530,696,296,400
2013,Septiembre,CHAMARTÍN,7068,3164,3904,45,25,20,249,131,118,606,270,336,817,370,447,958,450,508,918,413,505,927,418,509,1011,440,571,863,357,506,674,290,384
2013,Septiembre,TETUÁN,12381,6130,6251,152,80,72,614,300,314,1126,523,603,1567,761,806,1757,843,914,1667,844,823,1791,949,842,1535,775,760,1327,640,687,845,415,430
2013,Septiembre,CHAMBERÍ,7630,3509,4121,30,18,12,285,139,146,783,357,426,1061,484,577,1058,484,574,987,449,538,1020,494,526,923,435,488,869,403,466,614,246,368
2013,Septiembre,FUENCARRAL - EL PARDO,13697,6304,7393,115,63,52,660,310,350,1255,590,665,1647,744,903,2126,912,1214,1910,943,967,1741,810,931,1531,692,839,1612,743,869,1100,497,603
2013,Septiembre,MONCLOA - ARAVACA,6270,2929,3341,44,28,16,272,129,143,602,267,335,767,373,394,762,344,418,849,397,452,883,410,473,829,407,422,759,357,402,503,217,286
2013,Septiembre,LATINA,20326,10269,10057,278,148,130,1260,653,607,1922,969,953,2448,1226,1222,2893,1472,1421,3003,1515,1488,2846,1489,1357,2366,1231,1135,2016,958,1058,1294,608,686
2013,Septiembre,CARABANCHEL,23140,11724,11416,379,214,165,1477,754,723,2050,1016,1034,2860,1430,1430,3491,1712,1779,3465,1795,1670,3170,1677,1493,2699,1395,1304,2219,1108,1111,1330,623,707
2013,Septiembre,USERA,13526,6779,6747,265,144,121,958,477,481,1258,600,658,1530,708,822,1976,945,1031,2035,1046,989,1836,979,857,1613,846,767,1284,651,633,771,383,388
2013,Septiembre,PUENTE DE VALLECAS,25860,13589,12271,629,350,279,2083,1071,1012,2478,1220,1258,3005,1507,1498,3403,1796,1607,3392,1832,1560,3672,2001,1671,3317,1766,1551,2548,1364,1184,1333,682,651
2013,Septiembre,MORATALAZ,7543,3677,3866,146,87,59,510,285,225,646,324,322,805,379,426,930,435,495,1068,517,551,1097,547,550,986,468,518,849,401,448,506,234,272
2013,Septiembre,CIUDAD LINEAL,16021,7915,8106,138,81,57,822,430,392,1322,620,702,1798,889,909,2158,1093,1065,2209,1113,1096,2318,1185,1133,2087,989,1098,1918,931,987,1251,584,667
2013,Septiembre,HORTALEZA,11303,5269,6034,142,75,67,653,345,308,983,472,511,1236,549,687,1617,726,891,1593,702,891,1558,709,849,1400,671,729,1228,586,642,893,434,459
2013,Septiembre,VILLAVERDE,15866,8179,7687,362,195,167,1223,613,610,1438,675,763,1851,945,906,2331,1220,1111,2365,1178,1187,2278,1220,1058,1870,1022,848,1417,754,663,731,357,374
2013,Septiembre,VILLA DE VALLECAS,9984,4715,5269,214,126,88,757,381,376,931,432,499,1401,608,793,1741,821,920,1403,669,734,1178,583,595,973,448,525,861,406,455,525,241,284
2013,Septiembre,VICÁLVARO,6241,3011,3230,127,70,57,460,242,218,484,243,241,682,328,354,982,424,558,1012,442,570,1000,491,509,695,346,349,555,301,254,244,124,120
2013,Septiembre,SAN BLAS-CANILLEJAS,12743,6337,6406,183,106,77,777,400,377,1084,554,530,1252,584,668,1620,787,833,1897,869,1028,1931,962,969,1755,941,814,1477,766,711,767,368,399
2013,Septiembre,BARAJAS,2821,1292,1529,18,8,10,122,59,63,212,87,125,348,171,177,414,182,232,395,172,223,369,172,197,335,149,186,319,138,181,289,154,135
2013,Octubre,MADRID,251283,123902,127381,3505,2001,1504,15326,7766,7560,23235,11283,11952,29992,14420,15572,35276,17170,18106,35315,17507,17808,34863,17710,17153,30601,15278,15323,26584,13001,13583,16586,7766,8820
2013,Octubre,CENTRO,11512,6041,5471,55,34,21,392,185,207,1041,506,535,1720,836,884,1798,958,840,1618,881,737,1576,875,701,1357,738,619,1192,649,543,763,379,384
2013,Octubre,ARGANZUELA,10834,5076,5758,68,41,27,539,274,265,1011,492,519,1371,639,732,1515,722,793,1446,686,760,1515,721,794,1304,603,701,1298,548,750,767,350,417
2013,Octubre,RETIRO,6509,2956,3553,38,18,20,284,148,136,657,314,343,811,379,432,829,382,447,849,406,443,864,375,489,802,343,459,787,345,442,588,246,342
2013,Octubre,SALAMANCA,7576,3369,4207,42,25,17,302,156,146,702,332,370,979,436,543,947,420,527,976,435,541,1022,446,576,1003,447,556,898,371,527,705,301,404
2013,Octubre,CHAMARTÍN,7041,3181,3860,44,24,20,268,137,131,598,269,329,834,393,441,950,441,509,895,415,480,917,414,503,998,438,560,863,356,507,674,294,380
2013,Octubre,TETUÁN,12606,6283,6323,163,93,70,686,325,361,1181,559,622,1579,773,806,1742,858,884,1703,860,843,1804,957,847,1546,779,767,1365,666,699,837,413,424
2013,Octubre,CHAMBERÍ,7628,3521,4107,29,16,13,308,148,160,819,389,430,1073,488,585,1025,469,556,970,446,524,1027,484,543,897,425,472,856,399,457,624,257,367
2013,Octubre,FUENCARRAL - EL PARDO,13825,6387,7438,121,67,54,714,336,378,1295,624,671,1596,719,877,2116,907,1209,1937,934,1003,1781,830,951,1539,706,833,1618,754,864,1108,510,598
2013,Octubre,MONCLOA - ARAVACA,6274,2976,3298,40,24,16,304,146,158,635,315,320,708,347,361,766,341,425,861,405,456,877,401,476,831,412,419,761,367,394,491,218,273
2013,Octubre,LATINA,20376,10352,10024,270,146,124,1310,679,631,1943,979,964,2399,1212,1187,2862,1455,1407,2995,1547,1448,2858,1500,1358,2393,1246,1147,2044,975,1069,1302,613,689
2013,Octubre,CARABANCHEL,23609,12090,11519,373,216,157,1546,803,743,2185,1106,1079,2856,1445,1411,3521,1770,1751,3533,1843,1690,3252,1730,1522,2734,1419,1315,2253,1133,1120,1356,625,731
2013,Octubre,USERA,13737,6882,6855,268,146,122,1006,501,505,1294,619,675,1561,731,830,1980,961,1019,2066,1047,1019,1824,977,847,1630,848,782,1330,677,653,778,375,403
2013,Octubre,PUENTE DE VALLECAS,26242,13808,12434,634,363,271,2118,1101,1017,2555,1266,1289,3027,1504,1523,3446,1813,1633,3417,1834,1583,3715,2020,1695,3362,1812,1550,2614,1400,1214,1354,695,659
2013,Octubre,MORATALAZ,7630,3731,3899,153,89,64,513,279,234,664,338,326,808,393,415,936,429,507,1072,526,546,1112,553,559,989,467,522,874,415,459,509,242,267
2013,Octubre,CIUDAD LINEAL,16244,8041,8203,152,92,60,846,443,403,1390,656,734,1812,901,911,2203,1133,1070,2242,1129,1113,2328,1196,1132,2119,993,1126,1917,937,980,1235,561,674
2013,Octubre,HORTALEZA,11439,5352,6087,144,82,62,728,367,361,1026,491,535,1226,541,685,1582,706,876,1602,726,876,1592,739,853,1413,673,740,1230,599,631,896,428,468
2013,Octubre,VILLAVERDE,16113,8328,7785,377,217,160,1310,655,655,1445,693,752,1891,957,934,2338,1204,1134,2381,1195,1186,2301,1235,1066,1881,1031,850,1437,776,661,752,365,387
2013,Octubre,VILLA DE VALLECAS,10029,4756,5273,196,112,84,764,400,364,949,440,509,1409,610,799,1699,791,908,1437,698,739,1170,589,581,1007,458,549,868,411,457,530,247,283
2013,Octubre,VICÁLVARO,6280,3047,3233,139,77,62,455,240,215,476,234,242,706,341,365,963,429,534,1030,452,578,995,497,498,708,353,355,554,298,256,254,126,128
2013,Octubre,SAN BLAS-CANILLEJAS,12924,6399,6525,179,106,73,803,381,422,1127,558,569,1290,606,684,1644,800,844,1891,871,1020,1963,991,972,1746,936,810,1502,776,726,779,374,405
2013,Octubre,BARAJAS,2855,1326,1529,20,13,7,130,62,68,242,103,139,336,169,167,414,181,233,394,171,223,370,180,190,342,151,191,323,149,174,284,147,137
2013,Noviembre,MADRID,250006,123528,126478,3517,1982,1535,15187,7748,7439,22811,11115,11696,29617,14364,15253,35105,17137,17968,35036,17368,17668,34769,17672,17097,30645,15273,15372,26740,13115,13625,16579,7754,8825
2013,Noviembre,CENTRO,11478,6060,5418,58,34,24,402,202,200,1037,513,524,1693,831,862,1762,947,815,1620,891,729,1575,875,700,1360,728,632,1205,657,548,766,382,384
2013,Noviembre,ARGANZUELA,10676,4992,5684,62,32,30,549,266,283,989,483,506,1331,622,709,1503,704,799,1410,677,733,1470,709,761,1278,590,688,1301,548,753,783,361,422
2013,Noviembre,RETIRO,6507,2994,3513,41,20,21,284,146,138,653,320,333,812,390,422,853,394,459,823,395,428,885,400,485,797,343,454,782,347,435,577,239,338
2013,Noviembre,SALAMANCA,7512,3320,4192,37,24,13,302,156,146,722,333,389,930,409,521,925,412,513,972,428,544,1008,430,578,1026,453,573,891,379,512,699,296,403
2013,Noviembre,CHAMARTÍN,7041,3216,3825,41,21,20,262,135,127,588,288,300,806,397,409,983,464,519,889,392,497,933,426,507,992,433,559,870,365,505,677,295,382
2013,Noviembre,TETUÁN,12524,6294,6230,162,90,72,673,344,329,1169,563,606,1542,764,778,1703,833,870,1682,857,825,1827,975,852,1548,785,763,1374,672,702,844,411,433
2013,Noviembre,CHAMBERÍ,7577,3458,4119,30,16,14,310,150,160,805,387,418,1048,448,600,1020,461,559,963,442,521,1001,470,531,920,430,490,850,395,455,630,259,371
2013,Noviembre,FUENCARRAL - EL PARDO,13757,6412,7345,131,68,63,711,344,367,1281,612,669,1589,730,859,2067,913,1154,1944,935,1009,1770,846,924,1534,710,824,1620,740,880,1110,514,596
2013,Noviembre,MONCLOA - ARAVACA,6150,2929,3221,42,27,15,286,143,143,595,276,319,709,353,356,754,349,405,847,400,447,848,384,464,812,403,409,765,370,395,492,224,268
2013,Noviembre,LATINA,20250,10291,9959,287,160,127,1283,659,624,1889,981,908,2388,1193,1195,2804,1434,1370,2980,1548,1432,2870,1483,1387,2414,1248,1166,2058,991,1067,1277,594,683
2013,Noviembre,CARABANCHEL,23557,12045,11512,384,207,177,1516,773,743,2117,1060,1057,2860,1456,1404,3522,1780,1742,3495,1797,1698,3304,1778,1526,2708,1406,1302,2289,1160,1129,1362,628,734
2013,Noviembre,USERA,13772,6905,6867,276,158,118,1003,493,510,1254,598,656,1565,740,825,2001,976,1025,2088,1059,1029,1826,965,861,1630,848,782,1346,689,657,783,379,404
2013,Noviembre,PUENTE DE VALLECAS,26117,13779,12338,621,349,272,2104,1106,998,2483,1234,1249,3039,1523,1516,3469,1830,1639,3401,1841,1560,3697,2008,1689,3345,1795,1550,2602,1400,1202,1356,693,663
2013,Noviembre,MORATALAZ,7597,3743,3854,141,82,59,528,285,243,634,311,323,800,408,392,935,434,501,1070,539,531,1118,561,557,1000,468,532,864,411,453,507,244,263
2013,Noviembre,CIUDAD LINEAL,16177,8000,8177,151,88,63,831,430,401,1371,653,718,1781,908,873,2177,1114,1063,2217,1103,1114,2338,1203,1135,2133,993,1140,1948,953,995,1230,555,675
2013,Noviembre,HORTALEZA,11310,5295,6015,140,77,63,697,366,331,1010,492,518,1196,535,661,1601,712,889,1595,717,878,1526,695,831,1418,676,742,1252,611,641,875,414,461
2013,Noviembre,VILLAVERDE,16110,8343,7767,379,219,160,1311,655,656,1475,707,768,1878,970,908,2306,1168,1138,2343,1180,1163,2315,1236,1079,1900,1052,848,1451,788,663,752,368,384
2013,Noviembre,VILLA DE VALLECAS,9982,4736,5246,183,106,77,758,404,354,949,433,516,1370,595,775,1722,802,920,1418,689,729,1152,576,576,1010,460,550,874,411,463,546,260,286
2013,Noviembre,VICÁLVARO,6271,3048,3223,149,82,67,459,244,215,475,232,243,674,329,345,971,436,535,1024,446,578,981,483,498,721,369,352,560,300,260,257,127,130
2013,Noviembre,SAN BLAS-CANILLEJAS,12803,6338,6465,179,107,72,794,388,406,1083,538,545,1268,593,675,1613,793,820,1871,859,1012,1953,986,967,1756,930,826,1517,780,737,769,364,405
2013,Noviembre,BARAJAS,2838,1330,1508,23,15,8,124,59,65,232,101,131,338,170,168,414,181,233,384,173,211,372,183,189,343,153,190,321,148,173,287,147,140
2013,Diciembre,MADRID,242836,120974,121862,2985,1657,1328,13457,6965,6492,21456,10563,10893,28436,13979,14457,34258,16896,17362,34302,17166,17136,34481,17634,16847,30372,15328,15044,26595,13093,13502,16494,7693,8801
2013,Diciembre,CENTRO,11183,5926,5257,43,28,15,350,175,175,969,475,494,1613,793,820,1704,911,793,1621,894,727,1557,870,687,1363,751,612,1200,654,546,763,375,388
2013,Diciembre,ARGANZUELA,10440,4948,5492,63,34,29,477,247,230,929,455,474,1275,616,659,1511,719,792,1381,667,714,1460,704,756,1288,610,678,1269,527,742,787,369,418
2013,Diciembre,RETIRO,6306,2919,3387,25,13,12,255,127,128,625,317,308,780,386,394,808,382,426,822,404,418,862,384,478,782,334,448,768,336,432,579,236,343
2013,Diciembre,SALAMANCA,7327,3236,4091,30,16,14,268,140,128,654,315,339,933,412,521,911,401,510,960,419,541,989,417,572,1016,457,559,881,370,511,685,289,396
2013,Diciembre,CHAMARTÍN,6831,3131,3700,32,17,15,206,109,97,553,269,284,776,387,389,944,449,495,889,395,494,906,414,492,986,427,559,861,367,494,678,297,381
2013,Diciembre,TETUÁN,12153,6134,6019,139,79,60,607,305,302,1097,548,549,1474,721,753,1647,812,835,1651,848,803,1807,965,842,1527,780,747,1376,666,710,828,410,418
2013,Diciembre,CHAMBERÍ,7416,3412,4004,28,14,14,268,124,144,768,370,398,1019,453,566,1007,447,560,971,456,515,990,475,515,903,423,480,846,393,453,616,257,359
2013,Diciembre,FUENCARRAL - EL PARDO,13366,6270,7096,112,57,55,622,313,309,1207,594,613,1549,720,829,2015,891,1124,1888,915,973,1729,825,904,1512,703,809,1620,746,874,1112,506,606
2013,Diciembre,MONCLOA - ARAVACA,6040,2868,3172,44,24,20,259,139,120,567,250,317,691,342,349,752,345,407,829,386,443,864,395,469,807,412,395,743,355,388,484,220,264
2013,Diciembre,LATINA,19631,10117,9514,246,138,108,1125,570,555,1773,921,852,2258,1171,1087,2747,1432,1315,2896,1527,1369,2871,1504,1367,2381,1258,1123,2074,1007,1067,1260,589,671
2013,Diciembre,CARABANCHEL,22873,11784,11089,349,178,171,1360,698,662,1970,989,981,2740,1400,1340,3444,1769,1675,3428,1785,1643,3283,1787,1496,2693,1413,1280,2259,1151,1108,1347,614,733
2013,Diciembre,USERA,13231,6686,6545,228,131,97,876,434,442,1178,561,617,1494,726,768,1919,954,965,2028,1029,999,1813,954,859,1581,831,750,1337,693,644,777,373,404
2013,Diciembre,PUENTE DE VALLECAS,25288,13451,11837,499,276,223,1853,992,861,2364,1185,1179,2987,1507,1480,3372,1788,1584,3304,1822,1482,3643,2004,1639,3309,1785,1524,2604,1407,1197,1353,685,668
2013,Diciembre,MORATALAZ,7386,3627,3759,120,67,53,464,256,208,603,292,311,774,390,384,912,426,486,1053,530,523,1107,559,548,997,453,544,861,424,437,495,230,265
2013,Diciembre,CIUDAD LINEAL,15732,7856,7876,132,76,56,738,395,343,1304,646,658,1670,845,825,2095,1094,1001,2160,1084,1076,2330,1195,1135,2111,997,1114,1940,947,993,1252,577,675
2013,Diciembre,HORTALEZA,10953,5184,5769,119,74,45,640,339,301,937,471,466,1120,514,606,1566,716,850,1535,681,854,1522,700,822,1411,676,735,1239,606,633,864,407,457
2013,Diciembre,VILLAVERDE,15657,8205,7452,336,196,140,1166,602,564,1390,671,719,1772,928,844,2278,1155,1123,2306,1183,1123,2295,1243,1052,1909,1077,832,1442,778,664,763,372,391
2013,Diciembre,VILLA DE VALLECAS,9635,4619,5016,145,74,71,683,369,314,889,414,475,1315,589,726,1682,794,888,1373,679,694,1154,570,584,993,467,526,863,412,451,538,251,287
2013,Diciembre,VICÁLVARO,6113,3032,3081,132,67,65,416,227,189,440,216,224,654,324,330,946,436,510,1014,457,557,984,491,493,714,378,336,556,304,252,257,132,125
2013,Diciembre,SAN BLAS-CANILLEJAS,12481,6247,6234,144,84,60,702,346,356,1009,505,504,1215,588,627,1586,786,800,1822,842,980,1952,1002,950,1750,942,808,1525,794,731,776,358,418
2013,Diciembre,BARAJAS,2794,1322,1472,19,14,5,122,58,64,230,99,131,327,167,160,412,189,223,371,163,208,363,176,187,339,154,185,331,156,175,280,146,134
2014,Enero,MADRID,247216,122716,124500,3148,1746,1402,14043,7199,6844,21934,10689,11245,29046,14114,14932,34826,17162,17664,34790,17314,17476,34843,17812,17031,30777,15523,15254,26937,13227,13710,16872,7930,8942
2014,Enero,CENTRO,11416,6048,5368,50,33,17,370,179,191,971,481,490,1635,796,839,1762,935,827,1655,911,744,1563,874,689,1396,765,631,1220,671,549,794,403,391
2014,Enero,ARGANZUELA,10719,5083,5636,59,33,26,509,251,258,960,460,500,1354,646,708,1517,731,786,1404,684,720,1493,724,769,1315,628,687,1284,536,748,824,390,434
2014,Enero,RETIRO,6428,2946,3482,34,16,18,250,124,126,651,308,343,794,369,425,819,383,436,842,407,435,869,395,474,778,344,434,803,359,444,588,241,347
2014,Enero,SALAMANCA,7403,3292,4111,32,17,15,280,152,128,676,316,360,934,425,509,936,424,512,945,413,532,988,417,571,1031,461,570,887,363,524,694,304,390
2014,Enero,CHAMARTÍN,6895,3124,3771,36,15,21,215,107,108,562,274,288,774,364,410,939,453,486,896,398,498,913,416,497,989,428,561,886,377,509,685,292,393
2014,Enero,TETUÁN,12312,6123,6189,160,92,68,633,317,316,1092,516,576,1504,715,789,1678,820,858,1676,857,819,1821,956,865,1506,756,750,1380,663,717,862,431,431
2014,Enero,CHAMBERÍ,7659,3513,4146,34,15,19,281,138,143,808,378,430,1083,476,607,1030,469,561,1014,471,543,994,472,522,921,427,494,851,398,453,643,269,374
2014,Enero,FUENCARRAL - EL PARDO,13570,6392,7178,125,65,60,622,312,310,1241,608,633,1593,744,849,2052,902,1150,1926,946,980,1703,833,870,1570,736,834,1612,734,878,1126,512,614
2014,Enero,MONCLOA - ARAVACA,6087,2863,3224,47,24,23,264,134,130,573,261,312,714,343,371,771,346,425,826,388,438,856,387,469,802,404,398,751,358,393,483,218,265
2014,Enero,LATINA,20013,10242,9771,252,133,119,1172,596,576,1888,975,913,2314,1180,1134,2819,1480,1339,2899,1500,1399,2895,1514,1381,2397,1262,1135,2098,1002,1096,1279,600,679
2014,Enero,CARABANCHEL,23391,12009,11382,379,201,178,1441,723,718,1972,973,999,2785,1407,1378,3541,1815,1726,3497,1826,1671,3305,1785,1520,2759,1461,1298,2321,1182,1139,1391,636,755
2014,Enero,USERA,13512,6835,6677,240,136,104,921,460,461,1236,598,638,1539,754,785,1947,955,992,2049,1034,1015,1846,972,874,1590,841,749,1364,706,658,780,379,401
2014,Enero,PUENTE DE VALLECAS,25743,13669,12074,516,290,226,1964,1061,903,2407,1201,1206,3017,1503,1514,3381,1788,1593,3379,1837,1542,3704,2040,1664,3362,1797,1565,2625,1435,1190,1388,717,671
2014,Enero,MORATALAZ,7531,3704,3827,110,66,44,494,274,220,619,315,304,783,398,385,938,430,508,1062,524,538,1142,576,566,1001,461,540,876,423,453,506,237,269
2014,Enero,CIUDAD LINEAL,15885,7878,8007,126,75,51,750,401,349,1314,640,674,1688,850,838,2116,1090,1026,2186,1059,1127,2356,1217,1139,2143,1018,1125,1939,937,1002,1267,591,676
2014,Enero,HORTALEZA,11091,5217,5874,125,70,55,653,341,312,951,455,496,1146,510,636,1591,726,865,1535,694,841,1547,712,835,1421,688,733,1237,597,640,885,424,461
2014,Enero,VILLAVERDE,15884,8267,7617,342,197,145,1207,604,603,1408,676,732,1799,938,861,2313,1176,1137,2350,1192,1158,2310,1246,1064,1923,1078,845,1445,784,661,787,376,411
2014,Enero,VILLA DE VALLECAS,9842,4678,5164,153,85,68,713,361,352,921,431,490,1331,576,755,1703,797,906,1420,704,716,1178,583,595,1008,476,532,876,418,458,539,247,292
2014,Enero,VICÁLVARO,6251,3117,3134,141,69,72,442,234,208,454,227,227,684,351,333,955,449,506,1027,466,561,988,496,492,732,381,351,575,315,260,253,129,124
2014,Enero,SAN BLAS-CANILLEJAS,12689,6350,6339,158,93,65,732,369,363,1005,500,505,1225,595,630,1592,801,791,1812,827,985,1992,1007,985,1786,959,827,1569,809,760,818,390,428
2014,Enero,BARAJAS,2895,1366,1529,29,21,8,130,61,69,225,96,129,350,174,176,426,192,234,390,176,214,380,190,190,347,152,195,338,160,178,280,144,136
2014,Febrero,MADRID,248364,123414,124950,3217,1801,1416,14128,7334,6794,22313,10905,11408,29240,14190,15050,34834,17102,17732,34818,17333,17485,34780,17831,16949,30911,15560,15351,27185,13408,13777,16938,7950,8988
2014,Febrero,CENTRO,11421,6053,5368,56,39,17,371,179,192,992,482,510,1639,801,838,1794,953,841,1596,887,709,1569,876,693,1399,761,638,1208,666,542,797,409,388
2014,Febrero,ARGANZUELA,10694,5098,5596,59,32,27,519,255,264,959,473,486,1356,650,706,1486,713,773,1412,684,728,1439,695,744,1342,668,674,1292,547,745,830,381,449
2014,Febrero,RETIRO,6379,2934,3445,32,15,17,254,125,129,631,314,317,788,369,419,804,367,437,832,400,432,856,387,469,791,355,436,791,360,431,600,242,358
2014,Febrero,SALAMANCA,7409,3280,4129,33,18,15,264,155,109,678,307,371,956,442,514,945,419,526,958,423,535,973,409,564,1017,446,571,905,366,539,680,295,385
2014,Febrero,CHAMARTÍN,6867,3113,3754,36,22,14,235,131,104,578,269,309,773,368,405,910,432,478,910,392,518,898,415,483,971,417,554,877,372,505,679,295,384
2014,Febrero,TETUÁN,12338,6119,6219,164,94,70,621,308,313,1100,533,567,1516,705,811,1699,830,869,1661,850,811,1815,957,858,1519,752,767,1379,666,713,864,424,440
2014,Febrero,CHAMBERÍ,7537,3474,4063,40,16,24,281,132,149,781,354,427,1080,482,598,1028,469,559,955,456,499,987,483,504,898,416,482,848,394,454,639,272,367
2014,Febrero,FUENCARRAL - EL PARDO,13664,6415,7249,134,73,61,646,317,329,1253,598,655,1606,741,865,2056,907,1149,1947,961,986,1703,823,880,1554,734,820,1626,739,887,1139,522,617
2014,Febrero,MONCLOA - ARAVACA,6079,2837,3242,44,20,24,254,127,127,574,256,318,717,337,380,773,341,432,812,386,426,878,412,466,814,398,416,732,342,390,481,218,263
2014,Febrero,LATINA,20092,10315,9777,260,138,122,1156,572,584,1920,992,928,2324,1188,1136,2801,1472,1329,2902,1513,1389,2891,1519,1372,2409,1275,1134,2131,1035,1096,1298,611,687
2014,Febrero,CARABANCHEL,23546,12082,11464,367,200,167,1429,734,695,2042,984,1058,2818,1440,1378,3555,1817,1738,3502,1822,1680,3315,1792,1523,2762,1447,1315,2353,1207,1146,1403,639,764
2014,Febrero,USERA,13639,6921,6718,245,139,106,929,464,465,1246,614,632,1533,758,775,1957,953,1004,2058,1044,1014,1865,981,884,1615,853,762,1386,725,661,805,390,415
2014,Febrero,PUENTE DE VALLECAS,26036,13803,12233,538,310,228,1992,1073,919,2503,1255,1248,3049,1506,1543,3432,1796,1636,3402,1862,1540,3694,2034,1660,3372,1787,1585,2667,1459,1208,1387,721,666
2014,Febrero,MORATALAZ,7541,3726,3815,124,76,48,526,295,231,658,338,320,744,377,367,938,437,501,1043,516,527,1128,561,567,986,455,531,874,425,449,520,246,274
2014,Febrero,CIUDAD LINEAL,16063,8013,8050,125,76,49,771,423,348,1315,657,658,1728,852,876,2142,1114,1028,2216,1085,1131,2362,1226,1136,2184,1042,1142,1968,954,1014,1252,584,668
2014,Febrero,HORTALEZA,11144,5248,5896,131,80,51,633,339,294,949,448,501,1164,527,637,1560,699,861,1575,708,867,1551,731,820,1436,684,752,1261,609,652,884,423,461
2014,Febrero,VILLAVERDE,16055,8367,7688,347,195,152,1206,631,575,1461,708,753,1823,938,885,2295,1152,1143,2364,1206,1158,2330,1256,1074,1942,1084,858,1480,816,664,807,381,426
2014,Febrero,VILLA DE VALLECAS,9893,4727,5166,158,86,72,705,369,336,956,467,489,1340,578,762,1686,791,895,1410,684,726,1188,588,600,1021,482,539,893,436,457,536,246,290
2014,Febrero,VICÁLVARO,6284,3118,3166,139,68,71,440,235,205,457,236,221,670,334,336,954,457,497,1055,470,585,990,484,506,753,388,365,579,317,262,247,129,118
2014,Febrero,SAN BLAS-CANILLEJAS,12801,6411,6390,161,87,74,753,398,355,1035,513,522,1284,630,654,1592,795,797,1818,814,1004,1964,1013,951,1783,962,821,1603,822,781,808,377,431
2014,Febrero,BARAJAS,2882,1360,1522,24,17,7,143,72,71,225,107,118,332,167,165,427,188,239,390,170,220,384,189,195,343,154,189,332,151,181,282,145,137
2014,Marzo,MADRID,247067,122749,124318,3341,1857,1484,14147,7345,6802,21932,10765,11167,28763,13998,14765,34497,16949,17548,34673,17237,17436,34530,17595,16935,30904,15583,15321,27227,13414,13813,17053,8006,9047
2014,Marzo,CENTRO,11319,5990,5329,54,34,20,366,182,184,970,477,493,1574,776,798,1760,935,825,1608,882,726,1562,864,698,1393,755,638,1235,686,549,797,399,398
2014,Marzo,ARGANZUELA,10508,5044,5464,61,30,31,499,248,251,932,467,465,1302,639,663,1451,691,760,1387,690,697,1442,694,748,1329,669,660,1259,534,725,846,382,464
2014,Marzo,RETIRO,6294,2872,3422,30,14,16,254,126,128,606,289,317,746,344,402,816,366,450,824,394,430,841,380,461,777,352,425,795,358,437,605,249,356
2014,Marzo,SALAMANCA,7293,3229,4064,38,16,22,260,147,113,652,317,335,925,430,495,928,414,514,927,404,523,968,401,567,1014,440,574,906,367,539,675,293,382
2014,Marzo,CHAMARTÍN,6778,3100,3678,35,22,13,218,119,99,589,279,310,745,371,374,885,428,457,913,393,520,889,412,477,976,424,552,871,364,507,657,288,369
2014,Marzo,TETUÁN,12411,6158,6253,169,90,79,653,320,333,1096,521,575,1530,744,786,1705,832,873,1657,841,816,1799,950,849,1565,775,790,1380,666,714,857,419,438
2014,Marzo,CHAMBERÍ,7477,3482,3995,48,22,26,273,132,141,773,356,417,1039,481,558,1019,474,545,962,449,513,965,468,497,915,433,482,840,383,457,643,284,359
2014,Marzo,FUENCARRAL - EL PARDO,13641,6447,7194,147,82,65,654,340,314,1238,613,625,1584,714,870,2022,903,1119,1982,993,989,1683,790,893,1578,759,819,1594,716,878,1159,537,622
2014,Marzo,MONCLOA - ARAVACA,6044,2780,3264,51,27,24,258,118,140,534,236,298,668,303,365,800,348,452,823,391,432,882,399,483,805,404,401,732,344,388,491,210,281
2014,Marzo,LATINA,20010,10263,9747,270,149,121,1158,565,593,1889,979,910,2314,1195,1119,2775,1463,1312,2877,1484,1393,2852,1496,1356,2413,1261,1152,2155,1052,1103,1307,619,688
2014,Marzo,CARABANCHEL,23435,11985,11450,373,201,172,1431,737,694,2007,976,1031,2786,1416,1370,3488,1744,1744,3511,1820,1691,3299,1791,1508,2785,1457,1328,2351,1200,1151,1404,643,761
2014,Marzo,USERA,13534,6884,6650,254,142,112,932,484,448,1225,603,622,1508,723,785,1908,948,960,2029,1024,1005,1887,982,905,1606,853,753,1386,732,654,799,393,406
2014,Marzo,PUENTE DE VALLECAS,25940,13774,12166,573,330,243,1972,1058,914,2484,1263,1221,3023,1503,1520,3420,1781,1639,3354,1857,1497,3655,2000,1655,3349,1775,1574,2709,1473,1236,1401,734,667
2014,Marzo,MORATALAZ,7553,3710,3843,113,69,44,528,291,237,638,328,310,745,375,370,936,440,496,1073,517,556,1121,548,573,990,456,534,885,434,451,524,252,272
2014,Marzo,CIUDAD LINEAL,16113,8017,8096,146,85,61,763,407,356,1322,641,681,1734,838,896,2160,1117,1043,2223,1105,1118,2336,1208,1128,2169,1055,1114,1987,968,1019,1273,593,680
2014,Marzo,HORTALEZA,11078,5218,5860,131,82,49,646,350,296,913,439,474,1155,539,616,1556,700,856,1562,689,873,1551,727,824,1422,674,748,1254,595,659,888,423,465
2014,Marzo,VILLAVERDE,15919,8238,7681,349,197,152,1219,619,600,1433,693,740,1787,902,885,2259,1158,1101,2329,1162,1167,2304,1230,1074,1942,1072,870,1489,821,668,808,384,424
2014,Marzo,VILLA DE VALLECAS,9881,4733,5148,172,93,79,708,382,326,939,450,489,1328,574,754,1677,784,893,1408,690,718,1178,590,588,1023,478,545,906,447,459,542,245,297
2014,Marzo,VICÁLVARO,6311,3132,3179,133,65,68,448,238,210,467,245,222,674,336,338,951,443,508,1045,478,567,998,489,509,746,387,359,586,319,267,263,132,131
2014,Marzo,SAN BLAS-CANILLEJAS,12698,6377,6321,169,88,81,765,412,353,1007,494,513,1275,635,640,1579,796,783,1774,798,976,1956,1006,950,1756,948,808,1584,812,772,833,388,445
2014,Marzo,BARAJAS,2830,1316,1514,25,19,6,142,70,72,218,99,119,321,160,161,402,184,218,405,176,229,362,170,192,351,156,195,323,143,180,281,139,142
2014,Abril,MADRID,241905,120119,121786,3325,1845,1480,13612,7080,6532,20972,10203,10769,27618,13409,14209,33575,16581,16994,33881,16788,17093,33893,17323,16570,30689,15463,15226,27207,13387,13820,17133,8040,9093
2014,Abril,CENTRO,11011,5897,5114,58,38,20,340,163,177,902,459,443,1506,748,758,1700,910,790,1568,869,699,1533,866,667,1372,761,611,1226,685,541,806,398,408
2014,Abril,ARGANZUELA,10282,4935,5347,57,28,29,457,224,233,899,442,457,1270,622,648,1429,676,753,1372,683,689,1392,679,713,1314,664,650,1242,531,711,850,386,464
2014,Abril,RETIRO,6154,2843,3311,34,19,15,244,126,118,572,275,297,695,323,372,784,362,422,828,400,428,819,376,443,783,357,426,790,356,434,605,249,356
2014,Abril,SALAMANCA,7088,3144,3944,41,20,21,251,138,113,616,296,320,875,409,466,908,404,504,883,392,491,956,402,554,989,439,550,904,366,538,665,278,387
2014,Abril,CHAMARTÍN,6595,3017,3578,41,27,14,211,119,92,549,266,283,704,348,356,854,426,428,887,381,506,868,396,472,945,409,536,879,359,520,657,286,371
2014,Abril,TETUÁN,12132,6007,6125,164,85,79,626,308,318,1067,498,569,1444,685,759,1691,857,834,1615,811,804,1746,933,813,1561,762,799,1351,656,695,867,412,455
2014,Abril,CHAMBERÍ,7235,3365,3870,47,19,28,259,134,125,713,324,389,1019,475,544,978,461,517,912,413,499,932,455,477,896,423,473,836,373,463,643,288,355
2014,Abril,FUENCARRAL - EL PARDO,13425,6322,7103,157,84,73,628,317,311,1191,580,611,1539,688,851,1975,895,1080,1928,955,973,1687,797,890,1546,751,795,1624,723,901,1150,532,618
2014,Abril,MONCLOA - ARAVACA,5937,2752,3185,46,21,25,252,119,133,541,249,292,639,288,351,780,347,433,786,371,415,877,398,479,802,400,402,726,347,379,488,212,276
2014,Abril,LATINA,19636,10048,9588,267,148,119,1120,567,553,1810,925,885,2209,1148,1061,2731,1436,1295,2850,1470,1380,2817,1469,1348,2376,1220,1156,2150,1051,1099,1306,614,692
2014,Abril,CARABANCHEL,22912,11657,11255,377,214,163,1372,706,666,1895,908,987,2649,1316,1333,3372,1695,1677,3414,1746,1668,3263,1773,1490,2786,1461,1325,2358,1183,1175,1426,655,771
2014,Abril,USERA,13224,6741,6483,242,130,112,889,466,423,1138,561,577,1465,707,758,1884,947,937,1968,987,981,1863,970,893,1586,848,738,1379,726,653,810,399,411
2014,Abril,PUENTE DE VALLECAS,25596,13590,12006,560,318,242,1902,1007,895,2412,1206,1206,2938,1467,1471,3373,1770,1603,3289,1837,1452,3627,1986,1641,3348,1768,1580,2734,1494,1240,1413,737,676
2014,Abril,MORATALAZ,7356,3616,3740,119,73,46,496,275,221,617,311,306,719,371,348,886,411,475,1060,511,549,1089,532,557,971,448,523,875,432,443,524,252,272
2014,Abril,CIUDAD LINEAL,15772,7819,7953,137,75,62,751,390,361,1240,604,636,1688,825,863,2067,1056,1011,2138,1067,1071,2297,1181,1116,2179,1057,1122,1979,957,1022,1296,607,689
2014,Abril,HORTALEZA,10825,5092,5733,124,75,49,605,333,272,890,417,473,1098,518,580,1516,682,834,1534,679,855,1504,693,811,1413,669,744,1260,598,662,881,428,453
2014,Abril,VILLAVERDE,15567,8034,7533,351,197,154,1196,604,592,1374,663,711,1680,829,851,2181,1119,1062,2276,1130,1146,2247,1213,1034,1948,1072,876,1500,822,678,814,385,429
2014,Abril,VILLA DE VALLECAS,9748,4659,5089,173,94,79,701,374,327,908,418,490,1259,553,706,1658,770,888,1397,678,719,1155,590,565,1027,473,554,925,463,462,545,246,299
2014,Abril,VICÁLVARO,6154,3030,3124,132,67,65,432,239,193,435,232,203,674,327,347,895,407,488,1028,459,569,967,468,499,739,383,356,581,313,268,271,135,136
2014,Abril,SAN BLAS-CANILLEJAS,12544,6273,6271,172,94,78,759,411,348,987,473,514,1247,614,633,1535,767,768,1775,783,992,1905,984,921,1758,941,817,1573,812,761,833,394,439
2014,Abril,BARAJAS,2712,1278,1434,26,19,7,121,60,61,216,96,120,301,148,153,378,183,195,373,166,207,349,162,187,350,157,193,315,140,175,283,147,136
2014,Mayo,MADRID,234878,116195,118683,3225,1806,1419,12772,6662,6110,19925,9615,10310,26597,12895,13702,32158,15695,16463,32764,16122,16642,33057,16826,16231,30199,15250,14949,27033,13276,13757,17148,8048,9100
2014,Mayo,CENTRO,10714,5754,4960,58,33,25,312,154,158,863,423,440,1495,762,733,1592,852,740,1525,858,667,1494,841,653,1349,748,601,1206,675,531,820,408,412
2014,Mayo,ARGANZUELA,10056,4769,5287,63,33,30,410,199,211,893,430,463,1231,592,639,1389,651,738,1319,649,670,1367,650,717,1305,650,655,1251,533,718,828,382,446
2014,Mayo,RETIRO,5996,2758,3238,23,11,12,236,120,116,549,265,284,685,308,377,751,340,411,808,394,414,775,356,419,777,359,418,791,359,432,601,246,355
2014,Mayo,SALAMANCA,6889,3065,3824,42,20,22,233,127,106,611,292,319,831,397,434,864,393,471,866,380,486,905,387,518,976,437,539,880,352,528,681,280,401
2014,Mayo,CHAMARTÍN,6408,2900,3508,36,24,12,187,107,80,504,227,277,687,351,336,808,396,412,876,374,502,846,381,465,940,411,529,878,355,523,646,274,372
2014,Mayo,TETUÁN,11768,5802,5966,162,86,76,575,280,295,1003,462,541,1387,655,732,1618,797,821,1559,784,775,1714,913,801,1522,743,779,1362,661,701,866,421,445
2014,Mayo,CHAMBERÍ,7064,3240,3824,43,16,27,243,129,114,699,309,390,982,452,530,965,442,523,867,388,479,903,443,460,888,425,463,838,358,480,636,278,358
2014,Mayo,FUENCARRAL - EL PARDO,12996,6088,6908,149,87,62,580,295,285,1109,532,577,1511,670,841,1877,847,1030,1859,928,931,1631,755,876,1520,736,784,1595,706,889,1165,532,633
2014,Mayo,MONCLOA - ARAVACA,5789,2685,3104,38,17,21,251,121,130,477,211,266,651,309,342,734,313,421,758,355,403,839,390,449,802,396,406,742,349,393,497,224,273
2014,Mayo,LATINA,19045,9692,9353,284,158,126,1073,562,511,1734,882,852,2126,1108,1018,2574,1334,1240,2741,1393,1348,2747,1423,1324,2355,1185,1170,2112,1030,1082,1299,617,682
2014,Mayo,CARABANCHEL,22063,11166,10897,369,205,164,1277,653,624,1794,879,915,2513,1244,1269,3193,1576,1617,3284,1665,1619,3185,1705,1480,2694,1419,1275,2322,1157,1165,1432,663,769
2014,Mayo,USERA,12796,6462,6334,240,130,110,836,421,415,1124,552,572,1374,651,723,1751,854,897,1888,937,951,1843,960,883,1570,833,737,1367,724,643,803,400,403
2014,Mayo,PUENTE DE VALLECAS,24923,13186,11737,522,301,221,1821,952,869,2271,1123,1148,2821,1393,1428,3254,1713,1541,3187,1749,1438,3575,1955,1620,3310,1753,1557,2732,1496,1236,1430,751,679
2014,Mayo,MORATALAZ,7121,3482,3639,109,69,40,446,254,192,561,275,286,700,356,344,851,389,462,1027,489,538,1061,511,550,965,457,508,870,437,433,531,245,286
2014,Mayo,CIUDAD LINEAL,15308,7588,7720,157,96,61,713,371,342,1201,588,613,1598,773,825,1989,1023,966,2050,990,1060,2221,1128,1093,2135,1069,1066,1960,951,1009,1284,599,685
2014,Mayo,HORTALEZA,10494,4940,5554,114,70,44,556,304,252,831,402,429,1039,473,566,1467,658,809,1503,671,832,1478,693,785,1387,636,751,1247,607,640,872,426,446
2014,Mayo,VILLAVERDE,15129,7798,7331,349,193,156,1116,564,552,1283,611,672,1657,827,830,2110,1076,1034,2234,1114,1120,2172,1168,1004,1923,1057,866,1478,799,679,807,389,418
2014,Mayo,VILLA DE VALLECAS,9370,4442,4928,160,95,65,666,349,317,851,396,455,1174,519,655,1609,733,876,1326,632,694,1123,552,571,1019,480,539,906,451,455,536,235,301
2014,Mayo,VICÁLVARO,6038,2965,3073,115,53,62,404,236,168,423,223,200,659,322,337,888,398,490,1005,443,562,958,461,497,708,377,331,601,314,287,277,138,139
2014,Mayo,SAN BLAS-CANILLEJAS,12267,6176,6091,172,94,78,720,408,312,954,449,505,1180,591,589,1524,748,776,1711,768,943,1872,984,888,1717,926,791,1570,808,762,847,400,447
2014,Mayo,BARAJAS,2644,1237,1407,20,15,5,117,56,61,190,84,106,296,142,154,350,162,188,371,161,210,348,170,178,337,153,184,325,154,171,290,140,150
2014,Junio,MADRID,228904,112271,116633,3284,1823,1461,11695,6152,5543,18898,9014,9884,25454,12136,13318,30983,14906,16077,31919,15551,16368,32721,16494,16227,29821,14930,14891,26962,13199,13763,17167,8066,9101
2014,Junio,CENTRO,10443,5628,4815,54,33,21,301,156,145,817,407,410,1467,747,720,1524,804,720,1485,832,653,1457,819,638,1354,760,594,1188,671,517,796,399,397
2014,Junio,ARGANZUELA,9742,4612,5130,62,31,31,339,175,164,809,391,418,1224,596,628,1326,608,718,1268,612,656,1371,649,722,1275,637,638,1237,523,714,831,390,441
2014,Junio,RETIRO,5801,2651,3150,30,15,15,193,102,91,468,229,239,677,308,369,740,334,406,775,362,413,776,361,415,750,333,417,786,358,428,606,249,357
2014,Junio,SALAMANCA,6695,2942,3753,36,19,17,193,110,83,572,264,308,785,352,433,864,378,486,836,385,451,887,378,509,970,427,543,873,345,528,679,284,395
2014,Junio,CHAMARTÍN,6280,2815,3465,37,25,12,191,116,75,485,224,261,655,324,331,791,376,415,817,344,473,852,378,474,931,399,532,873,351,522,648,278,370
2014,Junio,TETUÁN,11477,5595,5882,175,93,82,533,256,277,935,420,515,1338,632,706,1575,777,798,1527,750,777,1684,887,797,1493,723,770,1345,639,706,872,418,454
2014,Junio,CHAMBERÍ,6855,3101,3754,49,18,31,199,106,93,644,290,354,926,408,518,931,414,517,868,396,472,891,420,471,877,415,462,844,359,485,626,275,351
2014,Junio,FUENCARRAL - EL PARDO,12600,5844,6756,136,83,53,505,261,244,1065,505,560,1375,603,772,1832,804,1028,1794,878,916,1647,764,883,1489,717,772,1584,691,893,1173,538,635
2014,Junio,MONCLOA - ARAVACA,5657,2648,3009,39,18,21,197,97,100,463,201,262,636,308,328,705,302,403,746,362,384,833,390,443,808,395,413,737,354,383,493,221,272
2014,Junio,LATINA,18531,9391,9140,288,157,131,952,492,460,1624,816,808,2032,1039,993,2525,1312,1213,2710,1373,1337,2686,1399,1287,2301,1163,1138,2116,1026,1090,1297,614,683
2014,Junio,CARABANCHEL,21631,10877,10754,385,207,178,1229,633,596,1701,816,885,2418,1193,1225,3078,1519,1559,3195,1598,1597,3154,1680,1474,2687,1390,1297,2321,1166,1155,1463,675,788
2014,Junio,USERA,12441,6216,6225,220,126,94,801,392,409,1083,517,566,1267,583,684,1707,814,893,1851,907,944,1795,939,856,1552,818,734,1376,730,646,789,390,399
2014,Junio,PUENTE DE VALLECAS,24213,12612,11601,506,275,231,1711,902,809,2199,1053,1146,2668,1282,1386,3123,1612,1511,3115,1681,1434,3503,1894,1609,3244,1711,1533,2725,1465,1260,1419,737,682
2014,Junio,MORATALAZ,6936,3367,3569,111,68,43,425,247,178,540,262,278,681,341,340,782,354,428,972,456,516,1070,509,561,960,451,509,858,428,430,537,251,286
2014,Junio,CIUDAD LINEAL,14974,7383,7591,184,110,74,651,359,292,1127,550,577,1532,728,804,1926,973,953,2010,985,1025,2210,1103,1107,2079,1013,1066,1955,954,1001,1300,608,692
2014,Junio,HORTALEZA,10365,4820,5545,110,68,42,531,273,258,810,382,428,1015,455,560,1413,620,793,1462,637,825,1486,687,799,1393,644,749,1265,621,644,880,433,447
2014,Junio,VILLAVERDE,14717,7541,7176,353,201,152,1037,534,503,1229,584,645,1581,785,796,2009,1016,993,2146,1066,1080,2160,1120,1040,1915,1039,876,1498,815,683,789,381,408
2014,Junio,VILLA DE VALLECAS,9161,4279,4882,187,105,82,589,319,270,844,392,452,1140,487,653,1528,662,866,1287,595,692,1121,553,568,1021,472,549,904,453,451,540,241,299
2014,Junio,VICÁLVARO,5852,2830,3022,117,54,63,361,209,152,412,220,192,630,285,345,817,371,446,999,429,570,949,459,490,687,354,333,592,306,286,288,143,145
2014,Junio,SAN BLAS-CANILLEJAS,11978,5933,6045,187,103,84,659,364,295,884,415,469,1123,547,576,1458,700,758,1695,742,953,1847,943,904,1713,926,787,1557,786,771,855,407,448
2014,Junio,BARAJAS,2555,1186,1369,18,14,4,98,49,49,187,76,111,284,133,151,329,156,173,361,161,200,342,162,180,322,143,179,328,158,170,286,134,152
2014,Julio,MADRID,231333,111654,119679,3604,1997,1607,12497,6472,6025,19265,8994,10271,25514,11909,13605,31213,14664,16549,32043,15288,16755,32914,16255,16659,29931,14851,15080,27131,13198,13933,17221,8026,9195
2014,Julio,CENTRO,10575,5648,4927,72,47,25,323,163,160,815,399,416,1438,723,715,1565,813,752,1489,810,679,1514,855,659,1363,775,588,1191,670,521,805,393,412
2014,Julio,ARGANZUELA,10048,4671,5377,65,32,33,388,194,194,840,392,448,1262,600,662,1397,632,765,1275,611,664,1432,665,767,1296,631,665,1239,519,720,854,395,459
2014,Julio,RETIRO,5945,2664,3281,35,17,18,201,108,93,491,226,265,690,317,373,776,329,447,783,364,419,803,355,448,754,342,412,801,349,452,611,257,354
2014,Julio,SALAMANCA,6788,2931,3857,38,24,14,228,120,108,570,255,315,801,355,446,891,385,506,799,361,438,897,371,526,982,430,552,897,351,546,685,279,406
2014,Julio,CHAMARTÍN,6460,2875,3585,42,28,14,213,124,89,488,219,269,709,333,376,807,374,433,838,359,479,884,388,496,931,397,534,875,366,509,673,287,386
2014,Julio,TETUÁN,11529,5578,5951,197,99,98,553,274,279,942,430,512,1325,621,704,1571,751,820,1543,755,788,1666,873,793,1500,726,774,1360,646,714,872,403,469
2014,Julio,CHAMBERÍ,7057,3118,3939,52,18,34,215,106,109,678,290,388,918,397,521,984,440,544,891,383,508,919,419,500,905,413,492,854,369,485,641,283,358
2014,Julio,FUENCARRAL - EL PARDO,12864,5850,7014,151,88,63,542,274,268,1079,494,585,1454,624,830,1862,797,1065,1838,863,975,1676,766,910,1497,721,776,1586,685,901,1179,538,641
2014,Julio,MONCLOA - ARAVACA,5806,2679,3127,49,23,26,235,124,111,488,202,286,673,314,359,715,301,414,766,362,404,833,391,442,804,382,422,742,351,391,501,229,272
2014,Julio,LATINA,18641,9294,9347,298,165,133,1031,524,507,1647,803,844,2034,1027,1007,2493,1243,1250,2713,1349,1364,2701,1383,1318,2315,1151,1164,2117,1046,1071,1292,603,689
2014,Julio,CARABANCHEL,21666,10727,10939,394,212,182,1303,666,637,1721,806,915,2369,1153,1216,3052,1491,1561,3232,1573,1659,3110,1601,1509,2684,1359,1325,2364,1202,1162,1437,664,773
2014,Julio,USERA,12373,6054,6319,236,133,103,820,395,425,1060,497,563,1257,563,694,1669,758,911,1833,875,958,1809,937,872,1547,805,742,1369,714,655,773,377,396
2014,Julio,PUENTE DE VALLECAS,24104,12369,11735,570,300,270,1785,938,847,2186,1042,1144,2590,1200,1390,3056,1542,1514,3128,1667,1461,3461,1825,1636,3203,1681,1522,2710,1442,1268,1415,732,683
2014,Julio,MORATALAZ,7055,3341,3714,122,77,45,476,258,218,569,276,293,677,319,358,806,360,446,932,427,505,1069,498,571,976,450,526,893,435,458,535,241,294
2014,Julio,CIUDAD LINEAL,15247,7401,7846,211,122,89,704,379,325,1210,579,631,1528,707,821,1965,975,990,1995,961,1034,2241,1106,1135,2106,1023,1083,1980,934,1046,1307,615,692
2014,Julio,HORTALEZA,10587,4884,5703,134,81,53,571,297,274,851,406,445,1054,464,590,1455,648,807,1487,630,857,1488,673,815,1382,629,753,1285,628,657,880,428,452
2014,Julio,VILLAVERDE,14640,7382,7258,368,213,155,1129,561,568,1241,565,676,1529,740,789,1968,973,995,2115,1023,1092,2110,1081,1029,1911,1033,878,1484,815,669,785,378,407
2014,Julio,VILLA DE VALLECAS,9273,4273,5000,202,115,87,617,338,279,852,385,467,1182,491,691,1537,661,876,1297,581,716,1114,530,584,1030,477,553,899,448,451,543,247,296
2014,Julio,VICÁLVARO,5939,2774,3165,135,63,72,387,211,176,430,220,210,603,265,338,836,360,476,1020,423,597,960,447,513,686,348,338,599,300,299,283,137,146
2014,Julio,SAN BLAS-CANILLEJAS,12088,5929,6159,209,121,88,668,366,302,914,424,490,1143,565,578,1457,681,776,1674,728,946,1887,940,947,1726,926,800,1553,776,777,857,402,455
2014,Julio,BARAJAS,2648,1212,1436,24,19,5,108,52,56,193,84,109,278,131,147,351,150,201,395,183,212,340,151,189,333,152,181,333,152,181,293,138,155
2014,Agosto,MADRID,232681,111910,120771,3582,1962,1620,12808,6538,6270,19597,9015,10582,25741,11937,13804,31281,14666,16615,32226,15361,16865,33051,16304,16747,30058,14938,15120,27131,13183,13948,17206,8006,9200
2014,Agosto,CENTRO,10644,5674,4970,75,45,30,310,154,156,814,401,413,1419,706,713,1615,854,761,1509,812,697,1512,844,668,1385,785,600,1188,666,522,817,407,410
2014,Agosto,ARGANZUELA,10082,4642,5440,67,32,35,409,193,216,854,395,459,1267,586,681,1400,644,756,1305,601,704,1403,648,755,1293,629,664,1236,522,714,848,392,456
2014,Agosto,RETIRO,6098,2710,3388,39,18,21,222,120,102,523,229,294,721,333,388,792,334,458,789,372,417,807,355,452,766,337,429,819,359,460,620,253,367
2014,Agosto,SALAMANCA,6867,2949,3918,34,23,11,233,126,107,571,250,321,821,361,460,905,380,525,804,353,451,913,384,529,996,436,560,899,348,551,691,288,403
2014,Agosto,CHAMARTÍN,6458,2869,3589,35,22,13,215,127,88,476,212,264,707,322,385,813,378,435,830,368,462,901,404,497,943,402,541,866,350,516,672,284,388
2014,Agosto,TETUÁN,11643,5585,6058,193,100,93,577,274,303,976,435,541,1376,642,734,1593,757,836,1526,733,793,1678,889,789,1496,714,782,1365,646,719,863,395,468
2014,Agosto,CHAMBERÍ,7034,3092,3942,47,20,27,241,113,128,666,289,377,916,383,533,973,431,542,898,393,505,917,413,504,904,413,491,845,355,490,627,282,345
2014,Agosto,FUENCARRAL - EL PARDO,12893,5843,7050,138,78,60,584,287,297,1097,498,599,1479,637,842,1827,791,1036,1842,851,991,1671,772,899,1526,723,803,1572,684,888,1157,522,635
2014,Agosto,MONCLOA - ARAVACA,5866,2700,3166,53,25,28,245,121,124,519,214,305,664,311,353,712,294,418,755,349,406,843,400,443,818,392,426,762,361,401,495,233,262
2014,Agosto,LATINA,18791,9344,9447,312,173,139,1069,548,521,1677,793,884,2065,1048,1017,2495,1236,1259,2736,1359,1377,2716,1376,1340,2325,1172,1153,2096,1033,1063,1300,606,694
2014,Agosto,CARABANCHEL,21667,10721,10946,381,202,179,1329,687,642,1777,829,948,2369,1123,1246,3022,1478,1544,3223,1594,1629,3097,1605,1492,2651,1340,1311,2353,1191,1162,1465,672,793
2014,Agosto,USERA,12458,6124,6334,231,134,97,817,403,414,1060,495,565,1301,600,701,1686,786,900,1855,878,977,1808,931,877,1541,798,743,1379,716,663,780,383,397
2014,Agosto,PUENTE DE VALLECAS,24163,12356,11807,564,298,266,1794,926,868,2207,1034,1173,2563,1214,1349,3056,1525,1531,3135,1656,1479,3502,1841,1661,3215,1685,1530,2700,1438,1262,1427,739,688
2014,Agosto,MORATALAZ,7129,3353,3776,130,77,53,477,245,232,586,275,311,682,314,368,816,367,449,944,432,512,1081,501,580,1000,470,530,885,429,456,528,243,285
2014,Agosto,CIUDAD LINEAL,15384,7452,7932,212,114,98,746,395,351,1245,597,648,1563,710,853,1942,952,990,2036,992,1044,2227,1092,1135,2124,1045,1079,1970,938,1032,1319,617,702
2014,Agosto,HORTALEZA,10683,4885,5798,139,85,54,598,315,283,870,390,480,1059,463,596,1450,642,808,1490,625,865,1521,689,832,1402,641,761,1294,629,665,860,406,454
2014,Agosto,VILLAVERDE,14618,7346,7272,366,203,163,1139,552,587,1252,578,674,1523,727,796,1976,968,1008,2121,1033,1088,2090,1065,1025,1891,1033,858,1483,818,665,777,369,408
2014,Agosto,VILLA DE VALLECAS,9283,4265,5018,202,113,89,607,329,278,873,393,480,1191,485,706,1567,663,904,1304,595,709,1109,527,582,1018,478,540,895,446,449,517,236,281
2014,Agosto,VICÁLVARO,5984,2784,3200,131,58,73,403,212,191,423,211,212,604,267,337,823,349,474,1026,427,599,987,457,530,695,354,341,600,306,294,292,143,149
2014,Agosto,SAN BLAS-CANILLEJAS,12214,5976,6238,209,120,89,676,357,319,927,408,519,1152,563,589,1456,683,773,1699,756,943,1919,958,961,1731,935,796,1590,797,793,855,399,456
2014,Agosto,BARAJAS,2722,1240,1482,24,22,2,117,54,63,204,89,115,299,142,157,362,154,208,399,182,217,349,153,196,338,156,182,334,151,183,296,137,159
2014,Septiembre,MADRID,232745,112984,119761,3832,2080,1752,13951,7106,6845,19975,9394,10581,25095,11763,13332,30617,14545,16072,31826,15284,16542,32801,16436,16365,30023,15015,15008,27165,13225,13940,17460,8136,9324
2014,Septiembre,CENTRO,10579,5656,4923,92,54,38,352,169,183,818,395,423,1386,695,691,1586,834,752,1461,795,666,1496,857,639,1375,778,597,1183,665,518,830,414,416
2014,Septiembre,ARGANZUELA,10011,4607,5404,80,39,41,463,227,236,876,383,493,1198,544,654,1351,624,727,1255,578,677,1403,651,752,1285,640,645,1232,526,706,868,395,473
2014,Septiembre,RETIRO,6009,2690,3319,38,20,18,257,133,124,564,257,307,664,309,355,751,323,428,766,348,418,800,362,438,765,338,427,781,348,433,623,252,371
2014,Septiembre,SALAMANCA,6774,2963,3811,40,30,10,245,134,111,594,278,316,775,354,421,858,373,485,778,340,438,914,380,534,971,425,546,899,358,541,700,291,409
2014,Septiembre,CHAMARTÍN,6356,2836,3520,45,26,19,223,118,105,483,222,261,660,299,361,800,370,430,829,379,450,856,392,464,934,403,531,856,346,510,670,281,389
2014,Septiembre,TETUÁN,11485,5600,5885,187,93,94,587,289,298,963,456,507,1293,593,700,1545,745,800,1548,768,780,1648,883,765,1485,719,766,1367,656,711,862,398,464
2014,Septiembre,CHAMBERÍ,6979,3125,3854,51,15,36,261,134,127,712,311,401,887,378,509,924,420,504,895,400,495,872,406,466,873,404,469,851,362,489,653,295,358
2014,Septiembre,FUENCARRAL - EL PARDO,12711,5819,6892,146,81,65,613,301,312,1091,507,584,1414,613,801,1790,775,1015,1793,835,958,1646,783,863,1482,713,769,1566,682,884,1170,529,641
2014,Septiembre,MONCLOA - ARAVACA,5747,2648,3099,52,27,25,272,131,141,496,216,280,645,303,342,687,288,399,726,340,386,816,381,435,802,383,419,752,345,407,499,234,265
2014,Septiembre,LATINA,18918,9504,9414,312,166,146,1181,607,574,1714,843,871,1995,1038,957,2465,1212,1253,2718,1374,1344,2732,1419,1313,2400,1221,1179,2084,1004,1080,1317,620,697
2014,Septiembre,CARABANCHEL,21889,10828,11061,421,218,203,1459,741,718,1821,850,971,2364,1117,1247,2957,1455,1502,3227,1595,1632,3110,1633,1477,2665,1337,1328,2378,1195,1183,1487,687,800
2014,Septiembre,USERA,12687,6274,6413,244,138,106,896,435,461,1067,510,557,1325,601,724,1706,822,884,1880,904,976,1829,946,883,1558,808,750,1380,721,659,802,389,413
2014,Septiembre,PUENTE DE VALLECAS,24546,12692,11854,643,333,310,1939,1000,939,2246,1072,1174,2575,1263,1312,3064,1553,1511,3120,1663,1457,3490,1867,1623,3281,1725,1556,2734,1462,1272,1454,754,700
2014,Septiembre,MORATALAZ,7091,3388,3703,141,87,54,517,281,236,600,291,309,649,314,335,806,374,432,927,420,507,1052,487,565,976,459,517,875,421,454,548,254,294
2014,Septiembre,CIUDAD LINEAL,15311,7481,7830,214,122,92,818,433,385,1282,616,666,1523,704,819,1884,944,940,1950,943,1007,2217,1094,1123,2116,1050,1066,1960,929,1031,1347,646,701
2014,Septiembre,HORTALEZA,10577,4906,5671,159,101,58,630,328,302,870,410,460,1024,439,585,1417,644,773,1457,627,830,1480,685,795,1384,648,736,1286,618,668,870,406,464
2014,Septiembre,VILLAVERDE,14992,7628,7364,374,204,170,1267,620,647,1312,618,694,1560,753,807,1978,989,989,2151,1058,1093,2125,1100,1025,1920,1059,861,1524,849,675,781,378,403
2014,Septiembre,VILLA DE VALLECAS,9174,4225,4949,198,112,86,639,340,299,873,400,473,1146,472,674,1501,632,869,1308,604,704,1110,529,581,985,457,528,893,446,447,521,233,288
2014,Septiembre,VICÁLVARO,5995,2846,3149,148,77,71,449,235,214,442,216,226,601,279,322,799,348,451,1009,421,588,958,456,502,688,358,330,611,315,296,290,141,149
2014,Septiembre,SAN BLAS-CANILLEJAS,12215,6020,6195,221,118,103,751,376,375,954,449,505,1124,560,564,1395,663,732,1644,724,920,1902,970,932,1737,932,805,1617,822,795,870,406,464
2014,Septiembre,BARAJAS,2699,1248,1451,26,19,7,132,74,58,197,94,103,287,135,152,353,157,196,384,168,216,345,155,190,341,158,183,336,155,181,298,133,165
2014,Octubre,MADRID,234155,113969,120186,3684,2040,1644,14207,7175,7032,20469,9829,10640,25423,12013,13410,30571,14593,15978,31831,15260,16571,32960,16478,16482,30239,15171,15068,27433,13367,14066,17338,8043,9295
2014,Octubre,CENTRO,10663,5728,4935,85,51,34,367,177,190,843,431,412,1422,730,692,1595,851,744,1458,771,687,1509,859,650,1372,775,597,1170,665,505,842,418,424
2014,Octubre,ARGANZUELA,9951,4641,5310,79,44,35,476,233,243,872,398,474,1203,561,642,1307,618,689,1261,590,671,1390,640,750,1282,637,645,1215,531,684,866,389,477
2014,Octubre,RETIRO,5973,2719,3254,45,27,18,269,139,130,558,266,292,674,312,362,728,317,411,749,344,405,809,372,437,764,353,411,773,342,431,604,247,357
2014,Octubre,SALAMANCA,6842,3015,3827,41,30,11,251,136,115,634,301,333,783,367,416,891,394,497,788,348,440,907,384,523,946,414,532,919,364,555,682,277,405
2014,Octubre,CHAMARTÍN,6354,2852,3502,41,23,18,244,134,110,509,233,276,661,310,351,783,369,414,820,365,455,869,405,464,915,404,511,856,337,519,656,272,384
2014,Octubre,TETUÁN,11543,5617,5926,156,78,78,604,299,305,1008,464,544,1310,606,704,1511,737,774,1540,754,786,1662,883,779,1521,742,779,1369,659,710,862,395,467
2014,Octubre,CHAMBERÍ,7008,3166,3842,49,20,29,278,132,146,720,324,396,913,390,523,899,417,482,894,423,471,851,388,463,894,415,479,862,360,502,648,297,351
2014,Octubre,FUENCARRAL - EL PARDO,12719,5831,6888,156,94,62,636,314,322,1109,526,583,1406,604,802,1749,755,994,1832,848,984,1628,782,846,1476,708,768,1576,683,893,1151,517,634
2014,Octubre,MONCLOA - ARAVACA,5787,2682,3105,55,31,24,288,138,150,537,236,301,620,301,319,692,300,392,726,336,390,818,385,433,802,385,417,754,345,409,495,225,270
2014,Octubre,LATINA,18999,9503,9496,311,169,142,1205,603,602,1753,870,883,2013,1034,979,2513,1232,1281,2665,1346,1319,2742,1412,1330,2393,1213,1180,2109,1019,1090,1295,605,690
2014,Octubre,CARABANCHEL,22136,10945,11191,402,209,193,1458,746,712,1891,904,987,2406,1155,1251,3001,1453,1548,3229,1571,1658,3128,1641,1487,2725,1372,1353,2398,1199,1199,1498,695,803
2014,Octubre,USERA,12814,6314,6500,237,130,107,914,447,467,1113,533,580,1328,604,724,1726,828,898,1879,886,993,1846,956,890,1567,812,755,1418,744,674,786,374,412
2014,Octubre,PUENTE DE VALLECAS,24717,12821,11896,608,326,282,1917,973,944,2266,1107,1159,2663,1306,1357,3077,1552,1525,3127,1678,1449,3527,1891,1636,3301,1748,1553,2760,1480,1280,1471,760,711
2014,Octubre,MORATALAZ,7172,3475,3697,145,93,52,528,288,240,607,306,301,675,342,333,804,371,433,949,441,508,1057,491,566,986,464,522,891,434,457,530,245,285
2014,Octubre,CIUDAD LINEAL,15426,7533,7893,204,121,83,860,441,419,1264,610,654,1576,732,844,1875,939,936,1929,948,981,2220,1070,1150,2177,1089,1088,1973,937,1036,1348,646,702
2014,Octubre,HORTALEZA,10604,4927,5677,146,93,53,637,328,309,906,439,467,1026,431,595,1392,636,756,1450,619,831,1476,691,785,1391,649,742,1308,634,674,872,407,465
2014,Octubre,VILLAVERDE,15067,7686,7381,361,190,171,1262,623,639,1354,654,700,1573,773,800,1994,1010,984,2171,1069,1102,2148,1106,1042,1894,1041,853,1547,856,691,763,364,399
2014,Octubre,VILLA DE VALLECAS,9341,4286,5055,188,112,76,656,338,318,894,427,467,1151,482,669,1509,627,882,1346,613,733,1132,533,599,1011,464,547,929,456,473,525,234,291
2014,Octubre,VICÁLVARO,6032,2881,3151,143,77,66,448,233,215,438,228,210,594,271,323,797,352,445,1010,421,589,970,454,516,717,373,344,626,332,294,289,140,149
2014,Octubre,SAN BLAS-CANILLEJAS,12316,6093,6223,208,105,103,781,382,399,984,477,507,1145,566,579,1378,673,705,1634,720,914,1925,977,948,1761,956,805,1639,834,805,861,403,458
2014,Octubre,BARAJAS,2691,1254,1437,24,17,7,128,71,57,209,95,114,281,136,145,350,162,188,374,169,205,346,158,188,344,157,187,341,156,185,294,133,161
2014,Noviembre,MADRID,232164,113146,119018,3624,2045,1579,13823,7056,6767,20214,9679,10535,25087,11909,13178,30221,14407,15814,31529,15129,16400,32870,16465,16405,30051,15052,14999,27518,13423,14095,17227,7981,9246
2014,Noviembre,CENTRO,10738,5764,4974,78,49,29,370,181,189,872,443,429,1400,702,698,1600,836,764,1494,790,704,1537,875,662,1366,776,590,1168,673,495,853,439,414
2014,Noviembre,ARGANZUELA,9902,4637,5265,85,51,34,458,231,227,873,416,457,1206,565,641,1267,588,679,1268,597,671,1397,640,757,1284,639,645,1220,529,691,844,381,463
2014,Noviembre,RETIRO,5862,2693,3169,47,29,18,252,126,126,554,258,296,666,318,348,710,323,387,730,339,391,786,362,424,758,352,406,764,337,427,595,249,346
2014,Noviembre,SALAMANCA,6804,2990,3814,46,34,12,254,133,121,636,310,326,747,339,408,877,379,498,796,366,430,904,386,518,927,400,527,925,368,557,692,275,417
2014,Noviembre,CHAMARTÍN,6267,2791,3476,40,21,19,231,136,95,494,230,264,657,299,358,780,363,417,810,355,455,859,398,461,901,395,506,850,331,519,645,263,382
2014,Noviembre,TETUÁN,11528,5611,5917,150,72,78,614,324,290,1003,456,547,1294,592,702,1497,713,784,1531,754,777,1676,891,785,1513,733,780,1406,681,725,844,395,449
2014,Noviembre,CHAMBERÍ,6882,3108,3774,50,18,32,290,147,143,702,305,397,882,386,496,875,399,476,859,402,457,855,397,458,886,410,476,847,354,493,636,290,346
2014,Noviembre,FUENCARRAL - EL PARDO,12560,5766,6794,158,95,63,612,310,302,1072,508,564,1365,599,766,1716,741,975,1797,838,959,1655,787,868,1472,704,768,1578,678,900,1135,506,629
2014,Noviembre,MONCLOA - ARAVACA,5722,2668,3054,52,31,21,297,149,148,526,234,292,593,288,305,700,307,393,719,329,390,798,376,422,776,375,401,764,350,414,497,229,268
2014,Noviembre,LATINA,18887,9441,9446,298,168,130,1163,564,599,1710,851,859,2022,1038,984,2489,1207,1282,2704,1361,1343,2742,1406,1336,2359,1206,1153,2122,1052,1070,1278,588,690
2014,Noviembre,CARABANCHEL,21896,10852,11044,411,212,199,1414,721,693,1864,892,972,2367,1132,1235,2965,1448,1517,3138,1528,1610,3092,1641,1451,2749,1381,1368,2409,1212,1197,1487,685,802
2014,Noviembre,USERA,12653,6310,6343,244,141,103,860,420,440,1093,517,576,1315,636,679,1695,830,865,1872,879,993,1852,978,874,1542,803,739,1395,738,657,785,368,417
2014,Noviembre,PUENTE DE VALLECAS,24602,12770,11832,603,327,276,1890,971,919,2268,1099,1169,2659,1316,1343,3065,1556,1509,3084,1646,1438,3504,1866,1638,3284,1736,1548,2766,1489,1277,1479,764,715
2014,Noviembre,MORATALAZ,7062,3400,3662,136,86,50,507,284,223,611,301,310,662,323,339,795,360,435,934,436,498,1039,488,551,970,454,516,883,424,459,525,244,281
2014,Noviembre,CIUDAD LINEAL,15228,7414,7814,203,125,78,809,421,388,1240,598,642,1563,719,844,1828,910,918,1924,953,971,2181,1060,1121,2160,1062,1098,2000,938,1062,1320,628,692
2014,Noviembre,HORTALEZA,10476,4892,5584,138,83,55,601,325,276,891,423,468,1010,444,566,1368,631,737,1429,619,810,1468,689,779,1387,647,740,1326,636,690,858,395,463
2014,Noviembre,VILLAVERDE,14984,7672,7312,328,184,144,1207,599,608,1347,658,689,1568,787,781,2004,1010,994,2132,1045,1087,2157,1109,1048,1908,1048,860,1551,856,695,782,376,406
2014,Noviembre,VILLA DE VALLECAS,9285,4267,5018,193,114,79,641,330,311,857,410,447,1146,474,672,1477,625,852,1351,621,730,1135,540,595,1008,460,548,945,459,486,532,234,298
2014,Noviembre,VICÁLVARO,6009,2879,3130,136,78,58,457,236,221,439,224,215,571,272,299,806,360,446,1006,418,588,970,447,523,722,385,337,610,316,294,292,143,149
2014,Noviembre,SAN BLAS-CANILLEJAS,12151,5983,6168,199,110,89,758,375,383,968,461,507,1122,548,574,1364,658,706,1596,695,901,1914,970,944,1731,926,805,1644,844,800,855,396,459
2014,Noviembre,BARAJAS,2666,1238,1428,29,17,12,138,73,65,194,85,109,272,132,140,343,163,180,355,158,197,349,159,190,348,160,188,345,158,187,293,133,160
2014,Diciembre,MADRID,226775,111250,115525,3084,1760,1324,12084,6221,5863,18733,9045,9688,24305,11559,12746,29811,14405,15406,31233,15165,16068,32759,16533,16226,29988,15094,14894,27591,13499,14092,17187,7969,9218
2014,Diciembre,CENTRO,10416,5647,4769,65,45,20,300,148,152,818,415,403,1341,681,660,1558,853,705,1480,797,683,1493,856,637,1359,772,587,1176,653,523,826,427,399
2014,Diciembre,ARGANZUELA,9658,4530,5128,82,47,35,378,199,179,811,389,422,1133,535,598,1251,574,677,1256,599,657,1392,645,747,1290,628,662,1222,539,683,843,375,468
2014,Diciembre,RETIRO,5733,2613,3120,39,20,19,224,114,110,487,227,260,651,305,346,692,309,383,727,329,398,791,371,420,767,356,411,765,334,431,590,248,342
2014,Diciembre,SALAMANCA,6587,2883,3704,32,25,7,240,129,111,578,270,308,717,316,401,812,357,455,805,367,438,900,385,515,907,397,510,912,366,546,684,271,413
2014,Diciembre,CHAMARTÍN,6184,2769,3415,30,13,17,200,108,92,453,214,239,637,285,352,770,354,416,794,354,440,872,413,459,915,411,504,863,348,515,650,269,381
2014,Diciembre,TETUÁN,11283,5499,5784,134,65,69,528,260,268,903,423,480,1307,604,703,1467,695,772,1521,772,749,1677,889,788,1500,739,761,1406,662,744,840,390,450
2014,Diciembre,CHAMBERÍ,6785,3099,3686,50,22,28,236,122,114,654,282,372,831,370,461,896,403,493,855,403,452,876,417,459,895,425,470,853,364,489,639,291,348
2014,Diciembre,FUENCARRAL - EL PARDO,12364,5677,6687,141,88,53,546,264,282,1009,488,521,1344,578,766,1688,727,961,1752,840,912,1650,776,874,1505,728,777,1595,683,912,1134,505,629
2014,Diciembre,MONCLOA - ARAVACA,5568,2602,2966,39,17,22,258,137,121,484,208,276,553,266,287,686,303,383,724,344,380,785,376,409,774,369,405,760,356,404,505,226,279
2014,Diciembre,LATINA,18385,9304,9081,258,151,107,992,496,496,1572,793,779,1969,1004,965,2439,1245,1194,2657,1339,1318,2756,1427,1329,2347,1213,1134,2131,1052,1079,1264,584,680
2014,Diciembre,CARABANCHEL,21353,10692,10661,342,175,167,1218,613,605,1742,843,899,2274,1087,1187,2932,1469,1463,3169,1576,1593,3065,1645,1420,2709,1365,1344,2404,1232,1172,1498,687,811
2014,Diciembre,USERA,12392,6208,6184,204,116,88,788,387,401,1061,513,548,1267,598,669,1682,833,849,1835,874,961,1855,987,868,1542,798,744,1384,738,646,774,364,410
2014,Diciembre,PUENTE DE VALLECAS,24025,12602,11423,509,298,211,1690,879,811,2101,1031,1070,2569,1282,1287,3057,1560,1497,3077,1658,1419,3540,1897,1643,3260,1738,1522,2736,1484,1252,1486,775,711
2014,Diciembre,MORATALAZ,7029,3400,3629,115,69,46,463,262,201,591,295,296,662,315,347,796,367,429,955,468,487,1039,493,546,989,463,526,884,414,470,535,254,281
2014,Diciembre,CIUDAD LINEAL,14759,7243,7516,160,90,70,684,368,316,1100,543,557,1530,714,816,1825,934,891,1892,925,967,2109,1050,1059,2125,1034,1091,2021,960,1061,1313,625,688
2014,Diciembre,HORTALEZA,10201,4758,5443,110,65,45,536,293,243,808,393,415,971,428,543,1344,617,727,1389,588,801,1457,675,782,1376,658,718,1352,648,704,858,393,465
2014,Diciembre,VILLAVERDE,14699,7608,7091,295,168,127,1069,554,515,1241,604,637,1560,793,767,1989,1026,963,2138,1075,1063,2145,1105,1040,1916,1047,869,1570,871,699,776,365,411
2014,Diciembre,VILLA DE VALLECAS,9067,4209,4858,170,104,66,578,304,274,829,396,433,1111,471,640,1449,615,834,1311,605,706,1139,550,589,1005,467,538,947,464,483,528,233,295
2014,Diciembre,VICÁLVARO,5918,2858,3060,120,70,50,389,200,189,426,231,195,564,275,289,802,359,443,992,407,585,977,457,520,735,387,348,619,327,292,294,145,149
2014,Diciembre,SAN BLAS-CANILLEJAS,11797,5849,5948,169,103,66,651,320,331,880,409,471,1053,518,535,1354,658,696,1569,695,874,1902,963,939,1723,933,790,1637,839,798,859,411,448
2014,Diciembre,BARAJAS,2572,1200,1372,20,9,11,116,64,52,185,78,107,261,134,127,322,147,175,335,150,185,339,156,183,349,166,183,354,165,189,291,131,160
2015,Enero,MADRID,230358,112591,117767,3020,1753,1267,12341,6308,6033,19506,9386,10120,24901,11750,13151,30171,14453,15718,31858,15455,16403,32943,16576,16367,30274,15177,15097,27921,13655,14266,17423,8078,9345
2015,Enero,CENTRO,10641,5725,4916,69,43,26,315,151,164,840,414,426,1395,713,682,1579,840,739,1526,813,713,1506,869,637,1368,771,597,1200,672,528,843,439,404
2015,Enero,ARGANZUELA,9874,4613,5261,75,42,33,391,198,193,847,412,435,1182,548,634,1299,591,708,1281,596,685,1392,655,737,1292,632,660,1253,560,693,862,379,483
2015,Enero,RETIRO,5761,2648,3113,41,21,20,227,114,113,468,230,238,657,301,356,707,318,389,745,350,395,776,368,408,758,349,409,792,351,441,590,246,344
2015,Enero,SALAMANCA,6653,2898,3755,34,25,9,239,139,100,582,253,329,746,322,424,819,364,455,814,364,450,897,387,510,903,394,509,935,382,553,684,268,416
2015,Enero,CHAMARTÍN,6306,2836,3470,30,15,15,206,114,92,479,226,253,650,289,361,765,354,411,850,382,468,846,394,452,939,425,514,881,359,522,660,278,382
2015,Enero,TETUÁN,11411,5514,5897,135,63,72,559,271,288,941,430,511,1303,588,715,1500,711,789,1549,791,758,1672,882,790,1515,741,774,1414,660,754,823,377,446
2015,Enero,CHAMBERÍ,6840,3114,3726,51,26,25,232,133,99,684,309,375,854,379,475,908,392,516,863,408,455,877,410,467,882,412,470,841,356,485,648,289,359
2015,Enero,FUENCARRAL - EL PARDO,12518,5731,6787,125,78,47,555,287,268,1059,501,558,1371,580,791,1716,732,984,1788,851,937,1661,796,865,1485,721,764,1603,674,929,1155,511,644
2015,Enero,MONCLOA - ARAVACA,5640,2624,3016,40,18,22,247,122,125,508,232,276,606,292,314,679,297,382,710,330,380,795,384,411,772,367,405,762,352,410,521,230,291
2015,Enero,LATINA,18777,9456,9321,240,145,95,1050,510,540,1629,797,832,2016,1023,993,2460,1253,1207,2720,1380,1340,2795,1448,1347,2420,1230,1190,2164,1075,1089,1283,595,688
2015,Enero,CARABANCHEL,21631,10822,10809,320,163,157,1249,620,629,1806,885,921,2335,1116,1219,2927,1470,1457,3175,1566,1609,3101,1647,1454,2752,1411,1341,2428,1235,1193,1538,709,829
2015,Enero,USERA,12730,6361,6369,225,135,90,817,401,416,1126,539,587,1278,596,682,1722,851,871,1883,893,990,1898,988,910,1603,830,773,1383,749,634,795,379,416
2015,Enero,PUENTE DE VALLECAS,24421,12763,11658,489,281,208,1733,905,828,2184,1064,1120,2641,1297,1344,3063,1556,1507,3174,1703,1471,3516,1877,1639,3305,1757,1548,2800,1524,1276,1516,799,717
2015,Enero,MORATALAZ,7086,3409,3677,111,62,49,425,245,180,606,293,313,673,320,353,808,364,444,984,483,501,1052,493,559,1007,477,530,872,411,461,548,261,287
2015,Enero,CIUDAD LINEAL,15070,7340,7730,177,108,69,680,343,337,1191,584,607,1566,713,853,1876,959,917,1928,952,976,2159,1066,1093,2156,1051,1105,2035,949,1086,1302,615,687
2015,Enero,HORTALEZA,10401,4840,5561,99,63,36,537,273,264,852,430,422,1039,467,572,1350,600,750,1436,621,815,1480,684,796,1365,644,721,1372,648,724,871,410,461
2015,Enero,VILLAVERDE,14887,7646,7241,290,173,117,1079,546,533,1295,635,660,1573,794,779,2007,1012,995,2179,1092,1087,2173,1117,1056,1895,1012,883,1605,895,710,791,370,421
2015,Enero,VILLA DE VALLECAS,9072,4199,4873,166,103,63,596,315,281,842,405,437,1096,468,628,1458,616,842,1312,594,718,1128,544,584,996,460,536,945,468,477,533,226,307
2015,Enero,VICÁLVARO,5914,2839,3075,109,72,37,408,215,193,437,226,211,545,263,282,814,354,460,986,415,571,991,453,538,734,384,350,599,311,288,291,146,145
2015,Enero,SAN BLAS-CANILLEJAS,12070,5960,6110,168,103,65,678,350,328,940,428,512,1108,554,554,1371,655,716,1605,712,893,1885,951,934,1778,943,835,1672,856,816,865,408,457
2015,Enero,BARAJAS,2655,1253,1402,26,14,12,118,56,62,190,93,97,267,127,140,343,164,179,350,159,191,343,163,180,349,166,183,365,168,197,304,143,161
2015,Febrero,MADRID,232005,113022,118983,3263,1863,1400,12947,6667,6280,19921,9515,10406,25247,11852,13395,30219,14437,15782,31900,15404,16496,32946,16552,16394,30165,15042,15123,27932,13618,14314,17465,8072,9393
2015,Febrero,CENTRO,10627,5715,4912,64,38,26,334,161,173,874,439,435,1381,720,661,1571,828,743,1524,812,712,1503,862,641,1362,770,592,1181,655,526,833,430,403
2015,Febrero,ARGANZUELA,9930,4637,5293,83,44,39,408,209,199,871,414,457,1205,561,644,1302,595,707,1287,603,684,1386,648,738,1283,623,660,1251,563,688,854,377,477
2015,Febrero,RETIRO,5726,2614,3112,48,25,23,229,128,101,503,234,269,650,292,358,694,310,384,718,328,390,781,359,422,742,340,402,784,355,429,577,243,334
2015,Febrero,SALAMANCA,6691,2907,3784,39,32,7,244,130,114,586,271,315,764,342,422,833,356,477,805,364,441,906,377,529,906,397,509,938,377,561,670,261,409
2015,Febrero,CHAMARTÍN,6398,2873,3525,45,22,23,220,117,103,489,237,252,680,301,379,785,369,416,823,373,450,851,388,463,971,441,530,879,355,524,655,270,385
2015,Febrero,TETUÁN,11602,5625,5977,156,80,76,582,280,302,990,448,542,1333,615,718,1530,734,796,1590,808,782,1672,878,794,1519,752,767,1409,658,751,821,372,449
2015,Febrero,CHAMBERÍ,6882,3171,3711,56,30,26,241,136,105,703,323,380,868,402,466,920,414,506,867,409,458,862,405,457,882,413,469,836,353,483,647,286,361
2015,Febrero,FUENCARRAL - EL PARDO,12485,5703,6782,140,80,60,589,300,289,1054,489,565,1376,584,792,1685,728,957,1791,847,944,1619,775,844,1493,719,774,1586,677,909,1152,504,648
2015,Febrero,MONCLOA - ARAVACA,5695,2610,3085,44,20,24,254,124,130,517,231,286,608,274,334,693,287,406,710,322,388,797,384,413,777,367,410,762,357,405,533,244,289
2015,Febrero,LATINA,18795,9490,9305,247,147,100,1095,572,523,1614,790,824,2051,1031,1020,2446,1249,1197,2729,1373,1356,2763,1456,1307,2393,1205,1188,2160,1063,1097,1297,604,693
2015,Febrero,CARABANCHEL,21947,10929,11018,336,168,168,1376,700,676,1853,895,958,2390,1136,1254,2928,1445,1483,3246,1603,1643,3105,1649,1456,2719,1388,1331,2468,1246,1222,1526,699,827
2015,Febrero,USERA,12860,6401,6459,249,141,108,853,421,432,1131,538,593,1299,608,691,1697,836,861,1887,894,993,1930,999,931,1626,840,786,1380,736,644,808,388,420
2015,Febrero,PUENTE DE VALLECAS,24628,12726,11902,533,300,233,1824,945,879,2214,1061,1153,2671,1299,1372,3069,1544,1525,3201,1700,1501,3508,1848,1660,3255,1710,1545,2811,1522,1289,1542,797,745
2015,Febrero,MORATALAZ,7076,3382,3694,118,61,57,461,259,202,604,290,314,675,321,354,808,365,443,965,467,498,1035,490,545,995,463,532,875,409,466,540,257,283
2015,Febrero,CIUDAD LINEAL,15286,7387,7899,178,105,73,737,370,367,1217,603,614,1573,700,873,1900,957,943,1922,932,990,2208,1094,1114,2161,1043,1118,2069,966,1103,1321,617,704
2015,Febrero,HORTALEZA,10447,4831,5616,111,76,35,563,292,271,887,435,452,1048,453,595,1342,585,757,1424,606,818,1466,690,776,1374,635,739,1365,652,713,867,407,460
2015,Febrero,VILLAVERDE,14929,7624,7305,304,183,121,1071,536,535,1331,638,693,1601,787,814,1990,1018,972,2167,1075,1092,2167,1106,1061,1874,1004,870,1609,901,708,815,376,439
2015,Febrero,VILLA DE VALLECAS,9199,4256,4943,181,116,65,615,323,292,886,411,475,1104,471,633,1510,653,857,1299,580,719,1146,559,587,984,455,529,942,459,483,532,229,303
2015,Febrero,VICÁLVARO,5948,2842,3106,118,70,48,414,227,187,434,225,209,558,256,302,813,345,468,980,418,562,997,457,540,748,391,357,605,308,297,281,145,136
2015,Febrero,SAN BLAS-CANILLEJAS,12172,6035,6137,187,108,79,711,380,331,968,453,515,1138,564,574,1357,653,704,1612,732,880,1892,958,934,1749,920,829,1672,848,824,886,419,467
2015,Febrero,BARAJAS,2682,1264,1418,26,17,9,126,57,69,195,90,105,274,135,139,346,166,180,353,158,195,352,170,182,352,166,186,350,158,192,308,147,161
2015,Marzo,MADRID,230518,111844,118674,3326,1913,1413,13020,6721,6299,19692,9304,10388,24801,11581,13220,29792,14110,15682,31667,15163,16504,32626,16369,16257,30088,14950,15138,27966,13634,14332,17540,8099,9441
2015,Marzo,CENTRO,10401,5591,4810,71,40,31,317,154,163,855,422,433,1337,690,647,1505,789,716,1509,812,697,1484,871,613,1338,746,592,1173,653,520,812,414,398
2015,Marzo,ARGANZUELA,9826,4577,5249,82,48,34,426,228,198,867,397,470,1155,546,609,1296,590,706,1245,571,674,1384,636,748,1270,617,653,1246,562,684,855,382,473
2015,Marzo,RETIRO,5644,2579,3065,43,26,17,234,131,103,477,234,243,616,276,340,685,298,387,715,317,398,772,364,408,725,332,393,782,344,438,595,257,338
2015,Marzo,SALAMANCA,6671,2908,3763,44,36,8,223,114,109,569,268,301,786,340,446,848,376,472,822,365,457,885,385,500,909,392,517,921,370,551,664,262,402
2015,Marzo,CHAMARTÍN,6331,2846,3485,44,23,21,220,124,96,463,209,254,656,299,357,792,366,426,821,363,458,847,388,459,940,427,513,893,370,523,655,277,378
2015,Marzo,TETUÁN,11576,5592,5984,166,85,81,593,288,305,1011,454,557,1328,605,723,1469,700,769,1588,803,785,1640,859,781,1519,753,766,1417,666,751,845,379,466
2015,Marzo,CHAMBERÍ,6793,3106,3687,54,30,24,230,127,103,713,323,390,869,410,459,883,385,498,846,385,461,862,397,465,870,412,458,833,356,477,633,281,352
2015,Marzo,FUENCARRAL - EL PARDO,12299,5571,6728,129,72,57,589,295,294,1011,459,552,1334,550,784,1653,718,935,1767,824,943,1602,755,847,1494,720,774,1570,673,897,1150,505,645
2015,Marzo,MONCLOA - ARAVACA,5622,2561,3061,40,22,18,254,115,139,476,204,272,591,263,328,674,281,393,714,320,394,791,384,407,788,377,411,759,350,409,535,245,290
2015,Marzo,LATINA,18658,9340,9318,259,155,104,1114,578,536,1609,771,838,1986,992,994,2411,1211,1200,2700,1347,1353,2736,1429,1307,2363,1174,1189,2168,1064,1104,1312,619,693
2015,Marzo,CARABANCHEL,21859,10879,10980,327,166,161,1402,734,668,1862,906,956,2343,1096,1247,2906,1448,1458,3207,1567,1640,3086,1625,1461,2741,1415,1326,2472,1232,1240,1513,690,823
2015,Marzo,USERA,12892,6398,6494,262,155,107,894,433,461,1129,537,592,1294,610,684,1675,814,861,1892,900,992,1903,965,938,1644,852,792,1386,743,643,813,389,424
2015,Marzo,PUENTE DE VALLECAS,24556,12674,11882,564,310,254,1811,935,876,2216,1054,1162,2666,1308,1358,3071,1536,1535,3158,1678,1480,3439,1841,1598,3248,1696,1552,2838,1527,1311,1545,789,756
2015,Marzo,MORATALAZ,7035,3330,3705,123,65,58,463,258,205,600,285,315,663,310,353,758,331,427,938,460,478,1052,487,565,1009,468,541,869,401,468,560,265,295
2015,Marzo,CIUDAD LINEAL,15180,7353,7827,172,107,65,743,391,352,1194,585,609,1557,697,860,1853,927,926,1919,924,995,2181,1087,1094,2174,1051,1123,2057,967,1090,1330,617,713
2015,Marzo,HORTALEZA,10465,4791,5674,126,83,43,555,296,259,862,409,453,1025,451,574,1357,572,785,1433,602,831,1472,680,792,1376,632,744,1384,663,721,875,403,472
2015,Marzo,VILLAVERDE,14889,7580,7309,311,185,126,1046,515,531,1291,612,679,1577,778,799,1998,1009,989,2165,1075,1090,2168,1120,1048,1892,1008,884,1624,899,725,817,379,438
2015,Marzo,VILLA DE VALLECAS,9131,4228,4903,168,102,66,614,324,290,868,408,460,1085,454,631,1471,647,824,1313,577,736,1142,563,579,962,444,518,950,473,477,558,236,322
2015,Marzo,VICÁLVARO,5937,2817,3120,125,72,53,427,233,194,427,216,211,562,255,307,799,341,458,970,405,565,985,447,538,758,392,366,598,307,291,286,149,137
2015,Marzo,SAN BLAS-CANILLEJAS,12115,5886,6229,185,109,76,746,395,351,985,456,529,1124,532,592,1354,614,740,1600,719,881,1850,926,924,1722,872,850,1673,851,822,876,412,464
2015,Marzo,BARAJAS,2638,1237,1401,31,22,9,119,53,66,207,95,112,247,119,128,334,157,177,345,149,196,345,160,185,346,170,176,353,163,190,311,149,162
2015,Abril,MADRID,225164,108873,116291,3273,1843,1430,12696,6586,6110,18967,8957,10010,23931,11157,12774,28838,13601,15237,30696,14597,16099,31870,15895,15975,29670,14721,14949,27701,13407,14294,17522,8109,9413
2015,Abril,CENTRO,10156,5432,4724,73,39,34,314,167,147,797,375,422,1284,655,629,1462,764,698,1472,798,674,1466,848,618,1320,734,586,1164,641,523,804,411,393
2015,Abril,ARGANZUELA,9575,4479,5096,78,46,32,425,233,192,817,383,434,1103,523,580,1223,550,673,1239,586,653,1358,616,742,1271,628,643,1218,536,682,843,378,465
2015,Abril,RETIRO,5584,2513,3071,35,21,14,227,127,100,507,240,267,621,285,336,684,294,390,685,296,389,749,346,403,720,317,403,771,340,431,585,247,338
2015,Abril,SALAMANCA,6504,2818,3686,48,34,14,208,111,97,541,255,286,781,331,450,825,364,461,798,343,455,862,369,493,863,381,482,914,372,542,664,258,406
2015,Abril,CHAMARTÍN,6148,2762,3386,42,20,22,208,113,95,443,206,237,622,301,321,755,346,409,787,355,432,844,384,460,922,411,511,880,359,521,645,267,378
2015,Abril,TETUÁN,11294,5427,5867,149,73,76,569,283,286,932,415,517,1318,599,719,1421,679,742,1523,744,779,1612,834,778,1512,758,754,1414,666,748,844,376,468
2015,Abril,CHAMBERÍ,6632,3035,3597,52,31,21,231,115,116,660,301,359,855,400,455,853,374,479,804,380,424,846,388,458,879,422,457,819,350,469,633,274,359
2015,Abril,FUENCARRAL - EL PARDO,12029,5460,6569,135,73,62,571,286,285,996,472,524,1251,525,726,1615,707,908,1716,797,919,1564,731,833,1481,704,777,1540,660,880,1160,505,655
2015,Abril,MONCLOA - ARAVACA,5491,2532,2959,43,27,16,232,100,132,473,204,269,552,250,302,657,283,374,709,334,375,772,387,385,784,366,418,744,336,408,525,245,280
2015,Abril,LATINA,18225,9118,9107,265,158,107,1116,582,534,1562,765,797,1897,949,948,2347,1173,1174,2544,1240,1304,2683,1408,1275,2303,1146,1157,2177,1063,1114,1331,634,697
2015,Abril,CARABANCHEL,21352,10552,10800,337,162,175,1361,716,645,1789,856,933,2234,1025,1209,2806,1376,1430,3131,1528,1603,3007,1574,1433,2713,1394,1319,2447,1214,1233,1527,707,820
2015,Abril,USERA,12471,6169,6302,222,130,92,865,422,443,1077,493,584,1224,567,657,1620,787,833,1833,873,960,1869,948,921,1575,820,755,1364,727,637,822,402,420
2015,Abril,PUENTE DE VALLECAS,23974,12274,11700,554,298,256,1742,904,838,2165,1024,1141,2529,1224,1305,2984,1482,1502,3044,1600,1444,3350,1765,1585,3230,1666,1564,2828,1520,1308,1548,791,757
2015,Abril,MORATALAZ,6938,3282,3656,118,67,51,458,266,192,592,275,317,667,321,346,735,321,414,915,441,474,1007,476,531,1024,461,563,867,392,475,555,262,293
2015,Abril,CIUDAD LINEAL,14842,7186,7656,153,96,57,746,409,337,1145,550,595,1508,672,836,1799,913,886,1881,888,993,2141,1069,1072,2132,1039,1093,2031,935,1096,1306,615,691
2015,Abril,HORTALEZA,10273,4758,5515,142,91,51,553,300,253,817,404,413,1032,476,556,1282,536,746,1417,606,811,1441,672,769,1343,624,719,1371,644,727,875,405,470
2015,Abril,VILLAVERDE,14410,7248,7162,312,181,131,995,491,504,1230,579,651,1518,731,787,1922,945,977,2081,1011,1070,2074,1047,1027,1848,996,852,1623,894,729,807,373,434
2015,Abril,VILLA DE VALLECAS,8965,4097,4868,183,103,80,597,310,287,850,402,448,1048,432,616,1436,621,815,1294,555,739,1110,531,579,936,429,507,941,470,471,570,244,326
2015,Abril,VICÁLVARO,5811,2761,3050,117,67,50,411,221,190,421,217,204,556,253,303,782,341,441,929,390,539,953,423,530,763,395,368,592,301,291,287,153,134
2015,Abril,SAN BLAS-CANILLEJAS,11914,5765,6149,191,106,85,752,381,371,951,446,505,1078,513,565,1311,604,707,1558,683,875,1835,928,907,1701,862,839,1648,827,821,889,415,474
2015,Abril,BARAJAS,2576,1205,1371,24,20,4,115,49,66,202,95,107,253,125,128,319,141,178,336,149,187,327,151,176,350,168,182,348,160,188,302,147,155
2015,Mayo,MADRID,217795,104667,113128,3261,1836,1425,12037,6214,5823,18088,8483,9605,22922,10597,12325,27410,12814,14596,29439,13826,15613,30898,15341,15557,28998,14316,14682,27373,13231,14142,17369,8009,9360
2015,Mayo,CENTRO,9826,5256,4570,62,35,27,290,155,135,740,350,390,1227,635,592,1387,727,660,1427,761,666,1440,838,602,1303,726,577,1139,615,524,811,414,397
2015,Mayo,ARGANZUELA,9231,4264,4967,85,47,38,378,204,174,790,354,436,1068,508,560,1178,518,660,1151,538,613,1281,590,691,1251,601,650,1228,548,680,821,356,465
2015,Mayo,RETIRO,5373,2450,2923,28,18,10,216,115,101,461,211,250,597,275,322,648,293,355,669,293,376,729,349,380,702,318,384,748,331,417,575,247,328
2015,Mayo,SALAMANCA,6277,2691,3586,53,37,16,191,100,91,514,232,282,747,310,437,780,334,446,749,305,444,836,365,471,853,384,469,898,376,522,656,248,408
2015,Mayo,CHAMARTÍN,5928,2652,3276,32,16,16,209,110,99,430,201,229,622,301,321,719,329,390,732,329,403,808,357,451,903,398,505,851,353,498,622,258,364
2015,Mayo,TETUÁN,10892,5244,5648,148,71,77,552,287,265,886,388,498,1252,570,682,1349,636,713,1448,717,731,1552,804,748,1470,736,734,1388,657,731,847,378,469
2015,Mayo,CHAMBERÍ,6443,2922,3521,47,25,22,204,104,100,657,294,363,792,371,421,849,364,485,778,357,421,831,375,456,841,397,444,835,379,456,609,256,353
2015,Mayo,FUENCARRAL - EL PARDO,11723,5297,6426,142,77,65,533,271,262,945,439,506,1211,513,698,1552,682,870,1707,780,927,1522,703,819,1445,691,754,1526,654,872,1140,487,653
2015,Mayo,MONCLOA - ARAVACA,5267,2399,2868,45,26,19,206,89,117,464,196,268,522,242,280,640,267,373,655,307,348,746,360,386,761,351,410,718,324,394,510,237,273
2015,Mayo,LATINA,17572,8720,8852,267,158,109,1072,544,528,1483,738,745,1822,877,945,2157,1060,1097,2454,1201,1253,2624,1370,1254,2202,1091,1111,2177,1046,1131,1314,635,679
2015,Mayo,CARABANCHEL,20499,10095,10404,328,167,161,1263,658,605,1672,795,877,2118,983,1135,2663,1302,1361,2980,1418,1562,2915,1526,1389,2623,1330,1293,2409,1202,1207,1528,714,814
2015,Mayo,USERA,12029,5871,6158,217,128,89,831,413,418,1025,471,554,1164,509,655,1515,708,807,1736,809,927,1795,905,890,1539,796,743,1373,729,644,834,403,431
2015,Mayo,PUENTE DE VALLECAS,23292,11856,11436,554,304,250,1657,846,811,2102,1006,1096,2461,1184,1277,2787,1376,1411,2926,1512,1414,3275,1711,1564,3183,1629,1554,2791,1492,1299,1556,796,760
2015,Mayo,MORATALAZ,6704,3144,3560,108,64,44,426,239,187,556,259,297,618,286,332,686,301,385,885,420,465,1011,465,546,1010,461,549,849,385,464,555,264,291
2015,Mayo,CIUDAD LINEAL,14318,6903,7415,170,99,71,696,382,314,1092,530,562,1406,638,768,1750,889,861,1803,854,949,2068,1026,1042,2056,984,1072,1981,897,1084,1296,604,692
2015,Mayo,HORTALEZA,9903,4567,5336,139,89,50,521,284,237,792,377,415,991,459,532,1213,516,697,1329,571,758,1378,640,738,1330,613,717,1351,623,728,859,395,464
2015,Mayo,VILLAVERDE,14090,7066,7024,333,188,145,983,484,499,1172,555,617,1503,720,783,1871,919,952,1991,943,1048,1995,1012,983,1839,996,843,1591,880,711,812,369,443
2015,Mayo,VILLA DE VALLECAS,8786,3970,4816,181,100,81,579,295,284,828,397,431,1052,433,619,1351,572,779,1277,546,731,1098,510,588,923,422,501,927,447,480,570,248,322
2015,Mayo,VICÁLVARO,5665,2665,3000,117,69,48,409,229,180,408,206,202,521,220,301,756,327,429,916,382,534,925,409,516,736,373,363,589,295,294,288,155,133
2015,Mayo,SAN BLAS-CANILLEJAS,11525,5501,6024,179,99,80,720,363,357,898,412,486,1002,454,548,1245,551,694,1503,644,859,1767,881,886,1686,854,832,1661,842,819,864,401,463
2015,Mayo,BARAJAS,2452,1134,1318,26,19,7,101,42,59,173,72,101,226,109,117,314,143,171,323,139,184,302,145,157,342,165,177,343,156,187,302,144,158
2015,Junio,MADRID,212389,100861,111528,3341,1856,1485,11098,5690,5408,17099,7957,9142,22142,10073,12069,26640,12355,14285,28704,13228,15476,30377,14821,15556,28522,13859,14663,27152,13100,14052,17314,7922,9392
2015,Junio,CENTRO,9567,5085,4482,59,32,27,262,134,128,702,323,379,1179,611,568,1384,700,684,1366,736,630,1397,814,583,1273,698,575,1128,616,512,817,421,396
2015,Junio,ARGANZUELA,8994,4102,4892,86,47,39,345,192,153,710,313,397,1034,477,557,1136,490,646,1153,533,620,1258,562,696,1190,558,632,1252,571,681,830,359,471
2015,Junio,RETIRO,5203,2340,2863,26,18,8,185,98,87,412,181,231,575,264,311,650,287,363,625,274,351,720,331,389,703,319,384,746,331,415,561,237,324
2015,Junio,SALAMANCA,6098,2658,3440,43,31,12,180,104,76,444,202,242,725,317,408,760,336,424,720,303,417,822,367,455,855,371,484,891,379,512,658,248,410
2015,Junio,CHAMARTÍN,5745,2537,3208,32,18,14,179,94,85,407,192,215,554,258,296,705,317,388,712,304,408,800,345,455,922,410,512,812,340,472,622,259,363
2015,Junio,TETUÁN,10583,5100,5483,153,80,73,488,249,239,819,355,464,1209,556,653,1319,630,689,1419,679,740,1484,769,715,1475,738,737,1383,668,715,834,376,458
2015,Junio,CHAMBERÍ,6128,2733,3395,59,30,29,159,81,78,579,253,326,755,339,416,777,337,440,755,351,404,814,351,463,811,377,434,818,361,457,601,253,348
2015,Junio,FUENCARRAL - EL PARDO,11505,5079,6426,121,62,59,482,236,246,896,419,477,1138,462,676,1539,646,893,1709,771,938,1535,685,850,1421,660,761,1514,649,865,1150,489,661
2015,Junio,MONCLOA - ARAVACA,5142,2352,2790,55,32,23,181,85,96,444,192,252,498,227,271,629,276,353,641,295,346,711,337,374,756,351,405,721,324,397,506,233,273
2015,Junio,LATINA,17132,8421,8711,272,170,102,954,472,482,1402,687,715,1813,879,934,2139,1019,1120,2359,1141,1218,2563,1335,1228,2189,1078,1111,2126,1008,1118,1315,632,683
2015,Junio,CARABANCHEL,19948,9684,10264,358,174,184,1154,585,569,1566,731,835,2063,942,1121,2578,1244,1334,2893,1358,1535,2860,1456,1404,2561,1293,1268,2386,1193,1193,1529,708,821
2015,Junio,USERA,11823,5672,6151,237,135,102,808,393,415,999,460,539,1134,488,646,1476,695,781,1709,768,941,1750,860,890,1506,765,741,1375,719,656,829,389,440
2015,Junio,PUENTE DE VALLECAS,22746,11392,11354,557,286,271,1584,822,762,2019,943,1076,2372,1102,1270,2702,1337,1365,2872,1444,1428,3225,1647,1578,3132,1581,1551,2751,1450,1301,1532,780,752
2015,Junio,MORATALAZ,6615,3069,3546,114,70,44,414,233,181,535,249,286,605,276,329,652,286,366,877,395,482,995,452,543,1002,452,550,858,392,466,563,264,299
2015,Junio,CIUDAD LINEAL,13950,6630,7320,180,109,71,631,334,297,1048,510,538,1362,614,748,1661,827,834,1756,820,936,2010,981,1029,2016,951,1065,1982,895,1087,1304,589,715
2015,Junio,HORTALEZA,9674,4381,5293,136,86,50,439,238,201,787,365,422,954,431,523,1184,496,688,1300,541,759,1388,642,746,1316,590,726,1328,606,722,842,386,456
2015,Junio,VILLAVERDE,13765,6800,6965,332,184,148,914,447,467,1156,550,606,1466,685,781,1798,887,911,1915,890,1025,2001,980,1021,1820,956,864,1566,863,703,797,358,439
2015,Junio,VILLA DE VALLECAS,8586,3828,4758,201,111,90,565,287,278,775,362,413,1013,396,617,1295,548,747,1251,531,720,1080,496,584,903,401,502,933,449,484,570,247,323
2015,Junio,VICÁLVARO,5574,2560,3014,130,69,61,401,221,180,404,206,198,500,205,295,724,313,411,892,349,543,934,405,529,703,342,361,599,302,297,287,148,139
2015,Junio,SAN BLAS-CANILLEJAS,11221,5312,5909,168,95,73,670,331,339,831,387,444,972,443,529,1229,537,692,1468,612,856,1731,866,865,1639,815,824,1643,826,817,870,400,470
2015,Junio,BARAJAS,2390,1126,1264,22,17,5,103,54,49,164,77,87,221,101,120,303,147,156,312,133,179,299,140,159,329,153,176,340,158,182,297,146,151
2015,Julio,MADRID,211198,98429,112769,3474,1867,1607,11125,5596,5529,17025,7672,9353,21893,9602,12291,26523,12030,14493,28606,12931,15675,30119,14451,15668,28243,13515,14728,26888,12885,14003,17302,7880,9422
2015,Julio,CENTRO,9687,5121,4566,60,34,26,263,131,132,711,319,392,1171,570,601,1425,754,671,1400,761,639,1432,820,612,1295,707,588,1115,607,508,815,418,397
2015,Julio,ARGANZUELA,9115,4076,5039,90,48,42,337,180,157,714,298,416,1045,459,586,1178,506,672,1188,540,648,1289,576,713,1210,553,657,1228,554,674,836,362,474
2015,Julio,RETIRO,5273,2346,2927,34,22,12,194,104,90,393,181,212,572,247,325,678,303,375,644,272,372,733,329,404,699,313,386,758,338,420,568,237,331
2015,Julio,SALAMANCA,6205,2627,3578,45,26,19,183,99,84,475,205,270,729,305,424,772,338,434,745,309,436,834,351,483,847,360,487,925,392,533,650,242,408
2015,Julio,CHAMARTÍN,5841,2527,3314,41,21,20,193,95,98,395,176,219,578,258,320,730,313,417,736,307,429,802,343,459,936,412,524,811,348,463,619,254,365
2015,Julio,TETUÁN,10513,4953,5560,152,77,75,479,243,236,839,344,495,1189,541,648,1280,590,690,1384,649,735,1504,769,735,1466,716,750,1387,662,725,833,362,471
2015,Julio,CHAMBERÍ,6188,2722,3466,65,33,32,190,88,102,541,225,316,768,337,431,789,350,439,771,349,422,790,332,458,840,392,448,807,355,452,627,261,366
2015,Julio,FUENCARRAL - EL PARDO,11486,4981,6505,125,62,63,495,241,254,883,410,473,1126,436,690,1550,645,905,1731,750,981,1521,676,845,1414,639,775,1505,642,863,1136,480,656
2015,Julio,MONCLOA - ARAVACA,5126,2259,2867,39,19,20,187,82,105,448,194,254,516,215,301,613,242,371,645,282,363,702,327,375,741,340,401,718,321,397,517,237,280
2015,Julio,LATINA,16984,8158,8826,289,182,107,935,466,469,1420,664,756,1751,786,965,2117,978,1139,2349,1119,1230,2544,1272,1272,2144,1053,1091,2092,1003,1089,1343,635,708
2015,Julio,CARABANCHEL,19658,9397,10261,386,185,201,1120,559,561,1560,717,843,2005,899,1106,2510,1162,1348,2862,1303,1559,2841,1460,1381,2493,1224,1269,2369,1186,1183,1512,702,810
2015,Julio,USERA,11660,5532,6128,254,133,121,812,394,418,981,450,531,1140,490,650,1458,662,796,1646,722,924,1688,829,859,1491,757,734,1356,704,652,834,391,443
2015,Julio,PUENTE DE VALLECAS,22377,11086,11291,585,294,291,1614,835,779,1975,920,1055,2331,1075,1256,2650,1293,1357,2776,1373,1403,3150,1600,1550,3051,1502,1549,2728,1420,1308,1517,774,743
2015,Julio,MORATALAZ,6577,3001,3576,112,65,47,448,241,207,558,260,298,576,257,319,639,271,368,869,380,489,962,430,532,1015,457,558,842,382,460,556,258,298
2015,Julio,CIUDAD LINEAL,13910,6441,7469,179,106,73,636,305,331,1110,521,589,1368,588,780,1643,796,847,1771,822,949,1959,931,1028,2002,930,1072,1952,870,1082,1290,572,718
2015,Julio,HORTALEZA,9704,4253,5451,134,78,56,467,247,220,766,332,434,953,405,548,1177,481,696,1309,536,773,1408,612,796,1344,598,746,1312,579,733,834,385,449
2015,Julio,VILLAVERDE,13482,6556,6926,341,185,156,885,418,467,1088,491,597,1415,652,763,1804,877,927,1876,864,1012,1975,953,1022,1766,915,851,1519,830,689,813,371,442
2015,Julio,VILLA DE VALLECAS,8336,3635,4701,198,112,86,522,258,264,776,336,440,959,365,594,1287,527,760,1203,501,702,1052,469,583,872,390,482,900,429,471,567,248,319
2015,Julio,VICÁLVARO,5591,2498,3093,136,72,64,410,227,183,422,199,223,499,195,304,707,288,419,913,349,564,936,405,531,684,323,361,595,292,303,289,148,141
2015,Julio,SAN BLAS-CANILLEJAS,11093,5177,5916,181,96,85,658,334,324,808,365,443,990,431,559,1220,513,707,1463,614,849,1679,825,854,1605,788,817,1623,809,814,866,402,464
2015,Julio,BARAJAS,2392,1083,1309,28,17,11,97,49,48,162,65,97,212,91,121,296,141,155,325,129,196,318,142,176,328,146,182,346,162,184,280,141,139
2015,Agosto,MADRID,213287,98786,114501,3409,1812,1597,11380,5653,5727,17518,7744,9774,22214,9702,12512,26986,12114,14872,28732,12905,15827,30329,14487,15842,28404,13579,14825,26902,12831,14071,17413,7959,9454
2015,Agosto,CENTRO,9832,5140,4692,64,36,28,275,137,138,731,320,411,1210,575,635,1430,748,682,1433,773,660,1453,838,615,1297,688,609,1121,608,513,818,417,401
2015,Agosto,ARGANZUELA,9236,4117,5119,83,45,38,343,177,166,745,318,427,1054,457,597,1238,529,709,1214,536,678,1273,560,713,1220,563,657,1232,563,669,834,369,465
2015,Agosto,RETIRO,5397,2341,3056,35,23,12,216,105,111,411,186,225,609,255,354,703,290,413,648,263,385,731,330,401,707,314,393,754,328,426,583,247,336
2015,Agosto,SALAMANCA,6218,2600,3618,43,27,16,197,108,89,506,209,297,717,301,416,780,329,451,750,304,446,829,349,480,837,352,485,919,386,533,640,235,405
2015,Agosto,CHAMARTÍN,5995,2583,3412,41,21,20,212,107,105,399,168,231,596,254,342,752,329,423,744,305,439,825,357,468,965,436,529,836,354,482,625,252,373
2015,Agosto,TETUÁN,10499,4873,5626,141,72,69,483,244,239,839,338,501,1198,525,673,1286,574,712,1386,649,737,1496,761,735,1458,696,762,1362,639,723,850,375,475
2015,Agosto,CHAMBERÍ,6338,2771,3567,56,26,30,210,87,123,569,237,332,797,350,447,806,360,446,783,346,437,809,343,466,863,398,465,819,363,456,626,261,365
2015,Agosto,FUENCARRAL - EL PARDO,11717,5043,6674,129,64,65,522,249,273,928,406,522,1180,474,706,1623,662,961,1730,762,968,1567,696,871,1408,629,779,1488,619,869,1142,482,660
2015,Agosto,MONCLOA - ARAVACA,5259,2338,2921,42,23,19,201,89,112,483,210,273,543,230,313,599,241,358,670,289,381,732,341,391,755,352,403,715,324,391,519,239,280
2015,Agosto,LATINA,17160,8166,8994,278,169,109,994,483,511,1421,645,776,1761,775,986,2154,997,1157,2334,1104,1230,2575,1277,1298,2188,1074,1114,2095,999,1096,1360,643,717
2015,Agosto,CARABANCHEL,19747,9339,10408,370,169,201,1146,565,581,1589,718,871,2014,894,1120,2558,1163,1395,2831,1277,1554,2831,1442,1389,2499,1215,1284,2384,1188,1196,1525,708,817
2015,Agosto,USERA,11709,5569,6140,252,127,125,813,403,410,989,447,542,1142,493,649,1477,673,804,1650,722,928,1685,832,853,1516,776,740,1336,701,635,849,395,454
2015,Agosto,PUENTE DE VALLECAS,22450,11086,11364,568,291,277,1620,815,805,2035,942,1093,2366,1101,1265,2658,1285,1373,2792,1374,1418,3120,1575,1545,3036,1492,1544,2740,1428,1312,1515,783,732
2015,Agosto,MORATALAZ,6646,3006,3640,114,64,50,436,217,219,575,268,307,600,272,328,655,271,384,872,384,488,976,430,546,1004,456,548,860,388,472,554,256,298
2015,Agosto,CIUDAD LINEAL,13948,6427,7521,182,107,75,637,318,319,1133,503,630,1366,591,775,1683,809,874,1739,783,956,1981,920,1061,2007,951,1056,1922,869,1053,1298,576,722
2015,Agosto,HORTALEZA,9961,4341,5620,127,69,58,500,261,239,823,350,473,971,409,562,1247,502,745,1334,533,801,1430,626,804,1377,616,761,1314,581,733,838,394,444
2015,Agosto,VILLAVERDE,13431,6506,6925,325,168,157,882,425,457,1133,502,631,1372,633,739,1794,875,919,1896,875,1021,1953,931,1022,1756,918,838,1505,806,699,815,373,442
2015,Agosto,VILLA DE VALLECAS,8456,3675,4781,205,113,92,523,259,264,780,328,452,988,367,621,1319,542,777,1222,504,718,1068,484,584,881,397,484,903,428,475,567,253,314
2015,Agosto,VICÁLVARO,5571,2482,3089,129,72,57,396,210,186,427,210,217,480,192,288,712,289,423,908,345,563,926,404,522,698,327,371,593,279,314,302,154,148
2015,Agosto,SAN BLAS-CANILLEJAS,11304,5271,6033,197,108,89,674,341,333,844,371,473,1021,453,568,1209,503,706,1476,643,833,1740,838,902,1621,792,829,1637,808,829,885,414,471
2015,Agosto,BARAJAS,2413,1112,1301,28,18,10,100,53,47,158,68,90,229,101,128,303,143,160,320,134,186,329,153,176,311,137,174,367,172,195,268,133,135
2015,Septiembre,MADRID,212309,99502,112807,3671,1956,1715,12448,6210,6238,17582,7989,9593,21598,9683,11915,26452,12015,14437,28183,12807,15376,29765,14311,15454,28372,13703,14669,26829,12868,13961,17409,7960,9449
2015,Septiembre,CENTRO,9583,5029,4554,81,43,38,296,151,145,723,316,407,1163,567,596,1361,695,666,1371,750,621,1401,810,591,1274,676,598,1089,598,491,824,423,401
2015,Septiembre,ARGANZUELA,9018,4083,4935,91,46,45,417,211,206,740,330,410,996,462,534,1178,515,663,1151,502,649,1213,529,684,1186,556,630,1201,560,641,845,372,473
2015,Septiembre,RETIRO,5283,2300,2983,37,25,12,221,109,112,430,182,248,574,249,325,677,278,399,616,252,364,701,317,384,706,314,392,731,325,406,590,249,341
2015,Septiembre,SALAMANCA,6130,2632,3498,41,26,15,229,120,109,481,218,263,711,313,398,765,334,431,725,293,432,804,342,462,845,364,481,889,380,509,640,242,398
2015,Septiembre,CHAMARTÍN,5833,2540,3293,37,22,15,237,112,125,402,184,218,572,251,321,723,328,395,705,292,413,803,349,454,927,408,519,817,348,469,610,246,364
2015,Septiembre,TETUÁN,10444,4945,5499,134,72,62,520,266,254,838,356,482,1163,537,626,1272,579,693,1371,651,720,1461,746,715,1490,731,759,1353,633,720,842,374,468
2015,Septiembre,CHAMBERÍ,6208,2773,3435,44,21,23,235,117,118,574,258,316,772,344,428,765,336,429,760,350,410,790,339,451,829,391,438,828,365,463,611,252,359
2015,Septiembre,FUENCARRAL - EL PARDO,11543,5045,6498,142,78,64,573,269,304,921,421,500,1128,465,663,1535,649,886,1703,744,959,1533,692,841,1388,636,752,1480,617,863,1140,474,666
2015,Septiembre,MONCLOA - ARAVACA,5155,2301,2854,47,24,23,244,98,146,471,209,262,497,223,274,588,235,353,643,283,360,716,338,378,732,338,394,709,317,392,508,236,272
2015,Septiembre,LATINA,17248,8290,8958,299,173,126,1090,528,562,1450,680,770,1715,778,937,2149,1009,1140,2326,1131,1195,2553,1261,1292,2223,1093,1130,2105,1007,1098,1338,630,708
2015,Septiembre,CARABANCHEL,19856,9477,10379,409,192,217,1267,631,636,1617,745,872,1988,888,1100,2546,1176,1370,2786,1270,1516,2810,1431,1379,2520,1246,1274,2387,1192,1195,1526,706,820
2015,Septiembre,USERA,11952,5750,6202,248,120,128,834,418,416,1042,475,567,1161,523,638,1521,710,811,1680,743,937,1696,847,849,1544,785,759,1363,720,643,863,409,454
2015,Septiembre,PUENTE DE VALLECAS,22674,11275,11399,654,332,322,1685,851,834,2044,962,1082,2286,1059,1227,2683,1302,1381,2770,1366,1404,3134,1601,1533,3089,1546,1543,2803,1464,1339,1526,792,734
2015,Septiembre,MORATALAZ,6527,2983,3544,131,72,59,471,239,232,544,259,285,562,259,303,640,268,372,841,372,469,956,421,535,983,460,523,853,381,472,546,252,294
2015,Septiembre,CIUDAD LINEAL,13901,6449,7452,202,107,95,738,355,383,1115,497,618,1344,617,727,1689,811,878,1719,784,935,1893,883,1010,1987,946,1041,1917,872,1045,1297,577,720
2015,Septiembre,HORTALEZA,9772,4362,5410,126,69,57,552,301,251,773,352,421,935,413,522,1187,483,704,1303,549,754,1386,611,775,1349,601,748,1323,595,728,838,388,450
2015,Septiembre,VILLAVERDE,13578,6615,6963,363,195,168,1014,506,508,1118,496,622,1384,624,760,1736,848,888,1884,877,1007,1947,954,993,1790,927,863,1511,808,703,831,380,451
2015,Septiembre,VILLA DE VALLECAS,8472,3743,4729,208,118,90,570,278,292,800,354,446,985,396,589,1292,549,743,1195,508,687,1053,465,588,890,401,489,910,425,485,569,249,320
2015,Septiembre,VICÁLVARO,5503,2458,3045,135,75,60,425,232,193,431,207,224,478,184,294,675,267,408,880,333,547,891,380,511,704,345,359,578,277,301,306,158,148
2015,Septiembre,SAN BLAS-CANILLEJAS,11279,5374,5905,215,129,86,731,373,358,904,418,486,963,429,534,1189,516,673,1430,628,802,1693,832,861,1613,808,805,1639,817,822,902,424,478
2015,Septiembre,BARAJAS,2350,1078,1272,27,17,10,99,45,54,164,70,94,221,102,119,281,127,154,324,129,195,331,163,168,303,131,172,343,167,176,257,127,130
2015,Octubre,MADRID,214338,100807,113531,3595,2002,1593,12869,6509,6360,18272,8369,9903,21839,9835,12004,26419,12024,14395,28323,12940,15383,30019,14483,15536,28587,13780,14807,26914,12898,14016,17501,7967,9534
2015,Octubre,CENTRO,9592,5092,4500,79,51,28,339,176,163,728,336,392,1142,554,588,1354,705,649,1378,757,621,1369,793,576,1277,686,591,1104,609,495,822,425,397
2015,Octubre,ARGANZUELA,9141,4180,4961,99,59,40,442,233,209,807,379,428,1034,470,564,1154,505,649,1157,509,648,1220,534,686,1190,564,626,1188,552,636,850,375,475
2015,Octubre,RETIRO,5326,2375,2951,38,28,10,228,111,117,441,203,238,604,268,336,638,268,370,625,270,355,718,341,377,711,317,394,745,329,416,578,240,338
2015,Octubre,SALAMANCA,6167,2619,3548,38,25,13,244,123,121,507,229,278,700,295,405,756,338,418,750,288,462,806,337,469,832,357,475,883,377,506,651,250,401
2015,Octubre,CHAMARTÍN,5799,2529,3270,35,22,13,220,97,123,425,194,231,581,265,316,683,301,382,695,285,410,819,358,461,914,405,509,814,350,464,613,252,361
2015,Octubre,TETUÁN,10616,5026,5590,131,76,55,539,264,275,884,377,507,1167,535,632,1299,583,716,1391,680,711,1494,750,744,1503,741,762,1364,643,721,844,377,467
2015,Octubre,CHAMBERÍ,6232,2767,3465,35,17,18,256,123,133,604,264,340,767,345,422,754,327,427,765,348,417,787,345,442,823,387,436,836,372,464,605,239,366
2015,Octubre,FUENCARRAL - EL PARDO,11643,5131,6512,142,86,56,584,268,316,986,446,540,1155,481,674,1540,665,875,1713,773,940,1514,685,829,1398,638,760,1470,617,853,1141,472,669
2015,Octubre,MONCLOA - ARAVACA,5186,2334,2852,47,26,21,266,108,158,483,229,254,506,234,272,583,237,346,628,274,354,736,353,383,725,334,391,718,310,408,494,229,265
2015,Octubre,LATINA,17330,8348,8982,286,167,119,1144,582,562,1489,687,802,1725,797,928,2094,993,1101,2288,1101,1187,2565,1274,1291,2276,1112,1164,2105,1005,1100,1358,630,728
2015,Octubre,CARABANCHEL,20184,9660,10524,386,187,199,1297,673,624,1707,763,944,2074,924,1150,2602,1209,1393,2778,1292,1486,2836,1433,1403,2553,1257,1296,2391,1192,1199,1560,730,830
2015,Octubre,USERA,12051,5785,6266,255,128,127,842,421,421,1040,465,575,1139,513,626,1549,709,840,1697,768,929,1728,859,869,1550,788,762,1371,729,642,880,405,475
2015,Octubre,PUENTE DE VALLECAS,22987,11435,11552,628,338,290,1722,884,838,2202,1055,1147,2313,1065,1248,2717,1300,1417,2807,1402,1405,3171,1604,1567,3079,1523,1556,2811,1467,1344,1537,797,740
2015,Octubre,MORATALAZ,6522,2960,3562,124,67,57,471,242,229,535,244,291,578,262,316,626,272,354,833,364,469,963,424,539,999,457,542,834,374,460,559,254,305
2015,Octubre,CIUDAD LINEAL,14068,6532,7536,219,119,100,760,369,391,1170,529,641,1324,593,731,1696,802,894,1746,800,946,1919,911,1008,2037,967,1070,1910,869,1041,1287,573,714
2015,Octubre,HORTALEZA,9824,4413,5411,117,75,42,565,304,261,789,371,418,949,430,519,1184,474,710,1315,539,776,1393,636,757,1353,605,748,1309,588,721,850,391,459
2015,Octubre,VILLAVERDE,13758,6739,7019,350,185,165,1042,543,499,1156,545,611,1404,643,761,1756,842,914,1896,886,1010,1967,969,998,1790,919,871,1558,828,730,839,379,460
2015,Octubre,VILLA DE VALLECAS,8542,3779,4763,197,115,82,596,298,298,785,351,434,996,406,590,1278,551,727,1215,511,704,1084,476,608,908,408,500,910,416,494,573,247,326
2015,Octubre,VICÁLVARO,5605,2538,3067,131,75,56,439,246,193,427,206,221,478,197,281,688,284,404,892,342,550,901,383,518,736,361,375,605,290,315,308,154,154
2015,Octubre,SAN BLAS-CANILLEJAS,11413,5477,5936,235,142,93,754,386,368,934,425,509,983,455,528,1195,528,667,1427,621,806,1717,867,850,1635,824,811,1631,808,823,902,421,481
2015,Octubre,BARAJAS,2352,1088,1264,23,14,9,119,58,61,173,71,102,220,103,117,273,131,142,327,130,197,312,151,161,298,130,168,357,173,184,250,127,123
2015,Noviembre,MADRID,212075,99686,112389,3438,1879,1559,12490,6349,6141,17926,8310,9616,21488,9689,11799,26075,11869,14206,28051,12760,15291,29751,14347,15404,28484,13642,14842,26879,12915,13964,17493,7926,9567
2015,Noviembre,CENTRO,9560,5115,4445,70,43,27,332,166,166,761,366,395,1143,568,575,1356,722,634,1366,739,627,1348,779,569,1270,696,574,1096,617,479,818,419,399
2015,Noviembre,ARGANZUELA,9020,4124,4896,89,54,35,431,230,201,797,384,413,999,431,568,1150,520,630,1162,519,643,1222,541,681,1177,545,632,1166,546,620,827,354,473
2015,Noviembre,RETIRO,5255,2344,2911,33,24,9,227,112,115,453,219,234,562,239,323,612,267,345,630,275,355,700,331,369,715,302,413,752,337,415,571,238,333
2015,Noviembre,SALAMANCA,6111,2624,3487,40,26,14,243,117,126,497,222,275,687,304,383,720,322,398,738,296,442,817,360,457,844,362,482,881,372,509,644,243,401
2015,Noviembre,CHAMARTÍN,5773,2485,3288,27,18,9,222,98,124,434,204,230,538,221,317,676,295,381,707,283,424,799,344,455,918,408,510,827,356,471,625,258,367
2015,Noviembre,TETUÁN,10497,4976,5521,133,75,58,524,254,270,845,371,474,1138,514,624,1270,571,699,1344,650,694,1519,764,755,1506,738,768,1371,657,714,847,382,465
2015,Noviembre,CHAMBERÍ,6155,2715,3440,35,18,17,279,140,139,566,251,315,790,357,433,740,329,411,735,315,420,766,328,438,809,376,433,836,363,473,599,238,361
2015,Noviembre,FUENCARRAL - EL PARDO,11404,5033,6371,119,74,45,559,259,300,982,444,538,1127,489,638,1484,639,845,1628,728,900,1497,677,820,1403,627,776,1474,634,840,1131,462,669
2015,Noviembre,MONCLOA - ARAVACA,5126,2312,2814,41,18,23,250,105,145,452,219,233,508,234,274,586,233,353,626,278,348,714,344,370,745,347,398,709,303,406,495,231,264
2015,Noviembre,LATINA,17168,8292,8876,280,164,116,1112,560,552,1416,665,751,1737,823,914,2103,1003,1100,2320,1119,1201,2536,1250,1286,2229,1090,1139,2092,1002,1090,1343,616,727
2015,Noviembre,CARABANCHEL,20095,9591,10504,395,189,206,1282,658,624,1673,753,920,2042,897,1145,2609,1215,1394,2749,1262,1487,2834,1439,1395,2565,1257,1308,2372,1180,1192,1574,741,833
2015,Noviembre,USERA,11964,5720,6244,259,130,129,852,429,423,1013,454,559,1125,500,625,1521,693,828,1706,764,942,1710,864,846,1530,761,769,1377,724,653,871,401,470
2015,Noviembre,PUENTE DE VALLECAS,22863,11369,11494,600,309,291,1678,878,800,2123,1007,1116,2285,1078,1207,2726,1290,1436,2796,1414,1382,3169,1595,1574,3108,1530,1578,2825,1471,1354,1553,797,756
2015,Noviembre,MORATALAZ,6421,2922,3499,123,65,58,454,238,216,530,235,295,561,261,300,636,279,357,810,348,462,931,411,520,965,444,521,856,387,469,555,254,301
2015,Noviembre,CIUDAD LINEAL,13841,6428,7413,196,109,87,674,345,329,1157,536,621,1296,574,722,1627,780,847,1763,796,967,1927,930,997,2003,922,1081,1908,872,1036,1290,564,726
2015,Noviembre,HORTALEZA,9636,4297,5339,110,70,40,531,287,244,781,364,417,925,424,501,1158,454,704,1280,505,775,1354,615,739,1321,584,737,1314,598,716,862,396,466
2015,Noviembre,VILLAVERDE,13656,6679,6977,323,169,154,1038,539,499,1169,549,620,1391,639,752,1724,816,908,1883,880,1003,1957,957,1000,1789,929,860,1553,822,731,829,379,450
2015,Noviembre,VILLA DE VALLECAS,8402,3688,4714,182,102,80,564,277,287,762,354,408,977,401,576,1265,532,733,1187,491,696,1067,455,612,905,410,495,902,417,485,591,249,342
2015,Noviembre,VICÁLVARO,5526,2494,3032,137,82,55,434,238,196,424,217,207,483,196,287,653,264,389,881,347,534,890,371,519,731,346,385,574,268,306,319,165,154
2015,Noviembre,SAN BLAS-CANILLEJAS,11281,5401,5880,225,128,97,697,366,331,908,412,496,963,442,521,1194,519,675,1406,613,793,1695,851,844,1648,835,813,1637,815,822,908,420,488
2015,Noviembre,BARAJAS,2321,1077,1244,21,12,9,107,53,54,183,84,99,211,97,114,265,126,139,334,138,196,299,141,158,303,133,170,357,174,183,241,119,122
2015,Diciembre,MADRID,207802,98438,109364,2917,1618,1299,11049,5659,5390,16954,7918,9036,20953,9557,11396,25730,11833,13897,27830,12837,14993,29592,14414,15178,28433,13742,14691,26853,12950,13903,17491,7910,9581
2015,Diciembre,CENTRO,9442,5052,4390,61,37,24,295,145,150,698,337,361,1114,561,553,1359,735,624,1362,722,640,1344,793,551,1298,700,598,1097,607,490,814,415,399
2015,Diciembre,ARGANZUELA,8955,4141,4814,69,42,27,385,208,177,759,355,404,981,445,536,1172,534,638,1175,523,652,1222,560,662,1184,571,613,1165,543,622,843,360,483
2015,Diciembre,RETIRO,5161,2315,2846,33,20,13,213,112,101,452,214,238,537,230,307,587,257,330,628,276,352,698,332,366,696,302,394,743,332,411,574,240,334
2015,Diciembre,SALAMANCA,5938,2554,3384,41,25,16,213,108,105,486,212,274,661,280,381,714,337,377,709,275,434,788,350,438,827,368,459,867,362,505,632,237,395
2015,Diciembre,CHAMARTÍN,5680,2509,3171,30,18,12,184,85,99,412,196,216,546,239,307,661,295,366,700,294,406,787,352,435,910,416,494,839,367,472,611,247,364
2015,Diciembre,TETUÁN,10248,4869,5379,125,71,54,476,226,250,807,365,442,1088,498,590,1233,554,679,1311,627,684,1512,755,757,1489,740,749,1344,649,695,863,384,479
2015,Diciembre,CHAMBERÍ,6111,2720,3391,34,18,16,230,119,111,573,248,325,770,353,417,755,351,404,744,323,421,765,334,431,817,385,432,822,346,476,601,243,358
2015,Diciembre,FUENCARRAL - EL PARDO,11071,4899,6172,97,58,39,496,238,258,916,433,483,1081,463,618,1452,632,820,1575,714,861,1486,667,819,1411,629,782,1421,607,814,1136,458,678
2015,Diciembre,MONCLOA - ARAVACA,5043,2297,2746,29,14,15,215,98,117,445,214,231,503,243,260,577,228,349,616,276,340,703,340,363,748,349,399,713,313,400,494,222,272
2015,Diciembre,LATINA,16795,8178,8617,238,143,95,934,471,463,1320,656,664,1698,796,902,2044,971,1073,2315,1129,1186,2550,1271,1279,2274,1114,1160,2078,1008,1070,1344,619,725
2015,Diciembre,CARABANCHEL,19661,9476,10185,345,163,182,1122,589,533,1592,737,855,1942,868,1074,2577,1205,1372,2786,1289,1497,2830,1441,1389,2540,1265,1275,2360,1185,1175,1567,734,833
2015,Diciembre,USERA,11666,5684,5982,213,116,97,749,377,372,939,424,515,1129,518,611,1511,714,797,1688,776,912,1676,849,827,1521,778,743,1379,735,644,861,397,464
2015,Diciembre,PUENTE DE VALLECAS,22303,11200,11103,495,264,231,1524,790,734,2004,971,1033,2251,1047,1204,2661,1269,1392,2770,1432,1338,3122,1604,1518,3079,1533,1546,2850,1491,1359,1547,799,748
2015,Diciembre,MORATALAZ,6275,2886,3389,108,56,52,403,216,187,500,229,271,530,243,287,620,268,352,799,354,445,932,426,506,962,449,513,872,404,468,549,241,308
2015,Diciembre,CIUDAD LINEAL,13596,6309,7287,155,94,61,617,313,304,1068,464,604,1307,592,715,1593,756,837,1738,804,934,1902,907,995,2016,930,1086,1910,879,1031,1290,570,720
2015,Diciembre,HORTALEZA,9456,4214,5242,80,53,27,461,249,212,707,325,382,903,420,483,1133,456,677,1269,501,768,1370,626,744,1339,582,757,1324,602,722,870,400,470
2015,Diciembre,VILLAVERDE,13324,6612,6712,260,129,131,955,500,455,1105,510,595,1372,640,732,1702,819,883,1852,903,949,1947,969,978,1754,925,829,1546,827,719,831,390,441
2015,Diciembre,VILLA DE VALLECAS,8224,3619,4605,169,93,76,515,249,266,744,342,402,946,400,546,1243,515,728,1159,499,660,1055,451,604,899,402,497,902,418,484,592,250,342
2015,Diciembre,VICÁLVARO,5416,2491,2925,109,70,39,381,219,162,398,212,186,452,186,266,661,272,389,870,352,518,906,388,518,721,344,377,596,283,313,322,165,157
2015,Diciembre,SAN BLAS-CANILLEJAS,11118,5332,5786,207,123,84,588,299,289,868,406,462,929,435,494,1201,533,668,1424,628,796,1688,846,842,1643,827,816,1667,820,847,903,415,488
2015,Diciembre,BARAJAS,2319,1081,1238,19,11,8,93,48,45,161,68,93,213,100,113,274,132,142,340,140,200,309,153,156,305,133,172,358,172,186,247,124,123
2016,Enero,MADRID,211370,100177,111193,2770,1561,1209,11214,5699,5515,17533,8162,9371,21549,9828,11721,26207,12080,14127,28207,13072,15135,30105,14597,15508,28850,13948,14902,27140,13144,13996,17795,8086,9709
2016,Enero,CENTRO,9664,5141,4523,59,29,30,300,157,143,754,359,395,1169,583,586,1384,737,647,1404,746,658,1348,782,566,1313,718,595,1098,611,487,835,419,416
2016,Enero,ARGANZUELA,9079,4163,4916,61,36,25,364,185,179,764,367,397,1017,459,558,1173,543,630,1193,535,658,1247,554,693,1201,558,643,1202,566,636,857,360,497
2016,Enero,RETIRO,5233,2342,2891,22,11,11,183,98,85,437,203,234,564,243,321,621,277,344,645,289,356,702,330,372,719,312,407,739,322,417,601,257,344
2016,Enero,SALAMANCA,6070,2604,3466,45,28,17,212,110,102,499,233,266,687,284,403,747,343,404,727,291,436,789,337,452,851,372,479,875,368,507,638,238,400
2016,Enero,CHAMARTÍN,5789,2530,3259,27,15,12,193,97,96,422,190,232,547,241,306,679,294,385,713,294,419,821,366,455,928,420,508,850,370,480,609,243,366
2016,Enero,TETUÁN,10503,5011,5492,116,68,48,501,246,255,853,380,473,1156,527,629,1275,590,685,1318,637,681,1544,775,769,1520,751,769,1345,641,704,875,396,479
2016,Enero,CHAMBERÍ,6222,2769,3453,31,19,12,234,123,111,600,246,354,766,352,414,777,356,421,758,324,434,775,343,432,831,389,442,832,362,470,618,255,363
2016,Enero,FUENCARRAL - EL PARDO,11201,4936,6265,93,61,32,525,248,277,907,434,473,1094,456,638,1484,646,838,1576,701,875,1488,667,821,1434,650,784,1438,598,840,1162,475,687
2016,Enero,MONCLOA - ARAVACA,5172,2323,2849,33,16,17,225,94,131,462,198,264,531,261,270,578,231,347,645,297,348,714,340,374,762,343,419,712,311,401,510,232,278
2016,Enero,LATINA,17130,8355,8775,235,145,90,945,482,463,1356,676,680,1729,805,924,2124,1009,1115,2334,1139,1195,2599,1278,1321,2328,1150,1178,2117,1041,1076,1363,630,733
2016,Enero,CARABANCHEL,19946,9653,10293,333,173,160,1186,603,583,1666,776,890,1989,916,1073,2557,1205,1352,2843,1330,1513,2890,1465,1425,2545,1263,1282,2358,1189,1169,1579,733,846
2016,Enero,USERA,11849,5780,6069,193,99,94,759,397,362,999,442,557,1163,534,629,1524,714,810,1707,780,927,1693,869,824,1542,792,750,1399,749,650,870,404,466
2016,Enero,PUENTE DE VALLECAS,22737,11448,11289,467,255,212,1557,793,764,2052,992,1060,2326,1085,1241,2734,1306,1428,2836,1476,1360,3202,1661,1541,3103,1550,1553,2874,1510,1364,1586,820,766
2016,Enero,MORATALAZ,6394,2956,3438,104,61,43,393,208,185,529,251,278,558,256,302,632,266,366,805,354,451,949,441,508,976,465,511,888,402,486,560,252,308
2016,Enero,CIUDAD LINEAL,13797,6439,7358,128,81,47,598,309,289,1110,496,614,1341,603,738,1631,777,854,1736,821,915,1955,931,1024,2061,945,1116,1946,901,1045,1291,575,716
2016,Enero,HORTALEZA,9620,4310,5310,85,52,33,466,250,216,758,349,409,904,425,479,1136,453,683,1265,516,749,1416,638,778,1363,593,770,1329,626,703,898,408,490
2016,Enero,VILLAVERDE,13554,6670,6884,249,128,121,950,480,470,1164,543,621,1384,640,744,1742,824,918,1886,899,987,1973,966,1007,1778,938,840,1593,853,740,835,399,436
2016,Enero,VILLA DE VALLECAS,8335,3680,4655,166,93,73,526,242,284,752,343,409,978,409,569,1241,535,706,1186,510,676,1062,453,609,910,416,494,914,426,488,600,253,347
2016,Enero,VICÁLVARO,5446,2523,2923,103,63,40,367,205,162,413,214,199,465,204,261,672,287,385,870,353,517,907,395,512,739,358,381,579,271,308,331,173,158
2016,Enero,SAN BLAS-CANILLEJAS,11303,5457,5846,204,116,88,630,324,306,881,400,481,982,458,524,1216,554,662,1414,636,778,1722,856,866,1645,826,819,1688,851,837,921,436,485
2016,Enero,BARAJAS,2326,1087,1239,16,12,4,100,48,52,155,70,85,199,87,112,280,133,147,346,144,202,309,150,159,301,139,162,364,176,188,256,128,128
2016,Febrero,MADRID,212603,100833,111770,3022,1714,1308,11740,5992,5748,17915,8370,9545,21646,9825,11821,26272,12098,14174,28207,13125,15082,30096,14596,15500,28888,13986,14902,27156,13122,14034,17661,8005,9656
2016,Febrero,CENTRO,9683,5114,4569,62,32,30,311,159,152,740,355,385,1137,565,572,1393,738,655,1390,720,670,1342,775,567,1342,731,611,1140,627,513,826,412,414
2016,Febrero,ARGANZUELA,9030,4136,4894,73,46,27,375,199,176,753,363,390,1018,454,564,1173,528,645,1172,537,635,1232,536,696,1201,553,648,1199,564,635,834,356,478
2016,Febrero,RETIRO,5190,2312,2878,26,13,13,208,107,101,448,192,256,555,247,308,619,284,335,621,271,350,692,318,374,708,308,400,729,315,414,584,257,327
2016,Febrero,SALAMANCA,6142,2663,3479,43,27,16,218,111,107,523,235,288,703,305,398,744,347,397,738,305,433,818,348,470,848,371,477,883,374,509,624,240,384
2016,Febrero,CHAMARTÍN,5839,2553,3286,29,17,12,201,104,97,421,194,227,545,237,308,705,301,404,714,301,413,828,367,461,923,415,508,868,377,491,605,240,365
2016,Febrero,TETUÁN,10497,5053,5444,120,70,50,520,260,260,886,410,476,1155,534,621,1251,577,674,1341,655,686,1527,772,755,1497,753,744,1321,629,692,879,393,486
2016,Febrero,CHAMBERÍ,6214,2766,3448,35,22,13,238,118,120,594,239,355,764,350,414,773,368,405,758,334,424,778,336,442,816,382,434,852,366,486,606,251,355
2016,Febrero,FUENCARRAL - EL PARDO,11290,5002,6288,107,69,38,540,258,282,949,466,483,1126,482,644,1502,645,857,1588,724,864,1491,668,823,1426,638,788,1418,592,826,1143,460,683
2016,Febrero,MONCLOA - ARAVACA,5164,2344,2820,38,22,16,246,109,137,441,201,240,557,262,295,563,236,327,644,298,346,721,347,374,758,346,412,704,306,398,492,217,275
2016,Febrero,LATINA,17235,8403,8832,268,158,110,987,521,466,1378,673,705,1720,784,936,2131,1016,1115,2340,1133,1207,2585,1271,1314,2352,1168,1184,2102,1033,1069,1372,646,726
2016,Febrero,CARABANCHEL,20164,9811,10353,349,186,163,1251,644,607,1708,804,904,2014,913,1101,2627,1247,1380,2826,1325,1501,2876,1484,1392,2571,1284,1287,2376,1202,1174,1566,722,844
2016,Febrero,USERA,11980,5850,6130,218,112,106,802,416,386,1038,460,578,1168,543,625,1493,694,799,1719,800,919,1721,872,849,1570,814,756,1384,740,644,867,399,468
2016,Febrero,PUENTE DE VALLECAS,22894,11451,11443,505,262,243,1620,830,790,2115,1009,1106,2306,1058,1248,2767,1315,1452,2788,1435,1353,3193,1649,1544,3128,1574,1554,2895,1497,1398,1577,822,755
2016,Febrero,MORATALAZ,6430,2977,3453,107,68,39,421,217,204,540,256,284,578,267,311,637,272,365,813,357,456,931,433,498,962,451,511,880,405,475,561,251,310
2016,Febrero,CIUDAD LINEAL,13876,6490,7386,148,85,63,623,315,308,1141,504,637,1383,639,744,1600,762,838,1751,828,923,1948,939,1009,2058,959,1099,1945,906,1039,1279,553,726
2016,Febrero,HORTALEZA,9715,4337,5378,97,61,36,476,249,227,774,376,398,913,408,505,1168,455,713,1308,541,767,1417,641,776,1333,570,763,1331,628,703,898,408,490
2016,Febrero,VILLAVERDE,13654,6710,6944,269,138,131,1010,512,498,1190,566,624,1377,632,745,1724,814,910,1879,887,992,1991,991,1000,1786,937,849,1590,836,754,838,397,441
2016,Febrero,VILLA DE VALLECAS,8421,3738,4683,183,107,76,585,282,303,752,338,414,962,407,555,1238,526,712,1214,530,684,1070,458,612,923,424,499,904,420,484,590,246,344
2016,Febrero,VICÁLVARO,5457,2520,2937,114,77,37,367,194,173,449,234,215,487,207,280,636,273,363,844,338,506,894,386,508,747,366,381,587,276,311,332,169,163
2016,Febrero,SAN BLAS-CANILLEJAS,11347,5495,5852,212,130,82,628,340,288,903,414,489,976,445,531,1232,560,672,1431,662,769,1720,855,865,1634,799,835,1687,858,829,924,432,492
2016,Febrero,BARAJAS,2381,1108,1273,19,12,7,113,47,66,172,81,91,202,86,116,296,140,156,328,144,184,321,150,171,305,143,162,361,171,190,264,134,130
2016,Marzo,MADRID,211046,99892,111154,3144,1785,1359,11635,5912,5723,17611,8253,9358,21297,9626,11671,25870,11848,14022,27928,12910,15018,29936,14522,15414,28846,13934,14912,27137,13117,14020,17642,7985,9657
2016,Marzo,CENTRO,9613,5031,4582,69,38,31,321,164,157,737,333,404,1128,535,593,1319,704,615,1392,727,665,1362,781,581,1322,715,607,1125,617,508,838,417,421
2016,Marzo,ARGANZUELA,8925,4070,4855,86,52,34,392,205,187,742,347,395,1001,445,556,1146,531,615,1159,528,631,1212,518,694,1191,551,640,1191,557,634,805,336,469
2016,Marzo,RETIRO,5133,2306,2827,29,16,13,191,98,93,461,205,256,557,234,323,592,278,314,603,280,323,686,315,371,704,308,396,740,320,420,570,252,318
2016,Marzo,SALAMANCA,6116,2653,3463,46,27,19,218,108,110,512,235,277,688,300,388,736,347,389,760,319,441,801,345,456,853,366,487,877,372,505,625,234,391
2016,Marzo,CHAMARTÍN,5768,2490,3278,32,18,14,201,101,100,405,183,222,545,245,300,688,279,409,690,282,408,809,346,463,917,413,504,865,377,488,616,246,370
2016,Marzo,TETUÁN,10449,5013,5436,123,70,53,501,249,252,866,392,474,1136,519,617,1271,583,688,1321,634,687,1521,785,736,1495,748,747,1337,631,706,878,402,476
2016,Marzo,CHAMBERÍ,6153,2731,3422,33,19,14,234,120,114,580,257,323,752,336,416,766,362,404,743,313,430,766,333,433,815,374,441,841,357,484,623,260,363
2016,Marzo,FUENCARRAL - EL PARDO,11249,4990,6259,116,73,43,551,264,287,922,467,455,1123,479,644,1463,620,843,1569,711,858,1515,692,823,1430,627,803,1424,594,830,1136,463,673
2016,Marzo,MONCLOA - ARAVACA,5132,2348,2784,41,24,17,222,99,123,443,198,245,522,243,279,572,248,324,650,295,355,704,349,355,783,369,414,702,305,397,493,218,275
2016,Marzo,LATINA,17067,8322,8745,270,156,114,982,504,478,1346,662,684,1690,784,906,2119,997,1122,2307,1120,1187,2583,1272,1311,2320,1160,1160,2080,1017,1063,1370,650,720
2016,Marzo,CARABANCHEL,20185,9793,10392,382,199,183,1269,652,617,1691,802,889,1964,894,1070,2605,1214,1391,2818,1307,1511,2911,1493,1418,2600,1291,1309,2376,1217,1159,1569,724,845
2016,Marzo,USERA,11863,5761,6102,215,114,101,775,398,377,1035,463,572,1137,505,632,1481,671,810,1681,770,911,1736,886,850,1568,809,759,1381,755,626,854,390,464
2016,Marzo,PUENTE DE VALLECAS,22742,11379,11363,512,278,234,1613,839,774,2058,986,1072,2296,1051,1245,2716,1280,1436,2769,1408,1361,3151,1646,1505,3136,1559,1577,2903,1507,1396,1588,825,763
2016,Marzo,MORATALAZ,6365,2936,3429,104,71,33,401,208,193,513,251,262,570,269,301,647,270,377,800,348,452,940,432,508,957,445,512,886,411,475,547,231,316
2016,Marzo,CIUDAD LINEAL,13771,6414,7357,157,83,74,629,315,314,1101,497,604,1333,599,734,1594,768,826,1720,814,906,1931,914,1017,2064,967,1097,1979,922,1057,1263,535,728
2016,Marzo,HORTALEZA,9680,4344,5336,107,66,41,476,238,238,748,367,381,913,411,502,1161,448,713,1300,546,754,1403,644,759,1333,579,754,1346,640,706,893,405,488
2016,Marzo,VILLAVERDE,13524,6610,6914,277,152,125,977,488,489,1172,537,635,1334,614,720,1684,800,884,1870,869,1001,1989,977,1012,1789,932,857,1588,843,745,844,398,446
2016,Marzo,VILLA DE VALLECAS,8374,3737,4637,201,119,82,576,277,299,791,359,432,937,396,541,1206,519,687,1209,532,677,1038,442,596,923,426,497,889,410,479,604,257,347
2016,Marzo,VICÁLVARO,5391,2480,2911,117,78,39,371,202,169,447,228,219,481,212,269,635,270,365,827,322,505,895,386,509,717,351,366,575,262,313,326,169,157
2016,Marzo,SAN BLAS-CANILLEJAS,11195,5390,5805,209,119,90,628,340,288,876,401,475,974,459,515,1199,538,661,1401,637,764,1670,817,853,1631,807,824,1669,832,837,938,440,498
2016,Marzo,BARAJAS,2351,1094,1257,18,13,5,107,43,64,165,83,82,216,96,120,270,121,149,339,148,191,313,149,164,298,137,161,363,171,192,262,133,129
2016,Abril,MADRID,207183,97542,109641,3115,1748,1367,11214,5722,5492,16961,7910,9051,20754,9251,11503,25376,11532,13844,27211,12470,14741,29407,14243,15164,28459,13692,14767,27094,13038,14056,17592,7936,9656
2016,Abril,CENTRO,9368,4866,4502,67,44,23,316,159,157,684,312,372,1084,495,589,1302,667,635,1299,683,616,1349,770,579,1310,709,601,1107,604,503,850,423,427
2016,Abril,ARGANZUELA,8741,3995,4746,88,48,40,372,198,174,710,330,380,978,433,545,1108,526,582,1141,514,627,1191,521,670,1153,536,617,1204,566,638,796,323,473
2016,Abril,RETIRO,4973,2227,2746,25,16,9,195,108,87,459,202,257,537,243,294,563,255,308,569,254,315,648,291,357,679,299,380,729,316,413,569,243,326
2016,Abril,SALAMANCA,5956,2598,3358,37,21,16,184,97,87,448,208,240,671,295,376,737,344,393,725,299,426,773,338,435,869,385,484,876,374,502,636,237,399
2016,Abril,CHAMARTÍN,5699,2504,3195,36,24,12,187,99,88,392,179,213,550,249,301,696,289,407,681,288,393,793,338,455,902,412,490,862,377,485,600,249,351
2016,Abril,TETUÁN,10347,4950,5397,130,70,60,502,250,252,846,385,461,1123,516,607,1285,584,701,1318,629,689,1491,781,710,1456,722,734,1331,622,709,865,391,474
2016,Abril,CHAMBERÍ,6025,2667,3358,39,21,18,230,118,112,546,249,297,711,309,402,726,340,386,732,318,414,749,326,423,818,372,446,853,358,495,621,256,365
2016,Abril,FUENCARRAL - EL PARDO,11037,4836,6201,105,64,41,492,230,262,905,438,467,1108,451,657,1442,604,838,1570,698,872,1503,681,822,1380,611,769,1415,601,814,1117,458,659
2016,Abril,MONCLOA - ARAVACA,4999,2249,2750,36,17,19,197,89,108,425,201,224,487,216,271,564,242,322,623,274,349,696,336,360,791,359,432,695,302,393,485,213,272
2016,Abril,LATINA,16772,8113,8659,261,154,107,956,490,466,1309,625,684,1648,757,891,2073,976,1097,2269,1083,1186,2510,1233,1277,2308,1138,1170,2071,1000,1071,1367,657,710
2016,Abril,CARABANCHEL,19876,9628,10248,386,200,186,1237,638,599,1631,782,849,1957,876,1081,2516,1165,1351,2796,1288,1508,2841,1461,1380,2551,1269,1282,2360,1207,1153,1601,742,859
2016,Abril,USERA,11557,5560,5997,212,112,100,742,388,354,992,441,551,1113,492,621,1423,638,785,1610,729,881,1695,853,842,1531,783,748,1381,740,641,858,384,474
2016,Abril,PUENTE DE VALLECAS,22276,11052,11224,519,273,246,1519,802,717,2017,948,1069,2213,998,1215,2607,1206,1401,2719,1368,1351,3095,1609,1486,3113,1547,1566,2884,1486,1398,1590,815,775
2016,Abril,MORATALAZ,6269,2866,3403,106,69,37,393,199,194,493,246,247,553,256,297,643,265,378,744,316,428,943,425,518,972,453,519,873,400,473,549,237,312
2016,Abril,CIUDAD LINEAL,13542,6254,7288,151,83,68,611,298,313,1071,476,595,1290,569,721,1543,723,820,1660,774,886,1960,937,1023,2001,937,1064,1994,919,1075,1261,538,723
2016,Abril,HORTALEZA,9504,4222,5282,100,60,40,462,229,233,709,343,366,874,401,473,1162,451,711,1284,525,759,1372,627,745,1308,556,752,1346,636,710,887,394,493
2016,Abril,VILLAVERDE,13277,6459,6818,257,138,119,983,499,484,1130,515,615,1307,580,727,1652,793,859,1820,842,978,1939,948,991,1782,926,856,1564,820,744,843,398,445
2016,Abril,VILLA DE VALLECAS,8213,3660,4553,206,115,91,563,281,282,768,356,412,896,375,521,1206,518,688,1167,512,655,1024,427,597,887,409,478,907,416,491,589,251,338
2016,Abril,VICÁLVARO,5300,2419,2881,123,82,41,355,189,166,427,213,214,475,204,271,631,274,357,790,312,478,884,380,504,703,341,362,591,265,326,321,159,162
2016,Abril,SAN BLAS-CANILLEJAS,11129,5327,5802,211,125,86,624,324,300,851,387,464,961,438,523,1220,550,670,1380,624,756,1633,805,828,1635,789,846,1674,846,828,940,439,501
2016,Abril,BARAJAS,2323,1090,1233,20,12,8,94,37,57,148,74,74,218,98,120,277,122,155,314,140,174,318,156,162,310,139,171,377,183,194,247,129,118
2016,Mayo,MADRID,201605,94337,107268,3021,1703,1318,10402,5284,5118,16344,7462,8882,20151,8914,11237,24499,11039,13460,26502,12119,14383,28545,13789,14756,27868,13343,14525,26720,12823,13897,17553,7861,9692
2016,Mayo,CENTRO,9184,4777,4407,53,33,20,289,148,141,709,332,377,1018,468,550,1233,635,598,1343,699,644,1305,749,556,1290,695,595,1098,603,495,846,415,431
2016,Mayo,ARGANZUELA,8437,3829,4608,88,50,38,318,173,145,652,293,359,964,425,539,1051,483,568,1113,498,615,1167,513,654,1115,518,597,1189,562,627,780,314,466
2016,Mayo,RETIRO,4868,2184,2684,25,16,9,181,105,76,432,201,231,545,245,300,545,249,296,561,255,306,626,284,342,675,291,384,718,308,410,560,230,330
2016,Mayo,SALAMANCA,5760,2472,3288,37,18,19,154,78,76,464,205,259,635,272,363,728,335,393,702,291,411,742,316,426,823,364,459,847,356,491,628,237,391
2016,Mayo,CHAMARTÍN,5591,2436,3155,27,18,9,169,81,88,379,174,205,535,237,298,663,265,398,677,295,382,785,324,461,900,423,477,850,372,478,606,247,359
2016,Mayo,TETUÁN,10068,4777,5291,137,77,60,474,248,226,762,349,413,1104,479,625,1234,552,682,1273,605,668,1458,761,697,1435,694,741,1313,620,693,878,392,486
2016,Mayo,CHAMBERÍ,5873,2581,3292,31,18,13,211,111,100,539,213,326,692,305,387,706,335,371,718,313,405,752,314,438,781,363,418,828,353,475,615,256,359
2016,Mayo,FUENCARRAL - EL PARDO,10856,4760,6096,113,63,50,456,215,241,872,413,459,1111,462,649,1418,600,818,1559,692,867,1473,664,809,1347,601,746,1394,580,814,1113,470,643
2016,Mayo,MONCLOA - ARAVACA,4913,2203,2710,37,17,20,184,86,98,401,190,211,490,217,273,553,239,314,595,258,337,689,326,363,776,359,417,701,301,400,487,210,277
2016,Mayo,LATINA,16242,7816,8426,243,141,102,874,460,414,1263,581,682,1596,719,877,1979,929,1050,2213,1053,1160,2437,1198,1239,2252,1110,1142,2020,973,1047,1365,652,713
2016,Mayo,CARABANCHEL,19225,9181,10044,360,187,173,1139,558,581,1567,732,835,1888,838,1050,2359,1067,1292,2697,1212,1485,2768,1433,1335,2493,1226,1267,2356,1195,1161,1598,733,865
2016,Mayo,USERA,11213,5352,5861,209,109,100,691,342,349,970,430,540,1060,467,593,1375,613,762,1544,690,854,1635,822,813,1507,762,745,1369,733,636,853,384,469
2016,Mayo,PUENTE DE VALLECAS,21705,10760,10945,473,267,206,1495,799,696,1955,907,1048,2144,968,1176,2537,1173,1364,2613,1305,1308,2975,1552,1423,3051,1510,1541,2870,1477,1393,1592,802,790
2016,Mayo,MORATALAZ,6132,2795,3337,113,74,39,379,194,185,475,225,250,526,256,270,628,262,366,739,318,421,901,396,505,954,435,519,859,385,474,558,250,308
2016,Mayo,CIUDAD LINEAL,13195,6095,7100,160,97,63,562,269,293,1006,438,568,1251,544,707,1508,719,789,1619,767,852,1902,917,985,1969,911,1058,1939,886,1053,1279,547,732
2016,Mayo,HORTALEZA,9270,4085,5185,118,70,48,418,214,204,691,322,369,845,376,469,1135,436,699,1256,517,739,1335,602,733,1296,553,743,1310,614,696,866,381,485
2016,Mayo,VILLAVERDE,12853,6219,6634,254,134,120,898,452,446,1097,493,604,1274,566,708,1592,738,854,1740,811,929,1870,910,960,1740,897,843,1554,823,731,834,395,439
2016,Mayo,VILLA DE VALLECAS,7991,3525,4466,200,104,96,509,246,263,741,334,407,858,351,507,1176,506,670,1152,503,649,993,422,571,883,405,478,889,402,487,590,252,338
2016,Mayo,VICÁLVARO,5190,2326,2864,124,83,41,344,179,165,408,199,209,468,201,267,625,257,368,780,305,475,845,352,493,707,346,361,579,258,321,310,146,164
2016,Mayo,SAN BLAS-CANILLEJAS,10776,5118,5658,191,107,84,578,293,285,817,366,451,923,419,504,1191,531,660,1291,588,703,1583,783,800,1572,747,825,1678,853,825,952,431,521
2016,Mayo,BARAJAS,2263,1046,1217,28,20,8,79,33,46,144,65,79,224,99,125,263,115,148,317,144,173,304,151,153,302,133,169,359,169,190,243,117,126
2016,Junio,MADRID,197753,91101,106652,3093,1710,1383,9596,4843,4753,15880,7101,8779,19685,8512,11173,23973,10590,13383,25989,11642,14347,27937,13213,14724,27591,13079,14512,26523,12596,13927,17486,7815,9671
2016,Junio,CENTRO,9008,4714,4294,59,34,25,260,144,116,705,325,380,995,464,531,1250,642,608,1292,693,599,1272,728,544,1261,677,584,1079,589,490,835,418,417
2016,Junio,ARGANZUELA,8290,3700,4590,84,45,39,291,159,132,677,310,367,925,380,545,1035,463,572,1098,486,612,1122,493,629,1104,503,601,1176,549,627,778,312,466
2016,Junio,RETIRO,4788,2126,2662,25,14,11,160,84,76,382,185,197,510,222,288,542,245,297,570,260,310,635,281,354,687,293,394,698,295,403,579,247,332
2016,Junio,SALAMANCA,5717,2437,3280,33,20,13,142,73,69,432,192,240,621,257,364,738,336,402,698,281,417,722,298,424,836,374,462,851,357,494,644,249,395
2016,Junio,CHAMARTÍN,5526,2399,3127,26,14,12,159,79,80,374,163,211,532,237,295,673,271,402,679,287,392,759,318,441,880,411,469,847,369,478,597,250,347
2016,Junio,TETUÁN,9777,4562,5215,131,69,62,405,204,201,741,332,409,1028,438,590,1180,510,670,1239,579,660,1430,727,703,1425,695,730,1320,623,697,878,385,493
2016,Junio,CHAMBERÍ,5743,2511,3232,39,25,14,167,80,87,499,212,287,697,293,404,697,325,372,705,304,401,721,291,430,795,368,427,833,364,469,590,249,341
2016,Junio,FUENCARRAL - EL PARDO,10621,4557,6064,100,53,47,389,178,211,819,383,436,1090,434,656,1368,562,806,1563,682,881,1422,631,791,1374,605,769,1388,572,816,1108,457,651
2016,Junio,MONCLOA - ARAVACA,4825,2154,2671,39,17,22,176,87,89,390,173,217,495,219,276,540,220,320,565,244,321,666,322,344,775,361,414,696,301,395,483,210,273
2016,Junio,LATINA,15920,7575,8345,247,133,114,787,421,366,1243,569,674,1574,709,865,1927,882,1045,2117,1008,1109,2434,1172,1262,2222,1078,1144,2001,952,1049,1368,651,717
2016,Junio,CARABANCHEL,18802,8795,10007,339,192,147,1033,488,545,1488,657,831,1870,811,1059,2315,1043,1272,2633,1161,1472,2728,1370,1358,2474,1192,1282,2336,1163,1173,1586,718,868
2016,Junio,USERA,10840,5016,5824,212,103,109,668,315,353,907,392,515,1006,422,584,1313,580,733,1511,635,876,1572,763,809,1464,729,735,1349,705,644,838,372,466
2016,Junio,PUENTE DE VALLECAS,21403,10448,10955,529,290,239,1434,745,689,1934,874,1060,2123,965,1158,2471,1131,1340,2555,1246,1309,2894,1479,1415,3015,1478,1537,2838,1439,1399,1610,801,809
2016,Junio,MORATALAZ,5953,2696,3257,110,74,36,364,187,177,470,223,247,501,237,264,598,252,346,706,298,408,872,380,492,926,415,511,842,382,460,564,248,316
2016,Junio,CIUDAD LINEAL,12867,5821,7046,169,101,68,502,245,257,965,406,559,1203,497,706,1460,671,789,1602,734,868,1851,871,980,1914,878,1036,1935,881,1054,1266,537,729
2016,Junio,HORTALEZA,9178,3977,5201,120,72,48,401,203,198,676,313,363,833,356,477,1126,430,696,1241,501,740,1334,586,748,1287,545,742,1297,592,705,863,379,484
2016,Junio,VILLAVERDE,12533,5925,6608,250,127,123,837,428,409,1076,458,618,1228,527,701,1568,716,852,1686,757,929,1815,863,952,1728,867,861,1522,793,729,823,389,434
2016,Junio,VILLA DE VALLECAS,7982,3481,4501,222,113,109,483,245,238,752,335,417,878,371,507,1144,458,686,1167,499,668,994,403,591,878,404,474,882,402,480,582,251,331
2016,Junio,VICÁLVARO,5144,2250,2894,138,87,51,344,173,171,401,199,202,463,181,282,607,235,372,763,287,476,832,346,486,700,341,359,590,256,334,306,145,161
2016,Junio,SAN BLAS-CANILLEJAS,10595,4940,5655,199,109,90,519,270,249,802,340,462,893,402,491,1155,501,654,1278,557,721,1561,745,816,1559,738,821,1683,844,839,946,434,512
2016,Junio,BARAJAS,2241,1017,1224,22,18,4,75,35,40,147,60,87,220,90,130,266,117,149,321,143,178,301,146,155,287,127,160,360,168,192,242,113,129
2016,Julio,MADRID,196092,88833,107259,3113,1726,1387,9427,4670,4757,15689,6826,8863,19625,8357,11268,23768,10265,13503,25925,11378,14547,27668,12926,14742,27114,12629,14485,26302,12325,13977,17461,7731,9730
2016,Julio,CENTRO,9213,4758,4455,68,40,28,269,147,122,719,322,397,1047,468,579,1283,664,619,1338,699,639,1292,743,549,1251,662,589,1107,593,514,839,420,419
2016,Julio,ARGANZUELA,8464,3704,4760,95,56,39,293,161,132,678,297,381,973,404,569,1093,476,617,1129,478,651,1142,492,650,1111,485,626,1169,547,622,781,308,473
2016,Julio,RETIRO,4877,2123,2754,27,15,12,163,79,84,387,175,212,525,229,296,566,254,312,608,264,344,652,286,366,686,286,400,697,285,412,566,250,316
2016,Julio,SALAMANCA,5713,2420,3293,36,23,13,147,74,73,425,187,238,616,251,365,697,303,394,696,288,408,730,315,415,865,374,491,857,360,497,644,245,399
2016,Julio,CHAMARTÍN,5551,2387,3164,26,15,11,159,83,76,390,167,223,551,232,319,663,275,388,686,284,402,737,306,431,888,418,470,837,349,488,614,258,356
2016,Julio,TETUÁN,9710,4429,5281,117,65,52,396,195,201,751,317,434,1067,438,629,1150,479,671,1245,578,667,1404,697,707,1393,666,727,1298,601,697,889,393,496
2016,Julio,CHAMBERÍ,5765,2472,3293,40,22,18,163,77,86,465,196,269,676,284,392,740,329,411,739,317,422,740,293,447,791,360,431,817,345,472,594,249,345
2016,Julio,FUENCARRAL - EL PARDO,10615,4464,6151,114,55,59,411,186,225,826,375,451,1072,426,646,1387,556,831,1549,654,895,1406,611,795,1341,578,763,1397,567,830,1112,456,656
2016,Julio,MONCLOA - ARAVACA,4828,2140,2688,40,16,24,169,85,84,377,171,206,483,210,273,536,217,319,584,252,332,660,315,345,781,361,420,720,313,407,478,200,278
2016,Julio,LATINA,15635,7243,8392,251,131,120,732,382,350,1223,541,682,1524,646,878,1915,836,1079,2057,961,1096,2428,1152,1276,2160,1033,1127,1991,932,1059,1354,629,725
2016,Julio,CARABANCHEL,18428,8519,9909,330,182,148,1001,474,527,1457,628,829,1859,819,1040,2274,994,1280,2616,1129,1487,2646,1313,1333,2400,1149,1251,2276,1117,1159,1569,714,855
2016,Julio,USERA,10643,4897,5746,212,108,104,632,302,330,896,383,513,978,403,575,1274,571,703,1469,624,845,1567,744,823,1425,704,721,1355,695,660,835,363,472
2016,Julio,PUENTE DE VALLECAS,20911,10026,10885,528,287,241,1420,712,708,1857,799,1058,2094,945,1149,2388,1082,1306,2508,1202,1306,2809,1428,1381,2924,1404,1520,2785,1388,1397,1598,779,819
2016,Julio,MORATALAZ,5920,2620,3300,112,78,34,364,192,172,480,211,269,511,227,284,572,234,338,711,287,424,849,362,487,895,393,502,857,390,467,569,246,323
2016,Julio,CIUDAD LINEAL,12698,5680,7018,152,93,59,513,257,256,945,390,555,1192,508,684,1459,639,820,1538,689,849,1819,859,960,1891,860,1031,1896,838,1058,1293,547,746
2016,Julio,HORTALEZA,9202,3956,5246,131,76,55,404,204,200,673,293,380,844,373,471,1117,422,695,1268,497,771,1333,573,760,1273,537,736,1300,597,703,859,384,475
2016,Julio,VILLAVERDE,12244,5691,6553,249,128,121,825,398,427,1036,425,611,1177,475,702,1518,690,828,1673,753,920,1781,835,946,1687,834,853,1487,775,712,811,378,433
2016,Julio,VILLA DE VALLECAS,7929,3388,4541,227,122,105,458,224,234,745,328,417,890,376,514,1165,453,712,1162,477,685,979,395,584,862,378,484,872,399,473,569,236,333
2016,Julio,VICÁLVARO,5055,2185,2870,147,97,50,317,155,162,408,199,209,420,166,254,587,217,370,766,285,481,821,337,484,693,321,372,585,264,321,311,144,167
2016,Julio,SAN BLAS-CANILLEJAS,10472,4751,5721,189,101,88,507,247,260,810,363,447,920,387,533,1124,467,657,1259,525,734,1563,729,834,1516,706,810,1647,808,839,937,418,519
2016,Julio,BARAJAS,2219,980,1239,22,16,6,84,36,48,141,59,82,206,90,116,260,107,153,324,135,189,310,141,169,281,120,161,352,162,190,239,114,125
2016,Agosto,MADRID,197755,88851,108904,3051,1650,1401,9704,4754,4950,16280,6865,9415,19871,8347,11524,24033,10286,13747,26046,11389,14657,27723,12874,14849,27269,12672,14597,26357,12317,14040,17421,7697,9724
2016,Agosto,CENTRO,9264,4758,4506,76,42,34,292,154,138,723,307,416,1044,472,572,1330,683,647,1325,696,629,1290,738,552,1256,669,587,1111,588,523,817,409,408
2016,Agosto,ARGANZUELA,8553,3718,4835,93,58,35,316,165,151,682,303,379,977,408,569,1096,467,629,1151,483,668,1129,481,648,1128,495,633,1179,544,635,802,314,488
2016,Agosto,RETIRO,4986,2184,2802,27,13,14,165,88,77,433,197,236,536,231,305,582,260,322,610,259,351,670,292,378,691,293,398,700,298,402,572,253,319
2016,Agosto,SALAMANCA,5810,2438,3372,38,21,17,165,83,82,428,175,253,628,253,375,728,320,408,725,305,420,746,315,431,869,376,493,855,354,501,628,236,392
2016,Agosto,CHAMARTÍN,5644,2440,3204,27,16,11,165,89,76,399,169,230,582,243,339,679,280,399,670,282,388,752,316,436,888,415,473,852,356,496,630,274,356
2016,Agosto,TETUÁN,9711,4409,5302,96,47,49,401,189,212,767,307,460,1111,466,645,1173,508,665,1207,545,662,1393,687,706,1367,667,700,1290,596,694,906,397,509
2016,Agosto,CHAMBERÍ,5827,2476,3351,32,15,17,160,78,82,530,225,305,677,283,394,734,314,420,755,318,437,729,291,438,794,352,442,829,361,468,587,239,348
2016,Agosto,FUENCARRAL - EL PARDO,10810,4514,6296,111,56,55,433,186,247,879,382,497,1110,433,677,1398,559,839,1578,668,910,1429,620,809,1352,583,769,1407,571,836,1113,456,657
2016,Agosto,MONCLOA - ARAVACA,4876,2146,2730,48,18,30,174,79,95,415,177,238,493,215,278,537,220,317,596,251,345,660,321,339,765,349,416,712,311,401,476,205,271
2016,Agosto,LATINA,15930,7299,8631,255,135,120,790,395,395,1296,560,736,1565,661,904,1951,838,1113,2124,971,1153,2400,1131,1269,2207,1055,1152,1999,936,1063,1343,617,726
2016,Agosto,CARABANCHEL,18454,8397,10057,339,177,162,1020,473,547,1513,631,882,1829,760,1069,2293,1000,1293,2579,1105,1474,2663,1318,1345,2396,1128,1268,2263,1098,1165,1559,707,852
2016,Agosto,USERA,10646,4845,5801,208,109,99,666,322,344,911,369,542,1009,421,588,1235,540,695,1451,619,832,1561,725,836,1432,703,729,1323,669,654,850,368,482
2016,Agosto,PUENTE DE VALLECAS,20921,9975,10946,535,302,233,1399,699,700,1892,803,1089,2073,910,1163,2447,1107,1340,2504,1200,1304,2805,1422,1383,2902,1386,1516,2785,1385,1400,1579,761,818
2016,Agosto,MORATALAZ,5987,2630,3357,94,61,33,381,192,189,492,223,269,518,235,283,575,222,353,712,293,419,866,371,495,922,401,521,865,393,472,562,239,323
2016,Agosto,CIUDAD LINEAL,12827,5669,7158,142,85,57,526,263,263,998,407,591,1222,507,715,1499,640,859,1540,677,863,1810,837,973,1913,880,1033,1911,843,1068,1266,530,736
2016,Agosto,HORTALEZA,9324,4012,5312,134,73,61,403,207,196,718,307,411,871,383,488,1122,429,693,1279,497,782,1322,564,758,1303,557,746,1303,605,698,869,390,479
2016,Agosto,VILLAVERDE,12293,5640,6653,250,126,124,867,414,453,1068,409,659,1153,462,691,1496,671,825,1688,751,937,1769,825,944,1675,814,861,1519,786,733,808,382,426
2016,Agosto,VILLA DE VALLECAS,8070,3413,4657,211,111,100,456,225,231,763,317,446,898,368,530,1212,461,751,1192,502,690,1014,412,602,873,382,491,883,400,483,568,235,333
2016,Agosto,VICÁLVARO,5110,2189,2921,142,85,57,325,162,163,424,200,224,425,152,273,582,216,366,768,286,482,830,336,494,710,338,372,589,267,322,315,147,168
2016,Agosto,SAN BLAS-CANILLEJAS,10459,4713,5746,178,90,88,526,260,266,799,338,461,933,398,535,1093,444,649,1263,539,724,1579,728,851,1539,711,828,1621,786,835,928,419,509
2016,Agosto,BARAJAS,2253,986,1267,15,10,5,74,31,43,150,59,91,217,86,131,271,107,164,329,142,187,306,144,162,287,118,169,361,170,191,243,119,124
2016,Septiembre,MADRID,195920,89237,106683,3294,1801,1493,10537,5238,5299,16182,7037,9145,19220,8272,10948,23264,10091,13173,25349,11122,14227,27223,12706,14517,27098,12794,14304,26268,12446,13822,17485,7730,9755
2016,Septiembre,CENTRO,9002,4620,4382,66,33,33,307,161,146,735,301,434,988,444,544,1258,642,616,1254,665,589,1256,706,550,1236,663,573,1090,594,496,812,411,401
2016,Septiembre,ARGANZUELA,8320,3695,4625,92,61,31,365,178,187,702,309,393,898,388,510,1035,468,567,1078,457,621,1081,491,590,1113,487,626,1151,544,607,805,312,493
2016,Septiembre,RETIRO,4867,2129,2738,35,19,16,193,97,96,414,199,215,497,212,285,547,237,310,584,239,345,631,274,357,685,299,386,703,301,402,578,252,326
2016,Septiembre,SALAMANCA,5772,2491,3281,37,21,16,200,97,103,464,210,254,605,261,344,713,328,385,713,295,418,712,304,408,860,369,491,830,355,475,638,251,387
2016,Septiembre,CHAMARTÍN,5503,2419,3084,34,17,17,184,98,86,417,173,244,552,250,302,626,264,362,648,280,368,728,308,420,852,411,441,846,357,489,616,261,355
2016,Septiembre,TETUÁN,9559,4383,5176,115,57,58,446,214,232,718,286,432,1036,450,586,1117,494,623,1203,548,655,1376,680,696,1364,671,693,1302,607,695,882,376,506
2016,Septiembre,CHAMBERÍ,5672,2449,3223,29,17,12,199,93,106,510,217,293,655,277,378,672,294,378,718,307,411,692,281,411,792,357,435,821,364,457,584,242,342
2016,Septiembre,FUENCARRAL - EL PARDO,10644,4523,6121,134,63,71,492,228,264,861,391,470,1079,426,653,1347,548,799,1518,632,886,1397,612,785,1329,584,745,1380,579,801,1107,460,647
2016,Septiembre,MONCLOA - ARAVACA,4797,2170,2627,51,21,30,199,86,113,401,171,230,446,204,242,528,240,288,570,245,325,660,317,343,758,352,406,694,314,380,490,220,270
2016,Septiembre,LATINA,15799,7338,8461,237,131,106,853,444,409,1292,588,704,1506,643,863,1933,827,1106,2079,957,1122,2337,1105,1232,2206,1081,1125,2008,948,1060,1348,614,734
2016,Septiembre,CARABANCHEL,18472,8505,9967,381,197,184,1127,539,588,1463,635,828,1835,789,1046,2255,990,1265,2549,1094,1455,2649,1304,1345,2390,1144,1246,2269,1113,1156,1554,700,854
2016,Septiembre,USERA,10716,4936,5780,242,130,112,701,343,358,931,390,541,1019,428,591,1223,537,686,1423,616,807,1572,737,835,1434,712,722,1311,671,640,860,372,488
2016,Septiembre,PUENTE DE VALLECAS,20977,10029,10948,569,326,243,1448,717,731,1894,816,1078,2036,894,1142,2413,1090,1323,2493,1200,1293,2800,1410,1390,2921,1413,1508,2821,1408,1413,1582,755,827
2016,Septiembre,MORATALAZ,5917,2658,3259,106,67,39,401,206,195,477,229,248,505,242,263,543,221,322,708,287,421,839,362,477,919,409,510,859,388,471,560,247,313
2016,Septiembre,CIUDAD LINEAL,12707,5663,7044,160,98,62,570,284,286,1010,431,579,1167,479,688,1452,617,835,1489,664,825,1799,828,971,1888,869,1019,1913,872,1041,1259,521,738
2016,Septiembre,HORTALEZA,9075,3950,5125,135,72,63,444,229,215,699,320,379,834,361,473,1053,398,655,1205,473,732,1286,559,727,1260,548,712,1294,597,697,865,393,472
2016,Septiembre,VILLAVERDE,12434,5844,6590,289,149,140,921,458,463,1087,433,654,1163,487,676,1467,675,792,1674,754,920,1767,841,926,1696,857,839,1522,787,735,848,403,445
2016,Septiembre,VILLA DE VALLECAS,7954,3448,4506,200,103,97,470,242,228,750,334,416,879,377,502,1170,455,715,1147,487,660,987,404,583,874,393,481,895,401,494,582,252,330
2016,Septiembre,VICÁLVARO,5068,2210,2858,156,94,62,354,177,177,407,195,212,405,159,246,549,208,341,758,277,481,821,340,481,698,330,368,599,278,321,321,152,169
2016,Septiembre,SAN BLAS-CANILLEJAS,10514,4812,5702,203,109,94,588,315,273,817,349,468,915,417,498,1109,456,653,1228,513,715,1536,703,833,1542,722,820,1620,806,814,956,422,534
2016,Septiembre,BARAJAS,2151,965,1186,23,16,7,75,32,43,133,60,73,200,84,116,254,102,152,310,132,178,297,140,157,281,123,158,340,162,178,238,114,124
2016,Octubre,MADRID,195388,89476,105912,3234,1795,1439,10773,5368,5405,16110,7099,9011,19057,8225,10832,22900,10048,12852,25128,11092,14036,27008,12678,14330,27145,12809,14336,26386,12504,13882,17647,7858,9789
2016,Octubre,CENTRO,8894,4665,4229,55,33,22,310,170,140,744,327,417,957,454,503,1197,615,582,1251,671,580,1242,702,540,1235,678,557,1106,594,512,797,421,376
2016,Octubre,ARGANZUELA,8117,3654,4463,88,60,28,368,182,186,677,300,377,839,368,471,1010,457,553,1046,461,585,1037,468,569,1106,487,619,1137,549,588,809,322,487
2016,Octubre,RETIRO,4806,2108,2698,37,20,17,198,90,108,416,199,217,492,211,281,521,229,292,561,241,320,625,268,357,666,287,379,713,315,398,577,248,329
2016,Octubre,SALAMANCA,5630,2384,3246,39,23,16,191,107,84,452,180,272,575,235,340,679,306,373,675,269,406,713,304,409,840,358,482,834,355,479,632,247,385
2016,Octubre,CHAMARTÍN,5446,2425,3021,40,23,17,199,119,80,401,172,229,519,238,281,621,261,360,623,262,361,737,317,420,833,397,436,856,366,490,617,270,347
2016,Octubre,TETUÁN,9656,4435,5221,129,65,64,457,215,242,750,316,434,1035,452,583,1129,509,620,1206,535,671,1342,656,686,1400,689,711,1311,612,699,897,386,511
2016,Octubre,CHAMBERÍ,5598,2457,3141,31,14,17,202,99,103,507,213,294,631,271,360,647,291,356,712,319,393,675,291,384,788,351,437,808,360,448,597,248,349
2016,Octubre,FUENCARRAL - EL PARDO,10624,4540,6084,128,58,70,524,243,281,904,414,490,1062,424,638,1281,519,762,1498,635,863,1392,615,777,1318,572,746,1404,593,811,1113,467,646
2016,Octubre,MONCLOA - ARAVACA,4714,2136,2578,40,21,19,205,88,117,394,165,229,451,202,249,493,218,275,559,249,310,654,314,340,757,355,402,680,313,367,481,211,270
2016,Octubre,LATINA,15851,7434,8417,244,142,102,893,470,423,1294,578,716,1504,651,853,1899,844,1055,2031,940,1091,2355,1125,1230,2225,1096,1129,2035,959,1076,1371,629,742
2016,Octubre,CARABANCHEL,18687,8597,10090,391,209,182,1125,530,595,1517,663,854,1863,788,1075,2279,992,1287,2558,1114,1444,2634,1286,1348,2434,1176,1258,2301,1122,1179,1585,717,868
2016,Octubre,USERA,10714,4959,5755,222,129,93,699,336,363,907,389,518,1016,412,604,1225,537,688,1437,632,805,1571,742,829,1448,721,727,1324,685,639,865,376,489
2016,Octubre,PUENTE DE VALLECAS,20956,9998,10958,525,286,239,1485,727,758,1857,831,1026,2041,911,1130,2414,1086,1328,2498,1177,1321,2780,1399,1381,2945,1420,1525,2789,1380,1409,1622,781,841
2016,Octubre,MORATALAZ,5928,2661,3267,108,67,41,409,204,205,483,222,261,498,242,256,533,228,305,708,296,412,843,366,477,911,401,510,865,385,480,570,250,320
2016,Octubre,CIUDAD LINEAL,12715,5718,6997,173,106,67,600,315,285,964,419,545,1179,479,700,1437,622,815,1516,693,823,1777,822,955,1852,848,1004,1941,883,1058,1276,531,745
2016,Octubre,HORTALEZA,9022,3983,5039,138,76,62,435,225,210,675,317,358,824,373,451,1032,413,619,1200,480,720,1261,549,712,1292,558,734,1301,600,701,864,392,472
2016,Octubre,VILLAVERDE,12515,5898,6617,295,151,144,918,458,460,1096,456,640,1198,501,697,1486,705,781,1678,748,930,1755,844,911,1676,835,841,1545,787,758,868,413,455
2016,Octubre,VILLA DE VALLECAS,7882,3412,4470,199,103,96,499,249,250,733,321,412,857,371,486,1136,449,687,1126,470,656,963,402,561,899,401,498,881,391,490,589,255,334
2016,Octubre,VICÁLVARO,5087,2256,2831,140,88,52,380,201,179,403,196,207,418,168,250,556,217,339,731,259,472,816,340,476,707,344,363,605,280,325,331,163,168
2016,Octubre,SAN BLAS-CANILLEJAS,10403,4780,5623,189,104,85,597,299,298,797,358,439,902,394,508,1075,445,630,1207,509,698,1545,732,813,1537,715,822,1603,807,796,951,417,534
2016,Octubre,BARAJAS,2143,976,1167,23,17,6,79,41,38,139,63,76,196,80,116,250,105,145,307,132,175,291,136,155,276,120,156,347,168,179,235,114,121
2016,Noviembre,MADRID,193547,88916,104631,3225,1793,1432,10681,5382,5299,15953,7231,8722,18788,8088,10700,22547,9892,12655,24807,10963,13844,26719,12548,14171,26842,12609,14233,26324,12463,13861,17661,7947,9714
2016,Noviembre,CENTRO,8883,4702,4181,61,34,27,300,161,139,743,341,402,969,476,493,1216,645,571,1232,674,558,1242,696,546,1187,645,542,1135,606,529,798,424,374
2016,Noviembre,ARGANZUELA,8065,3601,4464,81,53,28,347,176,171,670,296,374,850,373,477,1021,458,563,993,437,556,1042,468,574,1111,478,633,1144,540,604,806,322,484
2016,Noviembre,RETIRO,4762,2115,2647,36,21,15,193,94,99,417,208,209,477,196,281,527,236,291,564,242,322,622,269,353,652,283,369,698,311,387,576,255,321
2016,Noviembre,SALAMANCA,5586,2417,3169,37,25,12,200,113,87,469,216,253,597,250,347,660,304,356,656,264,392,684,291,393,837,359,478,828,349,479,618,246,372
2016,Noviembre,CHAMARTÍN,5389,2360,3029,33,21,12,186,100,86,404,178,226,501,213,288,605,253,352,600,249,351,743,314,429,824,388,436,883,382,501,610,262,348
2016,Noviembre,TETUÁN,9746,4487,5259,147,77,70,477,227,250,779,329,450,1023,424,599,1129,526,603,1210,540,670,1346,657,689,1412,694,718,1316,620,696,907,393,514
2016,Noviembre,CHAMBERÍ,5581,2437,3144,35,15,20,199,94,105,525,216,309,618,249,369,646,289,357,711,314,397,666,288,378,775,347,428,812,369,443,594,256,338
2016,Noviembre,FUENCARRAL - EL PARDO,10416,4490,5926,145,62,83,511,251,260,831,398,433,1025,410,615,1223,483,740,1489,644,845,1392,618,774,1269,556,713,1402,587,815,1129,481,648
2016,Noviembre,MONCLOA - ARAVACA,4699,2141,2558,44,19,25,230,109,121,394,172,222,436,205,231,507,226,281,557,245,312,638,305,333,739,346,393,675,305,370,479,209,270
2016,Noviembre,LATINA,15776,7447,8329,266,160,106,898,473,425,1281,611,670,1477,648,829,1884,837,1047,2031,940,1091,2361,1128,1233,2199,1086,1113,2010,937,1073,1369,627,742
2016,Noviembre,CARABANCHEL,18454,8531,9923,370,201,169,1164,558,606,1499,661,838,1771,759,1012,2224,956,1268,2564,1114,1450,2615,1282,1333,2409,1172,1237,2263,1102,1161,1575,726,849
2016,Noviembre,USERA,10744,5007,5737,219,127,92,709,345,364,928,404,524,1020,422,598,1246,553,693,1438,641,797,1550,738,812,1419,705,714,1355,693,662,860,379,481
2016,Noviembre,PUENTE DE VALLECAS,20650,9856,10794,528,293,235,1449,714,735,1817,821,996,2024,909,1115,2372,1051,1321,2475,1178,1297,2689,1344,1345,2901,1384,1517,2778,1390,1388,1617,772,845
2016,Noviembre,MORATALAZ,5794,2609,3185,103,62,41,403,212,191,467,220,247,471,225,246,529,228,301,678,272,406,830,364,466,904,389,515,830,374,456,579,263,316
2016,Noviembre,CIUDAD LINEAL,12511,5642,6869,158,88,70,589,307,282,895,411,484,1166,465,701,1401,606,795,1461,646,815,1750,829,921,1863,863,1000,1918,866,1052,1310,561,749
2016,Noviembre,HORTALEZA,8918,3916,5002,125,71,54,414,217,197,663,312,351,821,363,458,1019,408,611,1179,468,711,1242,536,706,1287,538,749,1306,608,698,862,395,467
2016,Noviembre,VILLAVERDE,12325,5803,6522,285,149,136,876,431,445,1077,461,616,1198,491,707,1419,666,753,1674,740,934,1736,830,906,1662,834,828,1522,774,748,876,427,449
2016,Noviembre,VILLA DE VALLECAS,7788,3409,4379,196,104,92,492,254,238,749,335,414,839,364,475,1094,428,666,1094,469,625,946,405,541,910,399,511,883,397,486,585,254,331
2016,Noviembre,VICÁLVARO,5050,2218,2832,141,89,52,393,198,195,410,208,202,404,163,241,530,205,325,731,261,470,795,323,472,700,330,370,608,278,330,338,163,175
2016,Noviembre,SAN BLAS-CANILLEJAS,10270,4756,5514,193,108,85,568,304,264,788,365,423,900,405,495,1054,426,628,1170,500,670,1539,725,814,1502,692,810,1606,807,799,950,424,526
2016,Noviembre,BARAJAS,2140,972,1168,22,14,8,83,44,39,147,68,79,201,78,123,241,108,133,300,125,175,291,138,153,280,121,159,352,168,184,223,108,115
2016,Diciembre,MADRID,188838,87551,101287,2775,1567,1208,9648,4934,4714,15239,6957,8282,18194,7926,10268,22148,9826,12322,24267,10810,13457,26294,12523,13771,26440,12519,13921,26254,12534,13720,17579,7955,9624
2016,Diciembre,CENTRO,8725,4588,4137,55,28,27,291,162,129,687,300,387,956,467,489,1205,627,578,1168,629,539,1243,700,543,1170,631,539,1141,617,524,809,427,382
2016,Diciembre,ARGANZUELA,7881,3546,4335,67,43,24,300,140,160,626,293,333,813,347,466,1026,465,561,994,430,564,1003,457,546,1107,495,612,1133,547,586,812,329,483
2016,Diciembre,RETIRO,4703,2101,2602,36,20,16,172,95,77,385,203,182,483,201,282,522,234,288,559,236,323,617,261,356,638,281,357,713,322,391,578,248,330
2016,Diciembre,SALAMANCA,5481,2345,3136,30,22,8,173,98,75,453,182,271,586,250,336,640,287,353,645,262,383,689,301,388,813,343,470,833,352,481,619,248,371
2016,Diciembre,CHAMARTÍN,5352,2362,2990,31,21,10,158,93,65,399,169,230,527,230,297,594,251,343,604,251,353,721,304,417,816,379,437,880,387,493,622,277,345
2016,Diciembre,TETUÁN,9471,4411,5060,113,62,51,430,200,230,752,326,426,1001,418,583,1097,522,575,1163,524,639,1321,660,661,1393,687,706,1311,620,691,890,392,498
2016,Diciembre,CHAMBERÍ,5466,2417,3049,28,13,15,179,96,83,498,209,289,605,254,351,635,287,348,674,282,392,686,303,383,757,337,420,812,378,434,592,258,334
2016,Diciembre,FUENCARRAL - EL PARDO,10155,4417,5738,119,59,60,447,217,230,760,372,388,990,406,584,1205,486,719,1481,633,848,1381,614,767,1260,563,697,1385,584,801,1127,483,644
2016,Diciembre,MONCLOA - ARAVACA,4594,2103,2491,33,13,20,193,86,107,402,175,227,418,199,219,490,216,274,573,255,318,621,301,320,722,342,380,668,309,359,474,207,267
2016,Diciembre,LATINA,15298,7271,8027,239,141,98,796,416,380,1221,589,632,1424,635,789,1812,812,1000,1987,948,1039,2323,1108,1215,2145,1058,1087,1993,938,1055,1358,626,732
2016,Diciembre,CARABANCHEL,17829,8345,9484,300,169,131,1053,521,532,1429,627,802,1677,717,960,2127,948,1179,2489,1093,1396,2537,1287,1250,2360,1157,1203,2276,1103,1173,1581,723,858
2016,Diciembre,USERA,10394,4921,5473,206,116,90,638,313,325,864,382,482,1002,434,568,1207,539,668,1401,635,766,1495,723,772,1387,714,673,1338,682,656,856,383,473
2016,Diciembre,PUENTE DE VALLECAS,20089,9690,10399,447,250,197,1316,664,652,1756,833,923,1920,854,1066,2316,1033,1283,2428,1170,1258,2675,1358,1317,2833,1351,1482,2780,1398,1382,1618,779,839
2016,Diciembre,MORATALAZ,5666,2572,3094,94,58,36,364,191,173,460,220,240,449,217,232,553,241,312,634,254,380,820,357,463,905,406,499,815,369,446,572,259,313
2016,Diciembre,CIUDAD LINEAL,12203,5559,6644,132,78,54,531,271,260,845,405,440,1128,447,681,1402,621,781,1402,633,769,1723,835,888,1840,852,988,1907,871,1036,1293,546,747
2016,Diciembre,HORTALEZA,8665,3838,4827,106,61,45,350,185,165,658,292,366,796,375,421,982,397,585,1165,459,706,1188,513,675,1263,544,719,1305,619,686,852,393,459
2016,Diciembre,VILLAVERDE,12128,5800,6328,262,133,129,828,409,419,1038,446,592,1144,479,665,1435,674,761,1656,765,891,1709,829,880,1660,837,823,1538,796,742,858,432,426
2016,Diciembre,VILLA DE VALLECAS,7648,3399,4249,179,105,74,472,252,220,713,326,387,809,349,460,1089,445,644,1089,466,623,946,425,521,897,390,507,864,383,481,590,258,332
2016,Diciembre,VICÁLVARO,4942,2193,2749,107,70,37,349,186,163,379,183,196,398,165,233,548,214,334,733,268,465,793,332,461,693,335,358,610,280,330,332,160,172
2016,Diciembre,SAN BLAS-CANILLEJAS,10048,4708,5340,175,95,80,529,292,237,767,360,407,878,407,471,1019,422,597,1131,487,644,1507,713,794,1509,703,806,1605,810,795,928,419,509
2016,Diciembre,BARAJAS,2100,965,1135,16,10,6,79,47,32,147,65,82,190,75,115,244,105,139,291,130,161,296,142,154,272,114,158,347,169,178,218,108,110
2017,Enero,MADRID,192905,89761,103144,2815,1614,1201,9990,5204,4786,16171,7456,8715,18937,8228,10709,22527,9979,12548,24541,10949,13592,26636,12704,13932,26700,12671,14029,26503,12663,13840,18085,8293,9792
2017,Enero,CENTRO,8942,4703,4239,61,30,31,290,164,126,700,315,385,1016,499,517,1253,642,611,1203,643,560,1259,709,550,1173,639,534,1158,635,523,829,427,402
2017,Enero,ARGANZUELA,8093,3662,4431,75,41,34,312,162,150,663,311,352,879,389,490,1050,457,593,986,433,553,1028,474,554,1128,503,625,1136,543,593,836,349,487
2017,Enero,RETIRO,4773,2134,2639,41,21,20,171,89,82,399,197,202,479,197,282,533,237,296,549,237,312,612,261,351,652,295,357,738,332,406,599,268,331
2017,Enero,SALAMANCA,5640,2445,3195,29,19,10,177,105,72,522,227,295,575,243,332,647,303,344,663,274,389,705,306,399,831,352,479,859,362,497,632,254,378
2017,Enero,CHAMARTÍN,5452,2410,3042,28,16,12,151,91,60,415,181,234,553,251,302,595,246,349,622,255,367,741,315,426,822,379,443,887,388,499,638,288,350
2017,Enero,TETUÁN,9559,4492,5067,120,71,49,446,203,243,789,348,441,989,398,591,1106,532,574,1166,547,619,1356,681,675,1387,681,706,1300,623,677,900,408,492
2017,Enero,CHAMBERÍ,5549,2425,3124,28,15,13,177,81,96,522,220,302,634,255,379,639,292,347,680,281,399,672,302,370,753,329,424,829,383,446,615,267,348
2017,Enero,FUENCARRAL - EL PARDO,10493,4642,5851,126,65,61,461,245,216,834,399,435,1030,427,603,1279,519,760,1506,661,845,1397,638,759,1258,569,689,1425,601,824,1177,518,659
2017,Enero,MONCLOA - ARAVACA,4630,2126,2504,34,13,21,190,92,98,391,175,216,441,204,237,507,224,283,563,243,320,624,303,321,714,329,385,669,316,353,497,227,270
2017,Enero,LATINA,15512,7371,8141,256,143,113,828,443,385,1325,633,692,1486,660,826,1817,822,995,1951,902,1049,2334,1111,1223,2149,1058,1091,1979,951,1028,1387,648,739
2017,Enero,CARABANCHEL,18396,8616,9780,321,187,134,1095,557,538,1501,656,845,1766,757,1009,2206,976,1230,2521,1100,1421,2622,1326,1296,2423,1175,1248,2309,1126,1183,1632,756,876
2017,Enero,USERA,10566,4992,5574,215,121,94,645,312,333,891,398,493,1034,446,588,1242,573,669,1453,656,797,1504,710,794,1384,708,676,1334,681,653,864,387,477
2017,Enero,PUENTE DE VALLECAS,20476,9941,10535,439,264,175,1392,704,688,1861,891,970,2046,914,1132,2323,1047,1276,2446,1180,1266,2714,1372,1342,2842,1374,1468,2774,1397,1377,1639,798,841
2017,Enero,MORATALAZ,5809,2643,3166,93,60,33,354,192,162,484,225,259,490,244,246,568,246,322,630,245,385,839,366,473,910,412,498,836,380,456,605,273,332
2017,Enero,CIUDAD LINEAL,12451,5717,6734,125,78,47,538,271,267,960,471,489,1155,465,690,1392,611,781,1421,650,771,1748,849,899,1883,882,1001,1904,871,1033,1325,569,756
2017,Enero,HORTALEZA,8935,3998,4937,98,61,37,405,228,177,715,331,384,821,361,460,996,392,604,1185,478,707,1218,538,680,1276,548,728,1326,633,693,895,428,467
2017,Enero,VILLAVERDE,12361,5914,6447,248,127,121,836,417,419,1083,475,608,1210,524,686,1451,651,800,1681,786,895,1739,841,898,1669,843,826,1552,796,756,892,454,438
2017,Enero,VILLA DE VALLECAS,7764,3452,4312,177,107,70,486,262,224,746,347,399,823,345,478,1093,456,637,1095,463,632,936,419,517,915,408,507,899,387,512,594,258,336
2017,Enero,VICÁLVARO,5068,2287,2781,112,73,39,374,213,161,407,202,205,427,171,256,548,218,330,741,281,460,797,338,459,698,345,353,619,282,337,345,164,181
2017,Enero,SAN BLAS-CANILLEJAS,10309,4805,5504,172,91,81,579,319,260,821,389,432,885,390,495,1038,428,610,1173,501,672,1496,704,792,1559,725,834,1626,813,813,960,445,515
2017,Enero,BARAJAS,2127,986,1141,17,11,6,83,54,29,142,65,77,198,88,110,244,107,137,306,133,173,295,141,154,274,117,157,344,163,181,224,107,117
2017,Febrero,MADRID,194232,90030,104202,2965,1684,1281,10439,5391,5048,16388,7510,8878,19142,8380,10762,22729,9999,12730,24547,10929,13618,26542,12614,13928,26871,12625,14246,26466,12614,13852,18143,8284,9859
2017,Febrero,CENTRO,8884,4657,4227,58,27,31,284,155,129,694,303,391,1050,517,533,1245,629,616,1177,634,543,1231,691,540,1185,656,529,1145,625,520,815,420,395
2017,Febrero,ARGANZUELA,8121,3668,4453,73,40,33,340,169,171,678,320,358,910,414,496,1005,450,555,986,422,564,1024,462,562,1128,484,644,1135,556,579,842,351,491
2017,Febrero,RETIRO,4824,2167,2657,41,23,18,190,89,101,427,202,225,477,211,266,541,245,296,569,248,321,610,277,333,660,287,373,713,317,396,596,268,328
2017,Febrero,SALAMANCA,5621,2423,3198,32,20,12,175,108,67,499,218,281,583,244,339,637,290,347,686,275,411,703,305,398,826,354,472,831,356,475,649,253,396
2017,Febrero,CHAMARTÍN,5388,2410,2978,27,16,11,139,87,52,418,176,242,528,247,281,587,246,341,616,259,357,730,319,411,838,386,452,879,392,487,626,282,344
2017,Febrero,TETUÁN,9785,4553,5232,141,78,63,494,241,253,821,363,458,1021,426,595,1132,518,614,1183,546,637,1365,665,700,1407,679,728,1294,607,687,927,430,497
2017,Febrero,CHAMBERÍ,5575,2450,3125,31,18,13,192,89,103,532,227,305,640,261,379,641,291,350,662,281,381,686,302,384,761,341,420,829,383,446,601,257,344
2017,Febrero,FUENCARRAL - EL PARDO,10439,4579,5860,121,63,58,463,242,221,793,368,425,1057,444,613,1273,514,759,1493,649,844,1388,640,748,1276,568,708,1417,594,823,1158,497,661
2017,Febrero,MONCLOA - ARAVACA,4563,2110,2453,34,15,19,190,87,103,393,187,206,421,205,216,487,207,280,572,253,319,597,293,304,709,323,386,667,315,352,493,225,268
2017,Febrero,LATINA,15606,7380,8226,253,140,113,819,449,370,1343,638,705,1486,646,840,1857,833,1024,1956,903,1053,2313,1115,1198,2169,1056,1113,1999,951,1048,1411,649,762
2017,Febrero,CARABANCHEL,18516,8642,9874,344,207,137,1131,561,570,1531,679,852,1774,755,1019,2259,982,1277,2496,1102,1394,2590,1304,1286,2449,1179,1270,2312,1118,1194,1630,755,875
2017,Febrero,USERA,10664,5003,5661,241,137,104,696,343,353,920,409,511,1040,447,593,1212,536,676,1451,629,822,1501,725,776,1402,702,700,1334,679,655,867,396,471
2017,Febrero,PUENTE DE VALLECAS,20775,10015,10760,457,267,190,1448,724,724,1918,894,1024,2106,957,1149,2385,1065,1320,2452,1189,1263,2723,1359,1364,2826,1355,1471,2794,1397,1397,1666,808,858
2017,Febrero,MORATALAZ,5932,2722,3210,93,60,33,411,213,198,500,249,251,518,250,268,587,265,322,622,247,375,848,384,464,914,409,505,841,382,459,598,263,335
2017,Febrero,CIUDAD LINEAL,12572,5722,6850,131,81,50,587,289,298,933,457,476,1141,451,690,1441,626,815,1430,652,778,1736,836,900,1910,883,1027,1915,877,1038,1348,570,778
2017,Febrero,HORTALEZA,8988,4001,4987,116,70,46,428,224,204,732,340,392,836,381,455,1019,403,616,1180,482,698,1208,531,677,1266,526,740,1314,624,690,889,420,469
2017,Febrero,VILLAVERDE,12407,5859,6548,255,125,130,856,435,421,1070,462,608,1200,519,681,1460,649,811,1677,758,919,1741,815,926,1705,843,862,1548,793,755,895,460,435
2017,Febrero,VILLA DE VALLECAS,7798,3481,4317,181,108,73,497,268,229,760,344,416,834,351,483,1095,475,620,1099,474,625,941,412,529,900,403,497,897,387,510,594,259,335
2017,Febrero,VICÁLVARO,5166,2327,2839,130,84,46,386,226,160,423,206,217,428,167,261,563,225,338,748,285,463,815,341,474,715,351,364,606,272,334,352,170,182
2017,Febrero,SAN BLAS-CANILLEJAS,10456,4867,5589,184,90,94,621,340,281,849,393,456,880,394,486,1061,440,621,1191,515,676,1497,694,803,1553,724,829,1649,824,825,971,453,518
2017,Febrero,BARAJAS,2152,994,1158,22,15,7,92,52,40,154,75,79,212,93,119,242,110,132,301,126,175,295,144,151,272,116,156,347,165,182,215,98,117
2017,Marzo,MADRID,191437,88336,103101,3120,1754,1366,10317,5308,5009,16131,7319,8812,18755,8175,10580,22099,9639,12460,23997,10692,13305,26072,12301,13771,26446,12308,14138,26268,12541,13727,18232,8299,9933
2017,Marzo,CENTRO,8712,4589,4123,61,26,35,266,145,121,727,331,396,991,481,510,1206,612,594,1152,631,521,1206,676,530,1142,639,503,1129,619,510,832,429,403
2017,Marzo,ARGANZUELA,8002,3596,4406,83,42,41,346,170,176,622,285,337,868,396,472,999,439,560,976,432,544,1025,469,556,1106,456,650,1135,554,581,842,353,489
2017,Marzo,RETIRO,4724,2127,2597,33,18,15,192,97,95,412,198,214,465,204,261,521,240,281,573,252,321,597,264,333,647,278,369,703,317,386,581,259,322
2017,Marzo,SALAMANCA,5515,2382,3133,42,27,15,193,109,84,469,204,265,565,245,320,605,276,329,684,269,415,676,299,377,820,352,468,815,344,471,646,257,389
2017,Marzo,CHAMARTÍN,5297,2365,2932,26,14,12,131,71,60,431,182,249,518,245,273,558,230,328,582,252,330,731,320,411,814,367,447,881,408,473,625,276,349
2017,Marzo,TETUÁN,9670,4491,5179,134,75,59,475,227,248,796,352,444,1012,419,593,1122,526,596,1172,540,632,1348,658,690,1386,655,731,1285,613,672,940,426,514
2017,Marzo,CHAMBERÍ,5461,2409,3052,38,22,16,199,92,107,489,236,253,636,264,372,607,261,346,658,283,375,672,287,385,739,325,414,809,377,432,614,262,352
2017,Marzo,FUENCARRAL - EL PARDO,10254,4465,5789,111,57,54,479,243,236,804,360,444,1006,412,594,1260,519,741,1443,632,811,1382,633,749,1256,555,701,1373,567,806,1140,487,653
2017,Marzo,MONCLOA - ARAVACA,4514,2046,2468,40,18,22,204,98,106,376,157,219,393,177,216,499,222,277,566,254,312,567,267,300,705,317,388,666,313,353,498,223,275
2017,Marzo,LATINA,15232,7215,8017,256,150,106,804,444,360,1273,607,666,1464,649,815,1749,785,964,1883,870,1013,2261,1101,1160,2136,1016,1120,1983,937,1046,1423,656,767
2017,Marzo,CARABANCHEL,18231,8497,9734,381,217,164,1121,580,541,1511,671,840,1724,720,1004,2197,942,1255,2454,1083,1371,2546,1271,1275,2387,1149,1238,2272,1099,1173,1638,765,873
2017,Marzo,USERA,10569,4942,5627,238,135,103,710,358,352,909,408,501,1034,436,598,1205,519,686,1397,620,777,1469,689,780,1386,694,692,1349,684,665,872,399,473
2017,Marzo,PUENTE DE VALLECAS,20531,9849,10682,502,289,213,1454,713,741,1852,856,996,2082,935,1147,2298,1023,1275,2379,1133,1246,2702,1359,1343,2807,1346,1461,2782,1389,1393,1673,806,867
2017,Marzo,MORATALAZ,5806,2627,3179,95,59,36,392,199,193,471,216,255,494,247,247,560,250,310,615,238,377,830,368,462,902,394,508,845,387,458,602,269,333
2017,Marzo,CIUDAD LINEAL,12473,5642,6831,133,71,62,565,284,281,979,460,519,1129,462,667,1393,588,805,1431,645,786,1700,798,902,1862,867,995,1909,872,1037,1372,595,777
2017,Marzo,HORTALEZA,8812,3848,4964,136,80,56,390,199,191,748,343,405,816,376,440,1003,373,630,1128,446,682,1171,503,668,1249,516,733,1281,608,673,890,404,486
2017,Marzo,VILLAVERDE,12293,5716,6577,260,135,125,876,427,449,1104,456,648,1177,504,673,1440,628,812,1647,750,897,1669,768,901,1672,812,860,1565,790,775,883,446,437
2017,Marzo,VILLA DE VALLECAS,7702,3416,4286,177,107,70,451,240,211,772,354,418,817,340,477,1068,457,611,1100,475,625,931,396,535,891,388,503,888,395,493,607,264,343
2017,Marzo,VICÁLVARO,5143,2312,2831,138,90,48,378,212,166,435,200,235,434,182,252,547,214,333,729,274,455,814,353,461,703,343,360,612,274,338,353,170,183
2017,Marzo,SAN BLAS-CANILLEJAS,10344,4797,5547,209,102,107,597,338,259,795,370,425,911,385,526,1030,431,599,1132,486,646,1484,682,802,1565,724,841,1640,830,810,981,449,532
2017,Marzo,BARAJAS,2152,1005,1147,27,20,7,94,62,32,156,73,83,219,96,123,232,104,128,296,127,169,291,140,151,271,115,156,346,164,182,220,104,116
2017,Abril,MADRID,186033,85357,100676,3011,1670,1341,9753,4936,4817,15405,6951,8454,18072,7777,10295,21204,9178,12026,23386,10395,12991,25227,11833,13394,25877,12017,13860,25908,12332,13576,18190,8268,9922
2017,Abril,CENTRO,8395,4422,3973,61,28,33,240,127,113,663,290,373,949,451,498,1132,577,555,1108,601,507,1164,655,509,1144,641,503,1119,625,494,815,427,388
2017,Abril,ARGANZUELA,7716,3425,4291,75,41,34,323,155,168,600,272,328,818,362,456,929,389,540,971,440,531,972,446,526,1070,433,637,1123,539,584,835,348,487
2017,Abril,RETIRO,4624,2090,2534,35,21,14,197,106,91,402,195,207,453,217,236,482,220,262,566,241,325,561,240,321,655,287,368,690,306,384,583,257,326
2017,Abril,SALAMANCA,5365,2304,3061,30,20,10,172,106,66,466,208,258,529,220,309,579,259,320,645,258,387,655,281,374,813,351,462,833,345,488,643,256,387
2017,Abril,CHAMARTÍN,5145,2258,2887,25,13,12,137,72,65,393,169,224,508,213,295,526,210,316,586,243,343,697,315,382,788,359,429,871,401,470,614,263,351
2017,Abril,TETUÁN,9334,4326,5008,134,66,68,449,209,240,758,336,422,988,418,570,1070,495,575,1124,526,598,1306,639,667,1346,626,720,1225,586,639,934,425,509
2017,Abril,CHAMBERÍ,5265,2304,2961,32,18,14,178,75,103,473,216,257,595,244,351,582,254,328,647,276,371,643,272,371,710,319,391,792,366,426,613,264,349
2017,Abril,FUENCARRAL - EL PARDO,10010,4338,5672,102,47,55,429,205,224,789,368,421,984,402,582,1224,508,716,1415,625,790,1330,590,740,1236,538,698,1359,570,789,1142,485,657
2017,Abril,MONCLOA - ARAVACA,4431,2002,2429,43,22,21,188,90,98,383,156,227,389,170,219,481,216,265,537,246,291,552,263,289,692,310,382,664,311,353,502,218,284
2017,Abril,LATINA,14712,6932,7780,242,140,102,752,402,350,1191,569,622,1385,610,775,1689,753,936,1844,838,1006,2184,1059,1125,2090,999,1091,1917,898,1019,1418,664,754
2017,Abril,CARABANCHEL,17579,8136,9443,353,181,172,1072,547,525,1409,626,783,1633,681,952,2051,868,1183,2368,1031,1337,2464,1232,1232,2351,1129,1222,2247,1087,1160,1631,754,877
2017,Abril,USERA,10330,4822,5508,241,137,104,669,329,340,856,382,474,1019,432,587,1163,504,659,1354,599,755,1438,658,780,1367,692,675,1330,670,660,893,419,474
2017,Abril,PUENTE DE VALLECAS,19932,9510,10422,460,267,193,1367,642,725,1788,822,966,1988,885,1103,2230,1006,1224,2324,1106,1218,2620,1304,1316,2739,1313,1426,2769,1376,1393,1647,789,858
2017,Abril,MORATALAZ,5612,2531,3081,92,55,37,373,193,180,448,200,248,455,219,236,550,238,312,595,233,362,787,354,433,887,395,492,822,375,447,603,269,334
2017,Abril,CIUDAD LINEAL,12083,5443,6640,144,84,60,568,285,283,904,434,470,1126,446,680,1320,543,777,1389,628,761,1613,765,848,1794,825,969,1870,849,1021,1355,584,771
2017,Abril,HORTALEZA,8639,3764,4875,132,74,58,370,191,179,695,309,386,796,366,430,976,368,608,1112,431,681,1180,505,675,1224,506,718,1258,606,652,896,408,488
2017,Abril,VILLAVERDE,12076,5583,6493,254,126,128,848,415,433,1122,466,656,1144,480,664,1405,613,792,1623,736,887,1609,734,875,1627,786,841,1564,789,775,880,438,442
2017,Abril,VILLA DE VALLECAS,7581,3350,4231,185,117,68,424,224,200,729,329,400,807,335,472,1041,435,606,1092,476,616,943,395,548,883,379,504,878,395,483,599,265,334
2017,Abril,VICÁLVARO,5018,2245,2773,135,86,49,350,202,148,418,193,225,422,169,253,538,215,323,712,274,438,778,330,448,690,333,357,617,271,346,358,172,186
2017,Abril,SAN BLAS-CANILLEJAS,10081,4610,5471,214,109,105,558,298,260,765,345,420,874,370,504,1009,410,599,1089,465,624,1451,666,785,1500,688,812,1626,806,820,995,453,542
2017,Abril,BARAJAS,2105,962,1143,22,18,4,89,63,26,153,66,87,210,87,123,227,97,130,285,122,163,280,130,150,271,108,163,334,161,173,234,110,124
2017,Mayo,MADRID,181735,82796,98939,2978,1668,1310,9532,4811,4721,14934,6680,8254,17505,7425,10080,20605,8814,11791,22746,9955,12791,24526,11394,13132,25262,11676,13586,25467,12116,13351,18180,8257,9923
2017,Mayo,CENTRO,8292,4374,3918,56,29,27,256,129,127,697,311,386,922,445,477,1091,557,534,1088,593,495,1141,645,496,1125,636,489,1088,596,492,828,433,395
2017,Mayo,ARGANZUELA,7533,3323,4210,71,43,28,305,145,160,585,251,334,777,338,439,920,375,545,939,421,518,937,433,504,1047,427,620,1107,538,569,845,352,493
2017,Mayo,RETIRO,4487,2009,2478,36,21,15,176,97,79,386,184,202,442,197,245,479,210,269,543,232,311,542,236,306,626,274,352,680,303,377,577,255,322
2017,Mayo,SALAMANCA,5235,2264,2971,34,23,11,165,98,67,444,211,233,502,206,296,564,245,319,606,235,371,656,285,371,801,348,453,820,352,468,643,261,382
2017,Mayo,CHAMARTÍN,5007,2200,2807,28,18,10,137,77,60,368,170,198,481,208,273,560,219,341,535,222,313,671,301,370,764,339,425,845,380,465,618,266,352
2017,Mayo,TETUÁN,9111,4206,4905,126,66,60,449,219,230,741,320,421,960,404,556,1046,470,576,1086,498,588,1272,614,658,1298,618,680,1201,571,630,932,426,506
2017,Mayo,CHAMBERÍ,5182,2268,2914,33,19,14,158,70,88,458,197,261,602,237,365,586,259,327,639,280,359,615,269,346,706,316,390,772,358,414,613,263,350
2017,Mayo,FUENCARRAL - EL PARDO,9805,4208,5597,109,51,58,406,197,209,765,343,422,932,381,551,1201,510,691,1382,599,783,1295,567,728,1227,521,706,1356,564,792,1132,475,657
2017,Mayo,MONCLOA - ARAVACA,4387,1977,2410,42,24,18,178,83,95,377,152,225,396,180,216,483,218,265,527,225,302,566,264,302,659,299,360,665,318,347,494,214,280
2017,Mayo,LATINA,14407,6732,7675,234,121,113,765,423,342,1155,540,615,1346,583,763,1644,726,918,1817,799,1018,2098,1027,1071,2025,961,1064,1894,884,1010,1429,668,761
2017,Mayo,CARABANCHEL,17156,7889,9267,353,182,171,1084,540,544,1329,587,742,1612,659,953,1945,817,1128,2322,995,1327,2385,1176,1209,2328,1119,1209,2193,1075,1118,1605,739,866
2017,Mayo,USERA,10070,4674,5396,233,128,105,645,309,336,822,364,458,961,407,554,1168,506,662,1297,570,727,1413,634,779,1322,661,661,1322,674,648,887,421,466
2017,Mayo,PUENTE DE VALLECAS,19406,9198,10208,462,277,185,1342,642,700,1723,793,930,1942,845,1097,2136,940,1196,2255,1061,1194,2489,1212,1277,2679,1277,1402,2711,1342,1369,1667,809,858
2017,Mayo,MORATALAZ,5525,2452,3073,98,62,36,346,160,186,469,215,254,446,204,242,525,223,302,590,237,353,774,350,424,861,373,488,807,360,447,609,268,341
2017,Mayo,CIUDAD LINEAL,11653,5197,6456,133,78,55,547,278,269,829,377,452,1069,427,642,1283,540,743,1307,587,720,1566,727,839,1761,800,961,1812,803,1009,1346,580,766
2017,Mayo,HORTALEZA,8452,3640,4812,124,68,56,379,208,171,669,300,369,782,336,446,906,338,568,1098,411,687,1161,484,677,1212,496,716,1243,603,640,878,396,482
2017,Mayo,VILLAVERDE,11790,5415,6375,267,136,131,810,410,400,1083,442,641,1095,457,638,1349,582,767,1605,702,903,1573,721,852,1579,750,829,1539,780,759,890,435,455
2017,Mayo,VILLA DE VALLECAS,7516,3248,4268,181,105,76,429,220,209,728,330,398,818,329,489,997,394,603,1107,471,636,926,380,546,871,380,491,867,381,486,592,258,334
2017,Mayo,VICÁLVARO,4896,2196,2700,135,94,41,342,191,151,411,195,216,410,166,244,523,200,323,676,260,416,756,314,442,670,329,341,605,270,335,368,177,191
2017,Mayo,SAN BLAS-CANILLEJAS,9756,4397,5359,200,103,97,523,263,260,759,340,419,818,339,479,975,396,579,1028,428,600,1412,624,788,1441,650,791,1610,806,804,990,448,542
2017,Mayo,BARAJAS,2069,929,1140,23,20,3,90,52,38,136,58,78,192,77,115,224,89,135,299,129,170,278,131,147,260,102,158,330,158,172,237,113,124
2017,Junio,MADRID,179324,80059,99265,3225,1831,1394,8780,4369,4411,14542,6333,8209,17304,7162,10142,20414,8467,11947,22510,9585,12925,24300,11030,13270,24920,11249,13671,25144,11786,13358,18185,8247,9938
2017,Junio,CENTRO,8181,4231,3950,70,36,34,217,116,101,649,282,367,919,428,491,1117,543,574,1094,568,526,1115,619,496,1102,610,492,1087,594,493,811,435,376
2017,Junio,ARGANZUELA,7405,3251,4154,73,51,22,273,138,135,574,257,317,776,340,436,925,364,561,907,393,514,924,415,509,1024,421,603,1085,519,566,844,353,491
2017,Junio,RETIRO,4371,1940,2431,34,19,15,132,68,64,370,183,187,433,190,243,484,209,275,519,217,302,531,236,295,627,271,356,658,286,372,583,261,322
2017,Junio,SALAMANCA,5158,2170,2988,32,26,6,120,58,62,416,185,231,513,202,311,549,234,315,607,248,359,662,276,386,791,327,464,812,343,469,656,271,385
2017,Junio,CHAMARTÍN,4934,2152,2782,27,21,6,125,75,50,363,165,198,474,197,277,550,208,342,517,210,307,661,299,362,758,337,421,829,369,460,630,271,359
2017,Junio,TETUÁN,8954,4091,4863,162,96,66,413,204,209,690,289,401,973,406,567,1014,453,561,1104,484,620,1221,590,631,1262,592,670,1187,553,634,928,424,504
2017,Junio,CHAMBERÍ,5101,2200,2901,32,18,14,127,60,67,423,187,236,615,243,372,567,249,318,622,263,359,602,250,352,731,318,413,784,359,425,598,253,345
2017,Junio,FUENCARRAL - EL PARDO,9627,4061,5566,114,55,59,359,177,182,728,333,395,889,338,551,1173,472,701,1364,587,777,1316,566,750,1211,506,705,1329,547,782,1144,480,664
2017,Junio,MONCLOA - ARAVACA,4431,1973,2458,50,28,22,165,78,87,362,149,213,432,192,240,493,220,273,530,224,306,569,263,306,666,295,371,663,312,351,501,212,289
2017,Junio,LATINA,14177,6492,7685,266,144,122,740,404,336,1120,511,609,1323,556,767,1631,706,925,1752,757,995,2047,972,1075,1989,922,1067,1907,886,1021,1402,634,768
2017,Junio,CARABANCHEL,16909,7540,9369,361,185,176,1011,477,534,1324,538,786,1558,617,941,1962,794,1168,2308,953,1355,2379,1140,1239,2265,1074,1191,2159,1031,1128,1582,731,851
2017,Junio,USERA,10109,4596,5513,272,156,116,638,300,338,822,348,474,952,409,543,1183,490,693,1302,553,749,1441,633,808,1318,641,677,1314,656,658,867,410,457
2017,Junio,PUENTE DE VALLECAS,19359,8945,10414,538,317,221,1308,617,691,1739,778,961,1910,797,1113,2144,927,1217,2243,1021,1222,2477,1175,1302,2664,1198,1466,2659,1302,1357,1677,813,864
2017,Junio,MORATALAZ,5500,2392,3108,109,63,46,333,156,177,463,213,250,452,197,255,521,212,309,616,246,370,758,337,421,833,347,486,806,355,451,609,266,343
2017,Junio,CIUDAD LINEAL,11408,5001,6407,131,80,51,492,251,241,826,348,478,1029,414,615,1235,498,737,1278,554,724,1524,694,830,1765,794,971,1786,789,997,1342,579,763
2017,Junio,HORTALEZA,8377,3568,4809,126,76,50,342,184,158,664,296,368,754,331,423,886,318,568,1109,422,687,1174,479,695,1198,478,720,1235,578,657,889,406,483
2017,Junio,VILLAVERDE,11426,5099,6327,262,125,137,729,365,364,1041,409,632,1073,433,640,1302,549,753,1550,643,907,1533,683,850,1540,702,838,1486,740,746,910,450,460
2017,Junio,VILLA DE VALLECAS,7464,3109,4355,190,108,82,409,187,222,676,291,385,824,321,503,984,362,622,1128,458,670,935,365,570,865,376,489,845,374,471,608,267,341
2017,Junio,VICÁLVARO,4808,2081,2727,146,93,53,296,171,125,430,200,230,402,151,251,520,193,327,647,247,400,744,290,454,648,306,342,600,260,340,375,170,205
2017,Junio,SAN BLAS-CANILLEJAS,9649,4300,5349,207,116,91,487,248,239,732,322,410,810,326,484,957,383,574,1037,420,617,1402,616,786,1422,634,788,1595,781,814,1000,454,546
2017,Junio,BARAJAS,1976,867,1109,23,18,5,64,35,29,130,49,81,193,74,119,217,83,134,276,117,159,285,132,153,241,100,141,318,152,166,229,107,122
2017,Julio,MADRID,180274,79345,100929,3466,1908,1558,9127,4413,4714,14849,6361,8488,17740,7254,10486,20354,8331,12023,22720,9498,13222,24328,10881,13447,24627,10941,13686,24890,11565,13325,18173,8193,9980
2017,Julio,CENTRO,8373,4303,4070,61,30,31,241,122,119,695,303,392,969,477,492,1117,515,602,1128,593,535,1154,619,535,1090,605,485,1097,597,500,821,442,379
2017,Julio,ARGANZUELA,7607,3284,4323,92,58,34,319,151,168,588,251,337,823,341,482,923,359,564,942,400,542,944,418,526,1047,426,621,1076,525,551,853,355,498
2017,Julio,RETIRO,4462,1950,2512,41,22,19,151,69,82,393,189,204,472,197,275,494,209,285,516,214,302,547,243,304,621,266,355,653,286,367,574,255,319
2017,Julio,SALAMANCA,5198,2190,3008,40,30,10,151,83,68,394,167,227,516,210,306,561,233,328,631,259,372,661,281,380,775,316,459,802,336,466,667,275,392
2017,Julio,CHAMARTÍN,5036,2164,2872,32,21,11,124,67,57,374,149,225,508,213,295,542,206,336,554,236,318,678,301,377,763,326,437,844,373,471,617,272,345
2017,Julio,TETUÁN,8951,4048,4903,186,102,84,422,210,212,718,299,419,988,404,584,999,424,575,1068,457,611,1232,604,628,1242,571,671,1181,551,630,915,426,489
2017,Julio,CHAMBERÍ,5175,2237,2938,41,20,21,133,59,74,450,214,236,644,254,390,597,259,338,627,270,357,590,250,340,724,314,410,755,338,417,614,259,355
2017,Julio,FUENCARRAL - EL PARDO,9745,4065,5680,112,61,51,364,175,189,767,349,418,932,363,569,1185,479,706,1383,569,814,1345,579,766,1207,486,721,1327,536,791,1123,468,655
2017,Julio,MONCLOA - ARAVACA,4453,1935,2518,45,17,28,178,78,100,357,145,212,438,194,244,479,208,271,542,226,316,565,249,316,677,293,384,664,313,351,508,212,296
2017,Julio,LATINA,14424,6522,7902,278,156,122,772,398,374,1182,524,658,1381,576,805,1685,717,968,1764,745,1019,2097,991,1106,1983,915,1068,1880,863,1017,1402,637,765
2017,Julio,CARABANCHEL,16838,7409,9429,383,209,174,1025,467,558,1379,553,826,1611,624,987,1935,798,1137,2277,916,1361,2350,1102,1248,2214,1038,1176,2103,982,1121,1561,720,841
2017,Julio,USERA,9904,4436,5468,292,160,132,645,297,348,817,342,475,921,395,526,1138,466,672,1298,544,754,1406,607,799,1242,593,649,1272,639,633,873,393,480
2017,Julio,PUENTE DE VALLECAS,19266,8776,10490,587,327,260,1355,622,733,1748,790,958,1889,779,1110,2098,900,1198,2211,971,1240,2441,1134,1307,2627,1168,1459,2626,1275,1351,1684,810,874
2017,Julio,MORATALAZ,5609,2414,3195,106,57,49,346,174,172,475,209,266,479,212,267,527,207,320,636,256,380,776,339,437,823,347,476,822,345,477,619,268,351
2017,Julio,CIUDAD LINEAL,11404,4883,6521,149,85,64,502,249,253,832,344,488,1030,384,646,1235,491,744,1303,550,753,1513,678,835,1758,781,977,1749,756,993,1333,565,768
2017,Julio,HORTALEZA,8518,3575,4943,132,78,54,378,196,182,677,293,384,809,338,471,916,350,566,1129,420,709,1147,444,703,1176,466,710,1239,577,662,915,413,502
2017,Julio,VILLAVERDE,11374,4958,6416,291,132,159,742,364,378,1024,393,631,1089,423,666,1297,533,764,1517,608,909,1525,673,852,1518,664,854,1462,721,741,909,447,462
2017,Julio,VILLA DE VALLECAS,7545,3097,4448,197,104,93,421,184,237,703,287,416,826,315,511,984,358,626,1166,474,692,940,359,581,846,368,478,855,383,472,607,265,342
2017,Julio,VICÁLVARO,4809,2045,2764,162,97,65,310,170,140,409,193,216,419,157,262,505,195,310,658,241,417,738,281,457,643,286,357,596,255,341,369,170,199
2017,Julio,SAN BLAS-CANILLEJAS,9605,4205,5400,217,123,94,479,247,232,738,316,422,811,327,484,927,346,581,1074,428,646,1383,596,787,1419,619,800,1580,771,809,977,432,545
2017,Julio,BARAJAS,1978,849,1129,22,19,3,69,31,38,129,51,78,185,71,114,210,78,132,296,121,175,296,133,163,232,93,139,307,143,164,232,109,123
2017,Agosto,MADRID,182379,80106,102273,3474,1890,1584,9593,4611,4982,15424,6511,8913,18119,7392,10727,20610,8422,12188,22958,9645,13313,24277,10820,13457,24848,11029,13819,24834,11552,13282,18242,8234,10008
2017,Agosto,CENTRO,8457,4333,4124,73,34,39,259,137,122,706,292,414,992,471,521,1138,556,582,1126,589,537,1151,618,533,1100,604,496,1088,588,500,824,444,380
2017,Agosto,ARGANZUELA,7693,3327,4366,90,52,38,355,181,174,606,250,356,827,338,489,921,368,553,978,410,568,942,421,521,1045,422,623,1077,530,547,852,355,497
2017,Agosto,RETIRO,4504,1981,2523,37,23,14,153,71,82,391,190,201,469,195,274,496,212,284,527,226,301,547,230,317,646,285,361,638,271,367,600,278,322
2017,Agosto,SALAMANCA,5342,2240,3102,30,19,11,167,81,86,436,195,241,555,226,329,574,238,336,629,259,370,678,291,387,794,322,472,797,327,470,682,282,400
2017,Agosto,CHAMARTÍN,5141,2212,2929,36,20,16,156,79,77,417,177,240,503,213,290,541,207,334,570,245,325,677,292,385,770,331,439,847,369,478,624,279,345
2017,Agosto,TETUÁN,9094,4151,4943,178,101,77,407,208,199,772,330,442,1009,407,602,1017,443,574,1112,481,631,1259,621,638,1230,576,654,1204,569,635,906,415,491
2017,Agosto,CHAMBERÍ,5295,2244,3051,39,20,19,166,73,93,471,204,267,621,247,374,623,258,365,647,257,390,599,252,347,753,328,425,753,339,414,623,266,357
2017,Agosto,FUENCARRAL - EL PARDO,9890,4096,5794,113,60,53,389,174,215,800,355,445,1002,391,611,1169,459,710,1429,602,827,1356,563,793,1195,482,713,1318,548,770,1119,462,657
2017,Agosto,MONCLOA - ARAVACA,4572,1997,2575,49,18,31,197,84,113,404,164,240,476,211,265,484,207,277,533,228,305,581,261,320,687,297,390,663,315,348,498,212,286
2017,Agosto,LATINA,14576,6557,8019,272,152,120,779,388,391,1216,526,690,1428,608,820,1715,735,980,1785,752,1033,2060,961,1099,2007,917,1090,1901,884,1017,1413,634,779
2017,Agosto,CARABANCHEL,16933,7439,9494,382,208,174,1077,479,598,1418,565,853,1626,634,992,1960,802,1158,2256,928,1328,2325,1091,1234,2232,1036,1196,2117,988,1129,1540,708,832
2017,Agosto,USERA,9918,4447,5471,283,165,118,656,300,356,842,341,501,944,403,541,1136,467,669,1290,553,737,1370,600,770,1274,594,680,1244,632,612,879,392,487
2017,Agosto,PUENTE DE VALLECAS,19447,8864,10583,587,322,265,1381,645,736,1822,820,1002,1931,798,1133,2122,882,1240,2247,987,1260,2405,1131,1274,2627,1198,1429,2629,1257,1372,1696,824,872
2017,Agosto,MORATALAZ,5642,2430,3212,116,64,52,359,187,172,467,204,263,481,209,272,545,214,331,647,257,390,772,331,441,817,349,468,815,347,468,623,268,355
2017,Agosto,CIUDAD LINEAL,11535,4940,6595,156,86,70,538,259,279,855,351,504,1080,405,675,1276,515,761,1299,534,765,1492,677,815,1770,791,979,1734,745,989,1335,577,758
2017,Agosto,HORTALEZA,8666,3565,5101,146,86,60,397,202,195,709,280,429,821,334,487,929,341,588,1155,434,721,1167,450,717,1198,463,735,1234,561,673,910,414,496
2017,Agosto,VILLAVERDE,11379,4940,6439,269,120,149,779,386,393,1044,400,644,1103,429,674,1274,502,772,1517,619,898,1509,657,852,1500,651,849,1479,734,745,905,442,463
2017,Agosto,VILLA DE VALLECAS,7684,3181,4503,201,107,94,441,203,238,734,305,429,833,314,519,1030,385,645,1170,483,687,943,362,581,870,378,492,849,377,472,613,267,346
2017,Agosto,VICÁLVARO,4918,2086,2832,159,85,74,356,185,171,441,207,234,426,164,262,514,196,318,667,246,421,756,295,461,647,286,361,576,246,330,376,176,200
2017,Agosto,SAN BLAS-CANILLEJAS,9662,4204,5458,233,129,104,506,247,259,728,298,430,808,328,480,927,355,572,1076,435,641,1386,584,802,1444,618,826,1565,775,790,989,435,554
2017,Agosto,BARAJAS,2031,872,1159,25,19,6,75,42,33,145,57,88,184,67,117,219,80,139,298,120,178,302,132,170,242,101,141,306,150,156,235,104,131
2017,Septiembre,MADRID,181859,80458,101401,3954,2152,1802,10215,4960,5255,15245,6544,8701,17705,7369,10336,20183,8260,11923,22490,9431,13059,23986,10727,13259,24763,11114,13649,24823,11569,13254,18495,8332,10163
2017,Septiembre,CENTRO,8257,4225,4032,86,46,40,264,129,135,682,295,387,953,458,495,1055,492,563,1088,559,529,1131,607,524,1097,616,481,1056,575,481,845,448,397
2017,Septiembre,ARGANZUELA,7579,3280,4299,98,54,44,374,201,173,614,245,369,827,347,480,874,355,519,937,398,539,916,395,521,1015,396,619,1066,522,544,858,367,491
2017,Septiembre,RETIRO,4549,2001,2548,47,27,20,182,88,94,418,200,218,467,205,262,489,215,274,509,211,298,558,230,328,656,283,373,620,269,351,603,273,330
2017,Septiembre,SALAMANCA,5422,2281,3141,39,28,11,197,100,97,467,205,262,564,237,327,588,240,348,628,253,375,690,305,385,776,311,465,782,316,466,691,286,405
2017,Septiembre,CHAMARTÍN,5046,2220,2826,45,30,15,166,85,81,376,170,206,482,203,279,537,231,306,577,237,340,635,280,355,738,327,411,850,375,475,640,282,358
2017,Septiembre,TETUÁN,8940,4037,4903,183,95,88,423,214,209,738,295,443,941,387,554,991,423,568,1082,460,622,1220,598,622,1228,581,647,1202,559,643,932,425,507
2017,Septiembre,CHAMBERÍ,5267,2272,2995,55,29,26,193,94,99,473,209,264,600,238,362,590,261,329,639,252,387,609,259,350,721,321,400,762,342,420,625,267,358
2017,Septiembre,FUENCARRAL - EL PARDO,9774,4119,5655,124,67,57,431,213,218,797,352,445,982,398,584,1133,449,684,1355,561,794,1330,558,772,1197,516,681,1306,550,756,1119,455,664
2017,Septiembre,MONCLOA - ARAVACA,4514,2007,2507,57,29,28,225,95,130,381,163,218,443,197,246,506,221,285,492,210,282,574,269,305,679,303,376,677,323,354,480,197,283
2017,Septiembre,LATINA,14459,6509,7950,302,168,134,821,401,420,1191,512,679,1372,598,774,1645,684,961,1716,724,992,2039,950,1089,2050,951,1099,1895,882,1013,1428,639,789
2017,Septiembre,CARABANCHEL,16944,7530,9414,442,242,200,1102,502,600,1408,582,826,1554,617,937,1933,777,1156,2224,926,1298,2322,1100,1222,2269,1057,1212,2133,1016,1117,1557,711,846
2017,Septiembre,USERA,10016,4526,5490,326,185,141,698,313,385,823,338,485,950,425,525,1126,462,664,1293,563,730,1372,601,771,1258,586,672,1257,630,627,913,423,490
2017,Septiembre,PUENTE DE VALLECAS,19575,9006,10569,678,370,308,1483,718,765,1801,810,991,1907,801,1106,2101,886,1215,2207,977,1230,2396,1132,1264,2643,1218,1425,2650,1279,1371,1709,815,894
2017,Septiembre,MORATALAZ,5624,2402,3222,128,69,59,378,182,196,448,205,243,475,198,277,542,216,326,634,252,382,777,329,448,795,341,454,810,344,466,637,266,371
2017,Septiembre,CIUDAD LINEAL,11525,4964,6561,170,92,78,576,268,308,871,372,499,1037,413,624,1253,509,744,1300,534,766,1457,665,792,1747,769,978,1759,756,1003,1355,586,769
2017,Septiembre,HORTALEZA,8541,3567,4974,155,92,63,401,204,197,677,294,383,811,335,476,917,332,585,1112,415,697,1153,451,702,1171,474,697,1243,555,688,901,415,486
2017,Septiembre,VILLAVERDE,11578,5062,6516,300,144,156,832,401,431,1082,419,663,1104,437,667,1287,516,771,1525,618,907,1498,658,840,1542,678,864,1485,735,750,923,456,467
2017,Septiembre,VILLA DE VALLECAS,7632,3214,4418,248,125,123,469,237,232,697,313,384,814,312,502,981,351,630,1145,473,672,924,358,566,887,385,502,838,379,459,629,281,348
2017,Septiembre,VICÁLVARO,4888,2099,2789,176,98,78,378,201,177,418,196,222,427,169,258,487,192,295,656,252,404,744,277,467,641,285,356,577,244,333,384,185,199
2017,Septiembre,SAN BLAS-CANILLEJAS,9697,4251,5446,271,147,124,541,268,273,749,317,432,801,319,482,919,357,562,1074,436,638,1345,569,776,1416,616,800,1561,777,784,1020,445,575
2017,Septiembre,BARAJAS,2032,886,1146,24,15,9,81,46,35,134,52,82,194,75,119,229,91,138,297,120,177,296,136,160,237,100,137,294,141,153,246,110,136
2017,Octubre,MADRID,181715,80900,100815,3782,2061,1721,10581,5158,5423,15398,6728,8670,17446,7328,10118,20047,8314,11733,22293,9416,12877,24004,10798,13206,24794,11212,13582,24715,11539,13176,18655,8346,10309
2017,Octubre,CENTRO,8300,4282,4018,76,45,31,306,143,163,737,344,393,915,433,482,1059,505,554,1063,563,500,1120,607,513,1108,607,501,1047,568,479,869,467,402
2017,Octubre,ARGANZUELA,7508,3310,4198,92,50,42,376,201,175,624,263,361,811,348,463,886,375,511,873,372,501,909,407,502,1015,417,598,1063,511,552,859,366,493
2017,Octubre,RETIRO,4455,1956,2499,45,23,22,194,95,99,410,195,215,439,192,247,445,200,245,502,222,280,554,228,326,653,281,372,605,260,345,608,260,348
2017,Octubre,SALAMANCA,5371,2232,3139,49,35,14,209,90,119,440,196,244,548,239,309,578,228,350,623,244,379,679,289,390,782,323,459,777,320,457,686,268,418
2017,Octubre,CHAMARTÍN,4990,2173,2817,40,25,15,167,98,69,404,175,229,455,190,265,522,222,300,545,219,326,640,267,373,758,328,430,822,359,463,637,290,347
2017,Octubre,TETUÁN,8874,3986,4888,166,97,69,464,219,245,747,305,442,909,371,538,946,395,551,1090,465,625,1195,577,618,1238,587,651,1182,544,638,937,426,511
2017,Octubre,CHAMBERÍ,5228,2245,2983,42,24,18,205,88,117,472,210,262,581,244,337,590,250,340,644,255,389,622,270,352,707,308,399,755,329,426,610,267,343
2017,Octubre,FUENCARRAL - EL PARDO,9741,4124,5617,118,60,58,450,224,226,810,370,440,923,372,551,1128,449,679,1348,549,799,1339,572,767,1159,496,663,1326,568,758,1140,464,676
2017,Octubre,MONCLOA - ARAVACA,4471,1992,2479,61,30,31,232,108,124,408,176,232,429,183,246,460,188,272,494,218,276,577,277,300,675,314,361,664,307,357,471,191,280
2017,Octubre,LATINA,14471,6673,7798,293,161,132,886,443,443,1211,565,646,1348,607,741,1603,710,893,1719,731,988,2046,958,1088,2013,958,1055,1886,892,994,1466,648,818
2017,Octubre,CARABANCHEL,16985,7590,9395,418,222,196,1131,519,612,1388,597,791,1573,631,942,1929,779,1150,2205,924,1281,2337,1114,1223,2306,1071,1235,2122,1017,1105,1576,716,860
2017,Octubre,USERA,10064,4574,5490,316,181,135,687,326,361,842,351,491,937,409,528,1122,462,660,1308,567,741,1389,618,771,1295,604,691,1253,618,635,915,438,477
2017,Octubre,PUENTE DE VALLECAS,19735,9136,10599,669,371,298,1494,716,778,1841,815,1026,1927,822,1105,2128,897,1231,2263,1014,1249,2394,1153,1241,2659,1241,1418,2620,1285,1335,1740,822,918
2017,Octubre,MORATALAZ,5599,2439,3160,135,71,64,391,191,200,449,209,240,489,212,277,527,233,294,618,245,373,747,324,423,806,343,463,807,354,453,630,257,373
2017,Octubre,CIUDAD LINEAL,11656,5035,6621,164,88,76,614,301,313,861,370,491,1063,429,634,1277,518,759,1296,547,749,1500,666,834,1768,777,991,1764,770,994,1349,569,780
2017,Octubre,HORTALEZA,8492,3576,4916,157,94,63,400,207,193,688,302,386,778,321,457,928,362,566,1059,381,678,1157,461,696,1139,470,669,1268,564,704,918,414,504
2017,Octubre,VILLAVERDE,11661,5119,6542,283,141,142,839,404,435,1085,417,668,1089,437,652,1305,523,782,1549,641,908,1525,659,866,1536,692,844,1492,736,756,958,469,489
2017,Octubre,VILLA DE VALLECAS,7603,3215,4388,226,118,108,500,254,246,696,309,387,813,305,508,963,352,611,1138,480,658,921,364,557,879,385,494,820,367,453,647,281,366
2017,Octubre,VICÁLVARO,4904,2141,2763,163,87,76,384,201,183,406,197,209,428,181,247,514,205,309,636,243,393,750,289,461,663,299,364,585,257,328,375,182,193
2017,Octubre,SAN BLAS-CANILLEJAS,9613,4227,5386,245,125,120,574,282,292,744,310,434,803,327,476,915,372,543,1042,421,621,1316,566,750,1393,603,790,1560,776,784,1021,445,576
2017,Octubre,BARAJAS,1994,875,1119,24,13,11,78,48,30,135,52,83,188,75,113,222,89,133,278,115,163,287,132,155,242,108,134,297,137,160,243,106,137
2017,Noviembre,MADRID,178399,79515,98884,3675,2025,1650,10140,4956,5184,14923,6582,8341,17084,7185,9899,19584,8158,11426,21919,9219,12700,23627,10644,12983,24337,11003,13334,24519,11456,13063,18591,8287,10304
2017,Noviembre,CENTRO,8095,4156,3939,81,44,37,280,137,143,691,316,375,893,410,483,998,477,521,1076,560,516,1106,594,512,1087,595,492,1048,563,485,835,460,375
2017,Noviembre,ARGANZUELA,7380,3276,4104,95,55,40,359,185,174,617,257,360,786,341,445,858,373,485,864,364,500,907,418,489,987,414,573,1055,506,549,852,363,489
2017,Noviembre,RETIRO,4406,1950,2456,45,25,20,171,88,83,439,212,227,419,183,236,469,206,263,501,225,276,528,218,310,636,274,362,594,262,332,604,257,347
2017,Noviembre,SALAMANCA,5312,2233,3079,52,40,12,185,89,96,458,197,261,544,235,309,572,229,343,635,259,376,653,281,372,763,312,451,759,319,440,691,272,419
2017,Noviembre,CHAMARTÍN,4948,2139,2809,39,24,15,173,98,75,404,187,217,449,193,256,515,200,315,541,208,333,628,260,368,731,317,414,824,367,457,644,285,359
2017,Noviembre,TETUÁN,8828,3978,4850,166,95,71,453,217,236,729,299,430,898,373,525,946,418,528,1094,455,639,1186,572,614,1244,581,663,1163,535,628,949,433,516
2017,Noviembre,CHAMBERÍ,5167,2228,2939,40,21,19,220,98,122,484,218,266,569,227,342,568,248,320,624,244,380,620,276,344,707,316,391,722,322,400,613,258,355
2017,Noviembre,FUENCARRAL - EL PARDO,9549,4055,5494,111,63,48,458,216,242,756,346,410,874,355,519,1124,450,674,1318,546,772,1312,562,750,1151,501,650,1323,564,759,1122,452,670
2017,Noviembre,MONCLOA - ARAVACA,4371,1966,2405,59,27,32,213,103,110,377,166,211,404,177,227,462,197,265,485,217,268,579,272,307,655,303,352,652,308,344,485,196,289
2017,Noviembre,LATINA,14217,6571,7646,291,156,135,850,466,384,1154,533,621,1375,589,786,1529,678,851,1709,741,968,2022,950,1072,1977,926,1051,1856,886,970,1454,646,808
2017,Noviembre,CARABANCHEL,16817,7513,9304,401,214,187,1094,495,599,1361,582,779,1543,630,913,1890,777,1113,2176,894,1282,2356,1139,1217,2277,1060,1217,2140,1007,1133,1579,715,864
2017,Noviembre,USERA,9920,4499,5421,303,171,132,681,332,349,833,361,472,926,393,533,1126,468,658,1260,531,729,1370,606,764,1281,603,678,1239,607,632,901,427,474
2017,Noviembre,PUENTE DE VALLECAS,19380,8978,10402,627,353,274,1438,673,765,1778,801,977,1879,812,1067,2076,892,1184,2242,1011,1231,2364,1123,1241,2607,1204,1403,2638,1297,1341,1731,812,919
2017,Noviembre,MORATALAZ,5500,2386,3114,131,70,61,376,184,192,429,200,229,486,214,272,516,217,299,610,241,369,745,318,427,806,348,458,791,341,450,610,253,357
2017,Noviembre,CIUDAD LINEAL,11376,4922,6454,156,85,71,597,295,302,848,370,478,1003,409,594,1238,503,735,1265,531,734,1440,638,802,1726,756,970,1750,767,983,1353,568,785
2017,Noviembre,HORTALEZA,8288,3498,4790,141,82,59,379,193,186,633,292,341,761,310,451,912,351,561,1042,381,661,1123,449,674,1123,463,660,1246,557,689,928,420,508
2017,Noviembre,VILLAVERDE,11340,4965,6375,296,142,154,804,393,411,1003,386,617,1064,422,642,1227,487,740,1510,622,888,1484,656,828,1504,675,829,1477,714,763,971,468,503
2017,Noviembre,VILLA DE VALLECAS,7396,3120,4276,217,120,97,476,233,243,672,294,378,806,322,484,966,354,612,1066,432,634,894,343,551,832,366,466,817,370,447,650,286,364
2017,Noviembre,VICÁLVARO,4727,2054,2673,164,93,71,345,168,177,388,190,198,399,169,230,493,200,293,602,233,369,743,287,456,644,286,358,580,254,326,369,174,195
2017,Noviembre,SAN BLAS-CANILLEJAS,9445,4188,5257,238,130,108,511,256,255,723,315,408,827,352,475,896,355,541,1035,415,620,1297,560,737,1352,591,761,1550,776,774,1016,438,578
2017,Noviembre,BARAJAS,1937,840,1097,22,15,7,77,37,40,146,60,86,179,69,110,203,78,125,264,109,155,270,122,148,247,112,135,295,134,161,234,104,130
2017,Diciembre,MADRID,174212,78544,95668,2989,1674,1315,8956,4359,4597,14277,6429,7848,16600,7047,9553,19202,8137,11065,21783,9380,12403,23337,10710,12627,24207,11106,13101,24371,11440,12931,18490,8262,10228
2017,Diciembre,CENTRO,7989,4121,3868,57,32,25,253,120,133,663,309,354,876,404,472,978,467,511,1094,590,504,1096,584,512,1073,588,485,1054,570,484,845,457,388
2017,Diciembre,ARGANZUELA,7227,3208,4019,78,45,33,311,148,163,584,256,328,770,341,429,839,358,481,877,375,502,907,421,486,985,414,571,1040,496,544,836,354,482
2017,Diciembre,RETIRO,4275,1904,2371,33,18,15,146,75,71,388,197,191,417,176,241,452,201,251,496,222,274,524,227,297,635,285,350,590,252,338,594,251,343
2017,Diciembre,SALAMANCA,5137,2195,2942,41,33,8,174,89,85,421,186,235,504,217,287,545,232,313,619,263,356,619,277,342,768,310,458,761,313,448,685,275,410
2017,Diciembre,CHAMARTÍN,4874,2122,2752,41,26,15,148,80,68,381,169,212,432,183,249,497,204,293,548,211,337,628,270,358,733,322,411,817,369,448,649,288,361
2017,Diciembre,TETUÁN,8571,3906,4665,134,76,58,387,171,216,703,298,405,871,365,506,915,413,502,1057,457,600,1174,563,611,1244,602,642,1160,537,623,926,424,502
2017,Diciembre,CHAMBERÍ,5098,2196,2902,32,18,14,170,76,94,482,217,265,571,233,338,567,251,316,620,242,378,625,284,341,698,305,393,736,326,410,597,244,353
2017,Diciembre,FUENCARRAL - EL PARDO,9386,4021,5365,98,53,45,395,196,199,713,333,380,841,342,499,1123,453,670,1318,561,757,1320,568,752,1160,506,654,1313,567,746,1105,442,663
2017,Diciembre,MONCLOA - ARAVACA,4287,1929,2358,51,24,27,200,97,103,348,135,213,394,183,211,461,199,262,470,208,262,560,265,295,654,302,352,660,315,345,489,201,288
2017,Diciembre,LATINA,13895,6482,7413,221,121,100,732,398,334,1105,512,593,1332,579,753,1534,682,852,1711,762,949,2013,970,1043,1991,954,1037,1837,881,956,1419,623,796
2017,Diciembre,CARABANCHEL,16506,7509,8997,326,179,147,986,444,542,1324,597,727,1549,641,908,1872,791,1081,2203,945,1258,2303,1111,1192,2278,1085,1193,2087,986,1101,1578,730,848
2017,Diciembre,USERA,9624,4430,5194,244,139,105,623,318,305,786,347,439,910,386,524,1066,430,636,1249,551,698,1340,611,729,1260,613,647,1234,601,633,912,434,478
2017,Diciembre,PUENTE DE VALLECAS,18699,8784,9915,495,280,215,1254,595,659,1690,791,899,1788,764,1024,2058,912,1146,2203,997,1206,2327,1147,1180,2537,1193,1344,2613,1289,1324,1734,816,918
2017,Diciembre,MORATALAZ,5343,2346,2997,118,63,55,335,175,160,424,195,229,458,204,254,525,223,302,580,228,352,737,331,406,795,355,440,787,342,445,584,230,354
2017,Diciembre,CIUDAD LINEAL,11154,4874,6280,128,77,51,520,245,275,810,356,454,962,406,556,1201,484,717,1279,536,743,1425,653,772,1743,783,960,1728,765,963,1358,569,789
2017,Diciembre,HORTALEZA,8241,3543,4698,111,65,46,362,178,184,636,305,331,735,304,431,896,356,540,1049,412,637,1120,457,663,1134,466,668,1259,570,689,939,430,509
2017,Diciembre,VILLAVERDE,10989,4870,6119,251,124,127,739,363,376,955,387,568,1049,417,632,1200,486,714,1459,598,861,1455,658,797,1455,653,802,1457,711,746,969,473,496
2017,Diciembre,VILLA DE VALLECAS,7246,3139,4107,191,110,81,445,208,237,633,281,352,804,332,472,926,359,567,1072,460,612,889,356,533,826,371,455,819,378,441,641,284,357
2017,Diciembre,VICÁLVARO,4573,1995,2578,133,74,59,279,138,141,367,178,189,383,163,220,483,200,283,592,229,363,723,277,446,640,285,355,586,263,323,387,188,199
2017,Diciembre,SAN BLAS-CANILLEJAS,9169,4109,5060,185,101,84,431,212,219,711,310,401,788,339,449,855,349,506,1008,413,595,1281,554,727,1355,608,747,1544,775,769,1011,448,563
2017,Diciembre,BARAJAS,1929,861,1068,21,16,5,66,33,33,153,70,83,166,68,98,209,87,122,279,120,159,271,126,145,243,106,137,289,134,155,232,101,131
,,,,,,,,,,,,,,,,,,,,,,,,,,,,,,,,,,,
,,,,,,,,,,,,,,,,,,,,,,,,,,,,,,,,,,,
Fuente: Servicio Público de Empleo Estatal Elaboración: Subdirección General de Estadística Ayuntamiento de Madrid,,,,,,,,,,,,,,,,,,,,,,,,,,,,,,,,,,,
2018,Enero,MADRID,179757,81320,98437,3014,1703,1311,9502,4721,4781,15255,6885,8370,17318,7432,9886,19908,8491,11417,22293,9581,12712,23927,10998,12929,24704,11339,13365,24770,11642,13128,19066,8528,10538
2018,Enero,CENTRO,8210,4255,3955,49,28,21,252,127,125,713,344,369,921,420,501,1057,524,533,1102,584,518,1103,594,509,1069,580,489,1081,584,497,863,470,393
2018,Enero,ARGANZUELA,7446,3318,4128,71,37,34,316,157,159,634,291,343,757,339,418,857,361,496,927,391,536,947,447,500,1006,414,592,1075,515,560,856,366,490
2018,Enero,RETIRO,4452,1982,2470,39,22,17,157,84,73,405,204,201,439,191,248,456,202,254,550,238,312,544,242,302,642,285,357,612,257,355,608,257,351
2018,Enero,SALAMANCA,5260,2238,3022,40,27,13,165,81,84,456,214,242,508,223,285,564,238,326,638,263,375,629,286,343,770,304,466,776,324,452,714,278,436
2018,Enero,CHAMARTÍN,4934,2162,2772,37,23,14,157,83,74,418,190,228,439,190,249,485,203,282,533,211,322,639,282,357,732,319,413,818,370,448,676,291,385
2018,Enero,TETUÁN,8834,4020,4814,138,79,59,432,207,225,740,298,442,910,374,536,945,416,529,1071,462,609,1202,594,608,1260,611,649,1187,552,635,949,427,522
2018,Enero,CHAMBERÍ,5251,2304,2947,31,18,13,199,95,104,531,229,302,589,243,346,597,281,316,627,261,366,640,284,356,694,312,382,730,319,411,613,262,351
2018,Enero,FUENCARRAL - EL PARDO,9644,4140,5504,102,55,47,410,212,198,769,369,400,891,365,526,1139,459,680,1319,537,782,1358,600,758,1197,530,667,1298,557,741,1161,456,705
2018,Enero,MONCLOA - ARAVACA,4351,1948,2403,45,21,24,180,83,97,385,157,228,412,182,230,471,204,267,499,219,280,557,260,297,649,291,358,667,324,343,486,207,279
2018,Enero,LATINA,14307,6600,7707,223,111,112,787,433,354,1165,526,639,1398,625,773,1608,723,885,1730,749,981,2043,971,1072,2034,946,1088,1866,883,983,1453,633,820
2018,Enero,CARABANCHEL,17177,7808,9369,364,206,158,1055,483,572,1427,648,779,1616,683,933,1956,817,1139,2282,981,1301,2380,1145,1235,2345,1110,1235,2135,995,1140,1617,740,877
2018,Enero,USERA,9886,4578,5308,240,139,101,664,347,317,868,399,469,938,399,539,1116,465,651,1244,539,705,1356,608,748,1281,625,656,1254,614,640,925,443,482
2018,Enero,PUENTE DE VALLECAS,19398,9164,10234,513,296,217,1317,638,679,1826,833,993,1912,818,1094,2144,948,1196,2249,1039,1210,2404,1190,1214,2600,1219,1381,2647,1327,1320,1786,856,930
2018,Enero,MORATALAZ,5436,2424,3012,116,70,46,343,179,164,440,215,225,483,221,262,527,222,305,585,234,351,753,332,421,786,356,430,797,353,444,606,242,364
2018,Enero,CIUDAD LINEAL,11557,5116,6441,142,86,56,531,264,267,875,385,490,1042,461,581,1208,491,717,1331,586,745,1467,671,796,1772,797,975,1786,797,989,1403,578,825
2018,Enero,HORTALEZA,8379,3630,4749,96,50,46,392,206,186,662,322,340,751,314,437,920,359,561,1058,424,634,1120,444,676,1131,482,649,1280,574,706,969,455,514
2018,Enero,VILLAVERDE,11450,5129,6321,250,127,123,785,379,406,997,405,592,1079,447,632,1257,511,746,1529,627,902,1518,689,829,1533,710,823,1492,740,752,1010,494,516
2018,Enero,VILLA DE VALLECAS,7493,3232,4261,188,108,80,484,240,244,663,297,366,822,341,481,974,380,594,1106,463,643,902,349,553,859,384,475,824,380,444,671,290,381
2018,Enero,VICÁLVARO,4775,2113,2662,123,72,51,327,174,153,379,178,201,404,176,228,516,214,302,598,225,373,767,309,458,676,305,371,594,267,327,391,193,198
2018,Enero,SAN BLAS-CANILLEJAS,9543,4256,5287,179,108,71,470,214,256,758,316,442,832,346,486,910,385,525,1034,421,613,1333,577,756,1410,642,768,1559,769,790,1058,478,580
2018,Enero,BARAJAS,1974,903,1071,28,20,8,79,35,44,144,65,79,175,74,101,201,88,113,281,127,154,265,124,141,258,117,141,292,141,151,251,112,139
2018,Febrero,MADRID,181056,81837,99219,3277,1834,1443,10037,4953,5084,15548,7075,8473,17403,7463,9940,19793,8410,11383,22259,9545,12714,23979,11016,12963,24926,11416,13510,24823,11601,13222,19011,8524,10487
2018,Febrero,CENTRO,8241,4277,3964,50,31,19,290,147,143,723,344,379,892,411,481,1025,508,517,1069,573,496,1138,615,523,1106,593,513,1087,588,499,861,467,394
2018,Febrero,ARGANZUELA,7416,3304,4112,64,27,37,313,158,155,648,301,347,752,331,421,811,325,486,904,380,524,958,465,493,1028,428,600,1086,516,570,852,373,479
2018,Febrero,RETIRO,4487,1992,2495,40,24,16,189,91,98,379,197,182,416,189,227,470,203,267,556,237,319,553,253,300,648,280,368,622,259,363,614,259,355
2018,Febrero,SALAMANCA,5310,2273,3037,33,17,16,186,94,92,485,221,264,494,217,277,569,236,333,646,271,375,634,285,349,786,321,465,778,334,444,699,277,422
2018,Febrero,CHAMARTÍN,4964,2198,2766,33,22,11,147,79,68,398,187,211,479,211,268,503,216,287,535,211,324,664,286,378,713,312,401,815,371,444,677,303,374
2018,Febrero,TETUÁN,8827,4017,4810,151,96,55,458,219,239,752,314,438,899,362,537,930,405,525,1059,457,602,1185,586,599,1289,618,671,1180,538,642,924,422,502
2018,Febrero,CHAMBERÍ,5241,2314,2927,34,21,13,198,96,102,530,230,300,601,259,342,576,267,309,634,268,366,623,271,352,700,312,388,737,329,408,608,261,347
2018,Febrero,FUENCARRAL - EL PARDO,9803,4224,5579,114,62,52,444,225,219,798,390,408,880,354,526,1164,474,690,1320,543,777,1393,618,775,1217,533,684,1299,553,746,1174,472,702
2018,Febrero,MONCLOA - ARAVACA,4408,1955,2453,55,24,31,197,94,103,394,160,234,402,171,231,459,192,267,515,210,305,568,264,304,661,301,360,673,326,347,484,213,271
2018,Febrero,LATINA,14415,6625,7790,264,136,128,821,429,392,1237,576,661,1382,628,754,1618,721,897,1699,730,969,2035,956,1079,2045,948,1097,1876,879,997,1438,622,816
2018,Febrero,CARABANCHEL,17253,7819,9434,391,218,173,1119,510,609,1441,669,772,1606,657,949,1961,832,1129,2240,970,1270,2379,1118,1261,2344,1118,1226,2142,984,1158,1630,743,887
2018,Febrero,USERA,9995,4605,5390,253,141,112,693,341,352,883,404,479,967,425,542,1110,469,641,1252,537,715,1362,610,752,1302,629,673,1258,615,643,915,434,481
2018,Febrero,PUENTE DE VALLECAS,19585,9213,10372,567,334,233,1393,678,715,1847,847,1000,1940,816,1124,2159,942,1217,2254,1029,1225,2428,1202,1226,2606,1226,1380,2633,1297,1336,1758,842,916
2018,Febrero,MORATALAZ,5557,2488,3069,114,64,50,368,192,176,481,232,249,494,225,269,550,237,313,583,238,345,741,327,414,801,365,436,818,366,452,607,242,365
2018,Febrero,CIUDAD LINEAL,11573,5129,6444,170,95,75,574,280,294,873,375,498,1055,472,583,1139,465,674,1318,577,741,1466,693,773,1785,802,983,1785,790,995,1408,580,828
2018,Febrero,HORTALEZA,8422,3643,4779,112,66,46,400,207,193,665,320,345,767,330,437,907,351,556,1041,410,631,1120,450,670,1136,468,668,1298,586,712,976,455,521
2018,Febrero,VILLAVERDE,11519,5190,6329,278,140,138,809,410,399,1019,412,607,1068,444,624,1249,503,746,1529,640,889,1518,682,836,1534,716,818,1492,741,751,1023,502,521
2018,Febrero,VILLA DE VALLECAS,7587,3252,4335,195,109,86,511,251,260,675,301,374,852,341,511,980,387,593,1126,473,653,905,349,556,849,376,473,827,370,457,667,295,372
2018,Febrero,VICÁLVARO,4849,2163,2686,136,80,56,346,178,168,414,201,213,440,203,237,488,204,284,623,239,384,740,294,446,686,312,374,586,263,323,390,189,201
2018,Febrero,SAN BLAS-CANILLEJAS,9612,4268,5344,194,108,86,510,238,272,762,330,432,841,340,501,917,386,531,1052,423,629,1298,564,734,1433,651,782,1547,761,786,1058,467,591
2018,Febrero,BARAJAS,1992,888,1104,29,19,10,71,36,35,144,64,80,176,77,99,208,87,121,304,129,175,271,128,143,257,107,150,284,135,149,248,106,142
2018,Marzo,MADRID,179406,80906,98500,3384,1883,1501,10110,5018,5092,15431,6999,8432,17269,7358,9911,19450,8218,11232,21765,9303,12462,23601,10716,12885,24689,11344,13345,24721,11564,13157,18986,8503,10483
2018,Marzo,CENTRO,8176,4254,3922,60,36,24,270,128,142,702,326,376,878,409,469,1025,512,513,1080,583,497,1120,612,508,1112,605,507,1075,584,491,854,459,395
2018,Marzo,ARGANZUELA,7237,3236,4001,62,29,33,329,161,168,639,310,329,726,317,409,810,328,482,865,371,494,904,428,476,993,425,568,1064,504,560,845,363,482
2018,Marzo,RETIRO,4444,1951,2493,40,24,16,183,95,88,369,186,183,444,194,250,449,195,254,535,229,306,549,231,318,648,285,363,617,257,360,610,255,355
2018,Marzo,SALAMANCA,5184,2164,3020,37,18,19,166,84,82,453,202,251,508,204,304,551,234,317,623,250,373,622,254,368,757,312,445,771,328,443,696,278,418
2018,Marzo,CHAMARTÍN,4887,2155,2732,35,22,13,150,79,71,360,171,189,467,207,260,498,204,294,523,210,313,655,280,375,713,304,409,824,381,443,662,297,365
2018,Marzo,TETUÁN,8798,4026,4772,162,104,58,460,227,233,759,316,443,873,338,535,931,409,522,1053,463,590,1178,586,592,1261,608,653,1189,539,650,932,436,496
2018,Marzo,CHAMBERÍ,5165,2272,2893,36,22,14,192,86,106,526,232,294,574,247,327,576,258,318,602,253,349,619,269,350,693,303,390,730,333,397,617,269,348
2018,Marzo,FUENCARRAL - EL PARDO,9569,4109,5460,124,72,52,457,225,232,786,386,400,861,350,511,1126,463,663,1254,501,753,1340,575,765,1180,517,663,1282,553,729,1159,467,692
2018,Marzo,MONCLOA - ARAVACA,4343,1965,2378,49,25,24,217,117,100,370,151,219,393,175,218,443,181,262,511,214,297,555,261,294,673,309,364,654,325,329,478,207,271
2018,Marzo,LATINA,14342,6557,7785,287,149,138,824,432,392,1194,552,642,1395,631,764,1612,702,910,1685,718,967,1984,931,1053,2037,944,1093,1852,860,992,1472,638,834
2018,Marzo,CARABANCHEL,17340,7880,9460,420,224,196,1163,564,599,1459,663,796,1594,662,932,1982,841,1141,2216,955,1261,2400,1111,1289,2337,1130,1207,2142,996,1146,1627,734,893
2018,Marzo,USERA,10005,4593,5412,260,146,114,716,349,367,895,413,482,957,411,546,1091,471,620,1262,538,724,1370,605,765,1281,611,670,1256,608,648,917,441,476
2018,Marzo,PUENTE DE VALLECAS,19475,9130,10345,557,332,225,1402,674,728,1849,844,1005,1966,851,1115,2092,904,1188,2222,1008,1214,2361,1161,1200,2615,1221,1394,2634,1281,1353,1777,854,923
2018,Marzo,MORATALAZ,5529,2475,3054,113,62,51,362,188,174,492,239,253,477,216,261,547,228,319,565,227,338,754,340,414,800,367,433,812,366,446,607,242,365
2018,Marzo,CIUDAD LINEAL,11419,5008,6411,170,94,76,575,272,303,884,383,501,1021,437,584,1152,474,678,1298,567,731,1430,646,784,1705,764,941,1792,810,982,1392,561,831
2018,Marzo,HORTALEZA,8297,3591,4706,121,69,52,387,198,189,670,322,348,737,305,432,858,339,519,1024,405,619,1094,440,654,1148,480,668,1279,576,703,979,457,522
2018,Marzo,VILLAVERDE,11480,5168,6312,295,146,149,813,415,398,1038,436,602,1092,461,631,1242,502,740,1458,601,857,1506,661,845,1522,714,808,1493,725,768,1021,507,514
2018,Marzo,VILLA DE VALLECAS,7576,3253,4323,189,99,90,512,259,253,698,305,393,870,354,516,952,363,589,1100,465,635,903,361,542,849,378,471,841,380,461,662,289,373
2018,Marzo,VICÁLVARO,4764,2126,2638,137,82,55,343,189,154,405,196,209,427,189,238,460,179,281,603,231,372,719,294,425,685,318,367,597,268,329,388,180,208
2018,Marzo,SAN BLAS-CANILLEJAS,9411,4136,5275,200,110,90,507,231,276,746,314,432,837,328,509,855,356,499,993,389,604,1272,547,725,1428,643,785,1533,752,781,1040,466,574
2018,Marzo,BARAJAS,1965,857,1108,30,18,12,82,45,37,137,52,85,172,72,100,198,75,123,293,125,168,266,123,143,252,106,146,284,138,146,251,103,148
2018,Abril,MADRID,175464,78484,96980,3373,1825,1548,9785,4791,4994,15025,6729,8296,16809,7088,9721,19036,7951,11085,21107,8975,12132,22841,10308,12533,24070,10970,13100,24393,11355,13038,19025,8492,10533
2018,Abril,CENTRO,7932,4144,3788,78,46,32,248,119,129,667,309,358,847,389,458,998,508,490,1029,555,474,1094,595,499,1085,597,488,1036,568,468,850,458,392
2018,Abril,ARGANZUELA,7047,3100,3947,67,31,36,304,150,154,606,285,321,708,316,392,776,308,468,826,344,482,878,410,468,987,405,582,1053,485,568,842,366,476
2018,Abril,RETIRO,4324,1892,2432,36,19,17,166,87,79,347,165,182,402,174,228,434,194,240,514,228,286,534,224,310,662,279,383,616,262,354,613,260,353
2018,Abril,SALAMANCA,5016,2096,2920,39,20,19,168,93,75,419,191,228,489,201,288,513,212,301,587,239,348,598,255,343,742,289,453,763,324,439,698,272,426
2018,Abril,CHAMARTÍN,4776,2080,2696,39,23,16,145,83,62,342,156,186,462,199,263,494,193,301,519,213,306,645,274,371,688,295,393,799,356,443,643,288,355
2018,Abril,TETUÁN,8611,3905,4706,157,94,63,446,221,225,740,301,439,863,334,529,916,381,535,1012,430,582,1147,570,577,1208,583,625,1183,546,637,939,445,494
2018,Abril,CHAMBERÍ,5004,2188,2816,34,15,19,190,89,101,501,217,284,564,252,312,528,228,300,579,242,337,606,261,345,681,304,377,715,319,396,606,261,345
2018,Abril,FUENCARRAL - EL PARDO,9355,3998,5357,108,61,47,451,223,228,760,351,409,857,359,498,1078,444,634,1227,498,729,1273,552,721,1165,504,661,1280,543,737,1156,463,693
2018,Abril,MONCLOA - ARAVACA,4303,1936,2367,45,21,24,209,101,108,397,171,226,383,171,212,447,185,262,466,190,276,564,261,303,653,305,348,660,329,331,479,202,277
2018,Abril,LATINA,13982,6315,7667,279,145,134,790,403,387,1186,528,658,1350,605,745,1573,666,907,1660,715,945,1897,883,1014,1950,896,1054,1833,850,983,1464,624,840
2018,Abril,CARABANCHEL,16982,7675,9307,419,211,208,1121,535,586,1415,653,762,1581,653,928,1954,826,1128,2149,918,1231,2314,1066,1248,2264,1081,1183,2111,992,1119,1654,740,914
2018,Abril,USERA,9838,4437,5401,270,143,127,712,340,372,881,404,477,947,382,565,1079,451,628,1252,529,723,1291,562,729,1241,583,658,1238,592,646,927,451,476
2018,Abril,PUENTE DE VALLECAS,18951,8790,10161,559,320,239,1356,629,727,1761,791,970,1866,791,1075,2031,883,1148,2137,954,1183,2298,1131,1167,2533,1181,1352,2600,1240,1360,1810,870,940
2018,Abril,MORATALAZ,5412,2385,3027,135,69,66,344,179,165,478,229,249,481,209,272,514,210,304,542,217,325,723,317,406,781,351,430,806,361,445,608,243,365
2018,Abril,CIUDAD LINEAL,11122,4840,6282,171,90,81,553,249,304,856,374,482,963,409,554,1152,468,684,1237,528,709,1377,616,761,1661,744,917,1747,789,958,1405,573,832
2018,Abril,HORTALEZA,8113,3499,4614,109,67,42,373,189,184,631,300,331,723,292,431,857,340,517,988,382,606,1067,431,636,1116,467,649,1272,572,700,977,459,518
2018,Abril,VILLAVERDE,11303,5027,6276,277,136,141,826,421,405,1032,430,602,1081,440,641,1222,489,733,1437,585,852,1459,630,829,1486,687,799,1464,716,748,1019,493,526
2018,Abril,VILLA DE VALLECAS,7383,3143,4240,186,100,86,487,234,253,692,301,391,829,331,498,930,351,579,1070,449,621,868,351,517,836,369,467,830,367,463,655,290,365
2018,Abril,VICÁLVARO,4750,2108,2642,135,77,58,341,190,151,407,198,209,411,185,226,478,182,296,614,243,371,724,284,440,665,307,358,589,259,330,386,183,203
2018,Abril,SAN BLAS-CANILLEJAS,9317,4092,5225,202,118,84,483,218,265,755,319,436,835,328,507,859,351,508,971,391,580,1231,527,704,1424,644,780,1507,741,766,1050,455,595
2018,Abril,BARAJAS,1943,834,1109,28,19,9,72,38,34,152,56,96,167,68,99,203,81,122,291,125,166,253,108,145,242,99,143,291,144,147,244,96,148
2018,Mayo,MADRID,170620,75685,94935,3221,1711,1510,9205,4502,4703,14417,6346,8071,16244,6737,9507,18345,7615,10730,20330,8521,11809,22113,9897,12216,23496,10651,12845,24072,11136,12936,19177,8569,10608
2018,Mayo,CENTRO,7715,4010,3705,74,41,33,222,117,105,653,302,351,829,380,449,937,477,460,972,507,465,1083,592,491,1063,571,492,1029,571,458,853,452,401
2018,Mayo,ARGANZUELA,6917,3004,3913,72,35,37,278,135,143,562,256,306,686,294,392,781,314,467,796,330,466,848,394,454,979,387,592,1058,490,568,857,369,488
2018,Mayo,RETIRO,4251,1864,2387,39,20,19,144,75,69,352,162,190,401,176,225,426,189,237,492,215,277,514,210,304,646,281,365,629,270,359,608,266,342
2018,Mayo,SALAMANCA,4904,2035,2869,40,24,16,187,99,88,408,187,221,481,198,283,478,196,282,553,216,337,578,244,334,735,295,440,759,313,446,685,263,422
2018,Mayo,CHAMARTÍN,4705,2059,2646,34,19,15,150,86,64,339,168,171,433,184,249,473,186,287,523,203,320,633,276,357,667,287,380,802,358,444,651,292,359
2018,Mayo,TETUÁN,8258,3719,4539,141,79,62,394,196,198,724,291,433,848,341,507,850,359,491,947,395,552,1047,513,534,1183,565,618,1177,536,641,947,444,503
2018,Mayo,CHAMBERÍ,4916,2123,2793,36,17,19,193,89,104,511,207,304,545,238,307,502,216,286,568,238,330,580,245,335,656,288,368,711,316,395,614,269,345
2018,Mayo,FUENCARRAL - EL PARDO,9123,3884,5239,91,48,43,414,198,216,715,326,389,821,316,505,1068,439,629,1200,509,691,1228,528,700,1159,506,653,1266,540,726,1161,474,687
2018,Mayo,MONCLOA - ARAVACA,4177,1889,2288,44,17,27,194,106,88,354,155,199,363,151,212,439,188,251,475,194,281,533,249,284,642,295,347,645,324,321,488,210,278
2018,Mayo,LATINA,13412,5973,7439,265,135,130,738,375,363,1095,485,610,1252,540,712,1480,614,866,1571,649,922,1818,834,984,1916,887,1029,1792,817,975,1485,637,848
2018,Mayo,CARABANCHEL,16419,7305,9114,386,188,198,1044,476,568,1346,594,752,1569,628,941,1862,762,1100,2076,885,1191,2224,1017,1207,2198,1049,1149,2056,960,1096,1658,746,912
2018,Mayo,USERA,9552,4269,5283,273,139,134,661,328,333,827,372,455,906,383,523,1035,414,621,1210,497,713,1276,555,721,1208,556,652,1233,586,647,923,439,484
2018,Mayo,PUENTE DE VALLECAS,18513,8472,10041,536,291,245,1311,594,717,1716,764,952,1829,735,1094,1974,835,1139,2046,900,1146,2274,1104,1170,2480,1166,1314,2533,1212,1321,1814,871,943
2018,Mayo,MORATALAZ,5356,2366,2990,127,73,54,342,176,166,475,229,246,461,201,260,492,205,287,556,220,336,711,312,399,754,344,410,823,358,465,615,248,367
2018,Mayo,CIUDAD LINEAL,10671,4672,5999,144,88,56,495,225,270,833,365,468,919,396,523,1092,456,636,1166,500,666,1331,596,735,1584,715,869,1709,763,946,1398,568,830
2018,Mayo,HORTALEZA,7921,3358,4563,110,60,50,354,187,167,583,256,327,694,277,417,865,347,518,945,362,583,1042,410,632,1069,426,643,1265,567,698,994,466,528
2018,Mayo,VILLAVERDE,11071,4901,6170,280,139,141,760,385,375,1019,413,606,1041,416,625,1201,488,713,1390,576,814,1437,617,820,1467,664,803,1429,696,733,1047,507,540
2018,Mayo,VILLA DE VALLECAS,7221,3069,4152,192,105,87,464,226,238,645,283,362,801,325,476,885,327,558,1031,425,606,877,360,517,827,357,470,829,363,466,670,298,372
2018,Mayo,VICÁLVARO,4598,2005,2593,127,69,58,318,170,148,399,181,218,402,177,225,454,183,271,581,213,368,692,274,418,650,302,348,579,253,326,396,183,213
2018,Mayo,SAN BLAS-CANILLEJAS,9038,3933,5105,188,112,76,473,224,249,720,293,427,799,319,480,842,336,506,968,385,583,1151,466,685,1368,617,751,1463,709,754,1066,472,594
2018,Mayo,BARAJAS,1882,775,1107,22,12,10,69,35,34,141,57,84,164,62,102,209,84,125,264,102,162,236,101,135,245,93,152,285,134,151,247,95,152
2018,Junio,MADRID,166473,73039,93434,3447,1823,1624,8333,4119,4214,13804,5993,7811,15879,6453,9426,17823,7284,10539,19945,8266,11679,21612,9587,12025,22991,10283,12708,23705,10836,12869,18934,8395,10539
2018,Junio,CENTRO,7612,3923,3689,78,46,32,210,110,100,642,307,335,818,365,453,957,498,459,934,474,460,1064,558,506,1039,560,479,1021,567,454,849,438,411
2018,Junio,ARGANZUELA,6701,2874,3827,68,37,31,229,105,124,538,232,306,682,286,396,752,296,456,766,304,462,805,387,418,969,373,596,1059,499,560,833,355,478
2018,Junio,RETIRO,4145,1785,2360,33,15,18,121,66,55,331,145,186,411,182,229,430,185,245,453,191,262,526,220,306,621,269,352,619,260,359,600,252,348
2018,Junio,SALAMANCA,4767,1951,2816,37,23,14,144,84,60,379,162,217,466,200,266,480,183,297,550,202,348,567,246,321,711,289,422,755,299,456,678,263,415
2018,Junio,CHAMARTÍN,4585,2024,2561,39,27,12,125,75,50,303,147,156,439,184,255,445,175,270,515,216,299,634,272,362,658,286,372,783,350,433,644,292,352
2018,Junio,TETUÁN,8073,3604,4469,136,69,67,371,179,192,684,275,409,805,322,483,838,360,478,953,390,563,1032,493,539,1161,553,608,1164,538,626,929,425,504
2018,Junio,CHAMBERÍ,4763,2030,2733,33,15,18,151,65,86,458,186,272,511,222,289,522,224,298,549,226,323,582,246,336,652,279,373,705,308,397,600,259,341
2018,Junio,FUENCARRAL - EL PARDO,8893,3724,5169,87,49,38,344,168,176,714,346,368,830,310,520,1017,395,622,1203,504,699,1172,495,677,1149,487,662,1255,522,733,1122,448,674
2018,Junio,MONCLOA - ARAVACA,4089,1828,2261,42,21,21,153,77,76,357,160,197,355,147,208,448,184,264,459,182,277,531,254,277,622,285,337,652,315,337,470,203,267
2018,Junio,LATINA,13153,5793,7360,275,142,133,674,348,326,1098,471,627,1244,531,713,1457,580,877,1550,652,898,1766,791,975,1857,867,990,1767,787,980,1465,624,841
2018,Junio,CARABANCHEL,15978,7026,8952,388,194,194,947,440,507,1306,563,743,1508,585,923,1816,747,1069,2037,860,1177,2164,972,1192,2146,1009,1137,2007,917,1090,1659,739,920
2018,Junio,USERA,9336,4104,5232,298,144,154,573,281,292,816,354,462,918,374,544,986,390,596,1180,488,692,1248,540,708,1197,544,653,1202,555,647,918,434,484
2018,Junio,PUENTE DE VALLECAS,18166,8257,9909,646,333,313,1279,611,668,1600,693,907,1814,735,1079,1911,804,1107,2014,884,1130,2187,1054,1133,2409,1094,1315,2465,1164,1301,1841,885,956
2018,Junio,MORATALAZ,5181,2257,2924,150,79,71,320,171,149,438,212,226,451,198,253,463,185,278,539,205,334,696,300,396,701,319,382,812,345,467,611,243,368
2018,Junio,CIUDAD LINEAL,10430,4511,5919,155,93,62,452,211,241,785,342,443,862,352,510,1058,421,637,1159,492,667,1313,599,714,1560,684,876,1709,765,944,1377,552,825
2018,Junio,HORTALEZA,7753,3257,4496,120,72,48,340,185,155,567,248,319,665,253,412,820,322,498,946,358,588,1037,401,636,1037,412,625,1232,544,688,989,462,527
2018,Junio,VILLAVERDE,10810,4704,6106,296,155,141,681,336,345,980,396,584,1012,376,636,1165,457,708,1351,554,797,1408,605,803,1475,644,831,1421,687,734,1021,494,527
2018,Junio,VILLA DE VALLECAS,7042,2942,4100,202,108,94,413,195,218,621,261,360,802,327,475,876,323,553,1015,414,601,852,338,514,807,339,468,798,347,451,656,290,366
2018,Junio,VICÁLVARO,4487,1935,2552,155,82,73,307,156,151,377,167,210,375,153,222,414,166,248,575,215,360,689,265,424,634,292,342,573,258,315,388,181,207
2018,Junio,SAN BLAS-CANILLEJAS,8728,3786,4942,190,108,82,434,221,213,692,283,409,750,290,460,788,319,469,953,366,587,1111,459,652,1334,600,734,1435,682,753,1041,458,583
2018,Junio,BARAJAS,1781,724,1057,19,11,8,65,35,30,118,43,75,161,61,100,180,70,110,244,89,155,228,92,136,252,98,154,271,127,144,243,98,145
2018,Julio,MADRID,166322,71975,94347,3605,1875,1730,8352,4038,4314,13732,5879,7853,15972,6407,9565,17953,7283,10670,19832,8064,11768,21566,9362,12204,22758,10053,12705,23612,10632,12980,18940,8382,10558
2018,Julio,CENTRO,7768,3911,3857,71,42,29,224,113,111,640,289,351,864,381,483,987,485,502,985,499,486,1069,557,512,1051,557,494,1001,550,451,876,438,438
2018,Julio,ARGANZUELA,6801,2909,3892,73,40,33,250,107,143,558,253,305,710,308,402,794,323,471,793,309,484,810,372,438,934,359,575,1046,479,567,833,359,474
2018,Julio,RETIRO,4177,1805,2372,36,18,18,126,66,60,339,160,179,404,171,233,416,183,233,468,198,270,526,216,310,633,273,360,624,266,358,605,254,351
2018,Julio,SALAMANCA,4812,1934,2878,34,24,10,153,84,69,403,173,230,476,197,279,475,188,287,556,198,358,563,238,325,714,277,437,772,300,472,666,255,411
2018,Julio,CHAMARTÍN,4617,2014,2603,39,27,12,123,73,50,341,163,178,449,183,266,447,184,263,511,210,301,654,275,379,649,285,364,756,322,434,648,292,356
2018,Julio,TETUÁN,8020,3536,4484,135,65,70,395,196,199,694,282,412,813,319,494,842,356,486,937,375,562,1020,474,546,1138,529,609,1140,521,619,906,419,487
2018,Julio,CHAMBERÍ,4802,2070,2732,34,16,18,148,74,74,422,168,254,530,236,294,547,234,313,542,221,321,613,253,360,637,286,351,729,319,410,600,263,337
2018,Julio,FUENCARRAL - EL PARDO,8893,3694,5199,107,65,42,348,167,181,670,306,364,834,308,526,1007,387,620,1204,501,703,1197,488,709,1129,494,635,1258,521,737,1139,457,682
2018,Julio,MONCLOA - ARAVACA,4190,1869,2321,45,20,25,174,87,87,341,145,196,393,164,229,444,183,261,438,171,267,563,260,303,636,296,340,664,318,346,492,225,267
2018,Julio,LATINA,13104,5678,7426,286,147,139,682,334,348,1063,449,614,1269,534,735,1513,591,922,1518,618,900,1780,774,1006,1807,825,982,1725,786,939,1461,620,841
2018,Julio,CARABANCHEL,15699,6790,8909,379,184,195,922,413,509,1285,543,742,1483,569,914,1774,725,1049,2023,838,1185,2141,948,1193,2095,980,1115,1978,875,1103,1619,715,904
2018,Julio,USERA,9276,4017,5259,330,161,169,605,285,320,778,342,436,868,330,538,991,386,605,1160,474,686,1238,532,706,1188,527,661,1197,540,657,921,440,481
2018,Julio,PUENTE DE VALLECAS,17959,7995,9964,671,336,335,1243,592,651,1621,694,927,1773,705,1068,1873,765,1108,1980,828,1152,2135,1009,1126,2376,1067,1309,2455,1137,1318,1832,862,970
2018,Julio,MORATALAZ,5226,2224,3002,143,77,66,329,178,151,482,215,267,441,185,256,476,192,284,540,200,340,700,295,405,696,304,392,808,336,472,611,242,369
2018,Julio,CIUDAD LINEAL,10416,4422,5994,175,98,77,448,204,244,772,325,447,889,363,526,1042,415,627,1167,478,689,1289,573,716,1560,671,889,1709,735,974,1365,560,805
2018,Julio,HORTALEZA,7927,3271,4656,137,69,68,333,163,170,603,268,335,677,249,428,862,346,516,948,352,596,1058,401,657,1060,406,654,1243,552,691,1006,465,541
2018,Julio,VILLAVERDE,10679,4610,6069,313,169,144,690,320,370,974,385,589,994,383,611,1170,452,718,1310,539,771,1356,576,780,1427,616,811,1416,670,746,1029,500,529
2018,Julio,VILLA DE VALLECAS,7123,2974,4149,217,113,104,400,197,203,607,243,364,803,333,470,920,351,569,1018,409,609,862,346,516,824,346,478,808,344,464,664,292,372
2018,Julio,VICÁLVARO,4438,1868,2570,156,83,73,293,148,145,354,155,199,389,158,231,406,156,250,572,201,371,675,254,421,644,287,357,566,247,319,383,179,204
2018,Julio,SAN BLAS-CANILLEJAS,8635,3673,4962,203,108,95,410,207,203,665,277,388,745,270,475,773,304,469,924,360,564,1100,435,665,1319,573,746,1444,687,757,1052,452,600
2018,Julio,BARAJAS,1760,711,1049,21,13,8,56,30,26,120,44,76,168,61,107,194,77,117,238,85,153,217,86,131,241,95,146,273,127,146,232,93,139
2018,Agosto,MADRID,167871,72318,95553,3700,1916,1784,8644,4134,4510,14083,5893,8190,16333,6519,9814,18061,7277,10784,19931,8118,11813,21781,9473,12308,22745,10004,12741,23714,10649,13065,18879,8335,10544
2018,Agosto,CENTRO,7807,3915,3892,62,39,23,214,104,110,636,286,350,902,395,507,993,468,525,1005,526,479,1069,561,508,1049,553,496,1007,550,457,870,433,437
2018,Agosto,ARGANZUELA,6946,2932,4014,79,43,36,275,125,150,584,257,327,736,302,434,786,315,471,825,316,509,835,377,458,938,363,575,1057,473,584,831,361,470
2018,Agosto,RETIRO,4200,1792,2408,32,17,15,130,71,59,338,155,183,413,173,240,423,165,258,482,207,275,532,217,315,620,271,349,629,270,359,601,246,355
2018,Agosto,SALAMANCA,4916,1983,2933,40,26,14,180,99,81,404,162,242,496,202,294,490,200,290,551,193,358,577,244,333,714,280,434,798,319,479,666,258,408
2018,Agosto,CHAMARTÍN,4681,2037,2644,36,26,10,137,75,62,352,165,187,469,194,275,478,202,276,531,226,305,643,264,379,643,276,367,754,319,435,638,290,348
2018,Agosto,TETUÁN,8067,3525,4542,153,76,77,385,182,203,679,258,421,835,316,519,872,371,501,930,369,561,1042,491,551,1121,517,604,1150,529,621,900,416,484
2018,Agosto,CHAMBERÍ,4895,2098,2797,35,15,20,152,74,78,457,177,280,568,256,312,525,227,298,564,244,320,625,252,373,626,268,358,731,318,413,612,267,345
2018,Agosto,FUENCARRAL - EL PARDO,8994,3734,5260,107,61,46,365,167,198,693,309,384,848,328,520,1035,398,637,1185,476,709,1225,512,713,1138,489,649,1257,527,730,1141,467,674
2018,Agosto,MONCLOA - ARAVACA,4246,1860,2386,46,21,25,180,85,95,369,152,217,377,156,221,446,184,262,448,174,274,570,257,313,639,287,352,664,316,348,507,228,279
2018,Agosto,LATINA,13246,5741,7505,287,157,130,704,342,362,1131,457,674,1276,533,743,1487,577,910,1549,645,904,1788,794,994,1810,832,978,1767,795,972,1447,609,838
2018,Agosto,CARABANCHEL,15851,6838,9013,398,187,211,941,422,519,1346,571,775,1505,587,918,1772,712,1060,2029,831,1198,2158,961,1197,2103,992,1111,1970,863,1107,1629,712,917
2018,Agosto,USERA,9417,4069,5348,339,170,169,630,282,348,787,346,441,910,340,570,1028,410,618,1141,447,694,1254,551,703,1188,525,663,1214,553,661,926,445,481
2018,Agosto,PUENTE DE VALLECAS,17980,8026,9954,673,350,323,1260,598,662,1617,687,930,1775,713,1062,1868,757,1111,1997,855,1142,2139,1018,1121,2360,1050,1310,2456,1132,1324,1835,866,969
2018,Agosto,MORATALAZ,5244,2207,3037,144,75,69,328,172,156,490,209,281,467,191,276,475,192,283,536,194,342,699,293,406,701,302,399,794,329,465,610,250,360
2018,Agosto,CIUDAD LINEAL,10530,4428,6102,191,104,87,483,223,260,817,346,471,910,363,547,1058,416,642,1174,467,707,1315,570,745,1538,658,880,1715,737,978,1329,544,785
2018,Agosto,HORTALEZA,7966,3277,4689,140,73,67,361,178,183,608,258,350,712,259,453,840,351,489,946,352,594,1050,396,654,1079,405,674,1236,550,686,994,455,539
2018,Agosto,VILLAVERDE,10733,4598,6135,324,159,165,734,340,394,972,366,606,1002,383,619,1169,453,716,1283,529,754,1355,577,778,1470,643,827,1399,656,743,1025,492,533
2018,Agosto,VILLA DE VALLECAS,7130,2929,4201,224,112,112,388,192,196,622,244,378,810,324,486,912,332,580,1027,419,608,874,344,530,820,346,474,795,335,460,658,281,377
2018,Agosto,VICÁLVARO,4508,1881,2627,162,79,83,307,157,150,354,151,203,389,153,236,439,171,268,557,195,362,692,265,427,653,287,366,568,246,322,387,177,210
2018,Agosto,SAN BLAS-CANILLEJAS,8770,3751,5019,213,116,97,438,216,222,700,288,412,761,287,474,775,303,472,939,373,566,1127,452,675,1300,560,740,1477,707,770,1040,449,591
2018,Agosto,BARAJAS,1744,697,1047,15,10,5,52,30,22,127,49,78,172,64,108,190,73,117,232,80,152,212,77,135,235,100,135,276,125,151,233,89,144
2018,Septiembre,MADRID,167319,72480,94839,3867,1994,1873,9330,4564,4766,14132,6116,8016,15665,6283,9382,17800,7080,10720,19614,7983,11631,21503,9368,12135,22701,10060,12641,23774,10703,13071,18933,8329,10604
2018,Septiembre,CENTRO,7563,3771,3792,66,36,30,252,127,125,597,273,324,840,361,479,905,432,473,957,492,465,1044,540,504,1020,544,476,1016,539,477,866,427,439
2018,Septiembre,ARGANZUELA,6902,2942,3960,90,49,41,322,151,171,551,246,305,716,290,426,796,334,462,785,314,471,842,388,454,928,361,567,1048,460,588,824,349,475
2018,Septiembre,RETIRO,4207,1810,2397,33,19,14,139,76,63,361,164,197,382,169,213,419,167,252,480,204,276,544,230,314,622,265,357,639,275,364,588,241,347
2018,Septiembre,SALAMANCA,4870,1984,2886,36,25,11,186,97,89,420,183,237,482,186,296,470,187,283,526,191,335,544,232,312,723,296,427,809,326,483,674,261,413
2018,Septiembre,CHAMARTÍN,4601,1970,2631,39,28,11,147,77,70,342,161,181,444,188,256,440,178,262,494,189,305,648,265,383,646,276,370,765,327,438,636,281,355
2018,Septiembre,TETUÁN,7994,3506,4488,177,93,84,385,172,213,677,275,402,766,297,469,858,347,511,913,388,525,1039,481,558,1120,504,616,1143,530,613,916,419,497
2018,Septiembre,CHAMBERÍ,4874,2089,2785,35,15,20,174,81,93,463,194,269,561,250,311,510,213,297,545,235,310,607,248,359,660,282,378,717,311,406,602,260,342
2018,Septiembre,FUENCARRAL - EL PARDO,8988,3738,5250,126,76,50,416,185,231,702,331,371,796,303,493,1028,385,643,1134,456,678,1221,509,712,1143,485,658,1271,547,724,1151,461,690
2018,Septiembre,MONCLOA - ARAVACA,4189,1836,2353,42,16,26,196,98,98,361,144,217,370,154,216,420,167,253,448,167,281,537,244,293,643,298,345,647,305,342,525,243,282
2018,Septiembre,LATINA,13283,5848,7435,289,165,124,807,400,407,1130,501,629,1270,538,732,1454,561,893,1515,625,890,1745,773,972,1836,863,973,1775,798,977,1462,624,838
2018,Septiembre,CARABANCHEL,15818,6911,8907,452,217,235,985,470,515,1330,585,745,1405,564,841,1746,691,1055,2039,840,1199,2124,941,1183,2103,986,1117,1991,885,1106,1643,732,911
2018,Septiembre,USERA,9521,4108,5413,350,169,181,670,310,360,840,356,484,901,339,562,1047,409,638,1110,436,674,1268,554,714,1204,545,659,1199,543,656,932,447,485
2018,Septiembre,PUENTE DE VALLECAS,18024,8093,9931,630,324,306,1283,621,662,1648,719,929,1731,689,1042,1901,771,1130,2042,876,1166,2121,1017,1104,2353,1061,1292,2481,1156,1325,1834,859,975
2018,Septiembre,MORATALAZ,5193,2207,2986,152,84,68,346,188,158,509,216,293,426,176,250,443,184,259,552,203,349,694,281,413,684,303,381,789,330,459,598,242,356
2018,Septiembre,CIUDAD LINEAL,10493,4453,6040,210,116,94,514,247,267,839,348,491,878,344,534,1043,410,633,1172,476,696,1267,560,707,1527,657,870,1698,748,950,1345,547,798
2018,Septiembre,HORTALEZA,7800,3249,4551,153,73,80,361,180,181,569,257,312,683,275,408,805,318,487,934,351,583,1021,403,618,1067,414,653,1220,538,682,987,440,547
2018,Septiembre,VILLAVERDE,10813,4639,6174,358,161,197,811,394,417,992,404,588,966,363,603,1176,452,724,1276,512,764,1348,565,783,1432,625,807,1418,662,756,1036,501,535
2018,Septiembre,VILLA DE VALLECAS,7068,2889,4179,212,111,101,437,213,224,617,244,373,755,298,457,891,324,567,1003,394,609,872,354,518,817,338,479,808,336,472,656,277,379
2018,Septiembre,VICÁLVARO,4560,1934,2626,168,79,89,345,187,158,374,169,205,380,154,226,458,175,283,536,195,341,663,244,419,644,285,359,588,259,329,404,187,217
2018,Septiembre,SAN BLAS-CANILLEJAS,8769,3801,4968,224,122,102,494,259,235,685,296,389,748,286,462,786,295,491,928,369,559,1119,451,668,1293,578,715,1469,702,767,1023,443,580
2018,Septiembre,BARAJAS,1789,702,1087,25,16,9,60,31,29,125,50,75,165,59,106,204,80,124,225,70,155,235,88,147,236,94,142,283,126,157,231,88,143
2018,Octubre,MADRID,166345,72395,93950,3510,1845,1665,9497,4658,4839,14210,6208,8002,15608,6367,9241,17559,7028,10531,19384,7943,11441,21344,9412,11932,22575,9978,12597,23719,10636,13083,18939,8320,10619
2018,Octubre,CENTRO,7431,3725,3706,66,37,29,255,128,127,643,306,337,819,347,472,861,418,443,899,458,441,996,533,463,1014,526,488,1007,536,471,871,436,435
2018,Octubre,ARGANZUELA,6786,2890,3896,90,47,43,307,142,165,563,261,302,705,290,415,745,305,440,766,307,459,836,375,461,931,383,548,1035,443,592,808,337,471
2018,Octubre,RETIRO,4170,1797,2373,27,15,12,151,70,81,357,168,189,385,179,206,411,159,252,469,196,273,540,239,301,591,257,334,649,282,367,590,232,358
2018,Octubre,SALAMANCA,4757,1951,2806,36,25,11,192,96,96,409,172,237,456,197,259,468,195,273,519,198,321,524,222,302,713,274,439,782,315,467,658,257,401
2018,Octubre,CHAMARTÍN,4562,1969,2593,32,24,8,153,81,72,348,162,186,431,181,250,420,165,255,485,191,294,627,270,357,647,266,381,775,344,431,644,285,359
2018,Octubre,TETUÁN,7938,3504,4434,159,85,74,366,170,196,683,288,395,761,288,473,856,336,520,896,392,504,1061,503,558,1103,506,597,1137,518,619,916,418,498
2018,Octubre,CHAMBERÍ,4805,2029,2776,26,11,15,179,76,103,493,203,290,529,234,295,508,203,305,526,228,298,589,242,347,657,273,384,690,302,388,608,257,351
2018,Octubre,FUENCARRAL - EL PARDO,8907,3710,5197,107,63,44,441,199,242,706,327,379,783,292,491,1008,375,633,1122,436,686,1217,528,689,1138,490,648,1231,533,698,1154,467,687
2018,Octubre,MONCLOA - ARAVACA,4147,1820,2327,47,19,28,221,106,115,369,153,216,358,149,209,404,163,241,458,176,282,534,245,289,607,277,330,660,306,354,489,226,263
2018,Octubre,LATINA,13334,5941,7393,272,149,123,830,418,412,1138,503,635,1241,553,688,1480,591,889,1550,649,901,1741,798,943,1815,853,962,1794,805,989,1473,622,851
2018,Octubre,CARABANCHEL,15883,6956,8927,429,216,213,1032,483,549,1324,582,742,1467,595,872,1698,688,1010,2041,825,1216,2096,933,1163,2125,996,1129,2025,905,1120,1646,733,913
2018,Octubre,USERA,9469,4127,5342,288,141,147,693,332,361,841,363,478,916,360,556,1010,399,611,1107,443,664,1289,575,714,1166,519,647,1226,550,676,933,445,488
2018,Octubre,PUENTE DE VALLECAS,18105,8110,9995,589,309,280,1291,630,661,1651,700,951,1743,722,1021,1931,790,1141,2035,888,1147,2174,1028,1146,2361,1043,1318,2488,1142,1346,1842,858,984
2018,Octubre,MORATALAZ,5131,2210,2921,137,75,62,352,194,158,498,210,288,409,178,231,438,181,257,520,186,334,670,286,384,705,310,395,796,337,459,606,253,353
2018,Octubre,CIUDAD LINEAL,10443,4524,5919,181,99,82,487,239,248,844,382,462,891,359,532,1055,428,627,1163,497,666,1253,550,703,1532,659,873,1694,752,942,1343,559,784
2018,Octubre,HORTALEZA,7758,3228,4530,128,65,63,369,186,183,565,250,315,672,248,424,804,324,480,917,352,565,1044,425,619,1046,413,633,1227,527,700,986,438,548
2018,Octubre,VILLAVERDE,10737,4602,6135,330,159,171,815,397,418,979,401,578,1012,402,610,1148,430,718,1258,497,761,1336,547,789,1434,636,798,1396,634,762,1029,499,530
2018,Octubre,VILLA DE VALLECAS,6986,2870,4116,193,104,89,452,228,224,620,253,367,748,289,459,863,325,538,983,378,605,859,345,514,810,341,469,801,331,470,657,276,381
2018,Octubre,VICÁLVARO,4444,1885,2559,136,67,69,343,174,169,360,165,195,366,148,218,449,166,283,532,204,328,650,241,409,638,285,353,572,251,321,398,184,214
2018,Octubre,SAN BLAS-CANILLEJAS,8751,3810,4941,210,114,96,496,268,228,697,301,396,744,290,454,797,310,487,911,358,553,1091,449,642,1307,581,726,1455,696,759,1043,443,600
2018,Octubre,BARAJAS,1801,737,1064,27,21,6,72,41,31,122,58,64,172,66,106,205,77,128,227,84,143,217,78,139,235,90,145,279,127,152,245,95,150
2018,Noviembre,MADRID,163866,71621,92245,3393,1789,1604,9247,4575,4672,14030,6158,7872,15365,6247,9118,17302,7002,10300,19099,7850,11249,21000,9312,11688,22190,9857,12333,23401,10545,12856,18839,8286,10553
2018,Noviembre,CENTRO,7406,3718,3688,65,42,23,247,126,121,654,296,358,842,364,478,888,450,438,926,464,462,955,496,459,1004,532,472,987,524,463,838,424,414
2018,Noviembre,ARGANZUELA,6624,2787,3837,82,36,46,292,140,152,541,248,293,685,272,413,754,305,449,747,290,457,811,366,445,888,358,530,1021,442,579,803,330,473
2018,Noviembre,RETIRO,4076,1748,2328,27,14,13,150,73,77,355,159,196,369,168,201,391,156,235,446,184,262,518,222,296,593,259,334,630,273,357,597,240,357
2018,Noviembre,SALAMANCA,4714,1942,2772,25,16,9,168,88,80,406,172,234,442,189,253,470,195,275,531,201,330,528,230,298,711,279,432,780,317,463,653,255,398
2018,Noviembre,CHAMARTÍN,4480,1939,2541,30,21,9,141,81,60,335,157,178,419,178,241,424,168,256,476,180,296,610,259,351,647,276,371,775,345,430,623,274,349
2018,Noviembre,TETUÁN,7796,3470,4326,156,82,74,378,195,183,669,287,382,750,276,474,819,332,487,855,373,482,1042,488,554,1087,511,576,1124,505,619,916,421,495
2018,Noviembre,CHAMBERÍ,4724,2008,2716,29,11,18,197,80,117,487,208,279,503,207,296,501,214,287,511,227,284,580,241,339,635,264,371,677,299,378,604,257,347
2018,Noviembre,FUENCARRAL - EL PARDO,8749,3654,5095,105,63,42,455,212,243,696,317,379,770,307,463,951,352,599,1075,421,654,1195,510,685,1144,495,649,1229,533,696,1129,444,685
2018,Noviembre,MONCLOA - ARAVACA,4090,1784,2306,46,23,23,194,89,105,373,156,217,354,142,212,405,157,248,445,177,268,525,243,282,606,272,334,648,296,352,494,229,265
2018,Noviembre,LATINA,13024,5845,7179,250,131,119,811,418,393,1085,492,593,1223,533,690,1456,592,864,1516,637,879,1659,759,900,1795,849,946,1753,804,949,1476,630,846
2018,Noviembre,CARABANCHEL,15750,6952,8798,407,205,202,1030,484,546,1323,590,733,1469,600,869,1702,691,1011,1999,822,1177,2112,944,1168,2084,982,1102,1978,898,1080,1646,736,910
2018,Noviembre,USERA,9323,4094,5229,290,131,159,653,311,342,824,361,463,897,363,534,992,409,583,1084,431,653,1246,550,696,1174,528,646,1224,558,666,939,452,487
2018,Noviembre,PUENTE DE VALLECAS,17887,8069,9818,578,313,265,1279,612,667,1621,673,948,1704,702,1002,1898,764,1134,2050,908,1142,2159,1053,1106,2323,1045,1278,2462,1144,1318,1813,855,958
2018,Noviembre,MORATALAZ,4951,2160,2791,129,72,57,326,182,144,456,195,261,393,167,226,440,193,247,492,182,310,671,302,369,670,287,383,781,334,447,593,246,347
2018,Noviembre,CIUDAD LINEAL,10236,4400,5836,175,103,72,453,232,221,824,373,451,878,343,535,1032,413,619,1143,484,659,1245,533,712,1463,626,837,1675,735,940,1348,558,790
2018,Noviembre,HORTALEZA,7695,3217,4478,117,62,55,371,185,186,603,284,319,690,257,433,762,311,451,910,341,569,1027,420,607,1008,390,618,1214,530,684,993,437,556
2018,Noviembre,VILLAVERDE,10591,4534,6057,328,160,168,762,372,390,988,388,600,986,402,584,1129,418,711,1262,496,766,1334,563,771,1412,627,785,1363,618,745,1027,490,537
2018,Noviembre,VILLA DE VALLECAS,6974,2913,4061,194,107,87,457,234,223,620,270,350,746,289,457,858,326,532,1007,398,609,852,347,505,800,337,463,792,325,467,648,280,368
2018,Noviembre,VICÁLVARO,4396,1873,2523,143,70,73,313,155,158,368,173,195,345,141,204,454,172,282,528,201,327,648,245,403,632,282,350,566,251,315,399,183,216
2018,Noviembre,SAN BLAS-CANILLEJAS,8617,3775,4842,189,103,86,494,269,225,687,301,386,729,282,447,773,302,471,866,343,523,1082,465,617,1291,572,719,1442,687,755,1064,451,613
2018,Noviembre,BARAJAS,1763,739,1024,28,24,4,76,37,39,115,58,57,171,65,106,203,82,121,230,90,140,201,76,125,223,86,137,280,127,153,236,94,142
2018,Diciembre,MADRID,160413,70685,89728,2873,1536,1337,8473,4180,4293,13457,5912,7545,15098,6270,8828,17032,7028,10004,18859,7912,10947,20667,9210,11457,22033,9816,12217,23256,10585,12671,18665,8236,10429
2018,Diciembre,CENTRO,7280,3710,3570,56,37,19,219,104,115,593,275,318,840,383,457,870,438,432,910,468,442,967,512,455,992,534,458,987,531,456,846,428,418
2018,Diciembre,ARGANZUELA,6513,2809,3704,70,31,39,280,134,146,530,239,291,644,261,383,728,318,410,728,295,433,820,375,445,884,373,511,1028,442,586,801,341,460
2018,Diciembre,RETIRO,4023,1739,2284,30,16,14,134,65,69,346,144,202,368,174,194,402,159,243,436,181,255,509,224,285,589,255,334,633,287,346,576,234,342
2018,Diciembre,SALAMANCA,4614,1912,2702,22,12,10,162,88,74,363,152,211,454,197,257,468,194,274,514,198,316,508,219,289,711,268,443,764,317,447,648,267,381
2018,Diciembre,CHAMARTÍN,4440,1941,2499,24,16,8,128,78,50,343,169,174,416,169,247,436,184,252,474,192,282,593,248,345,638,272,366,776,343,433,612,270,342
2018,Diciembre,TETUÁN,7669,3435,4234,122,68,54,358,186,172,643,282,361,750,290,460,819,334,485,833,363,470,1026,475,551,1096,507,589,1120,516,604,902,414,488
2018,Diciembre,CHAMBERÍ,4684,2013,2671,29,12,17,168,72,96,485,192,293,522,238,284,497,213,284,512,235,277,560,231,329,640,271,369,679,299,380,592,250,342
2018,Diciembre,FUENCARRAL - EL PARDO,8547,3575,4972,79,42,37,397,191,206,631,290,341,778,300,478,948,359,589,1077,428,649,1161,499,662,1109,474,635,1232,541,691,1135,451,684
2018,Diciembre,MONCLOA - ARAVACA,4031,1780,2251,41,23,18,184,79,105,362,147,215,352,143,209,403,158,245,440,188,252,518,242,276,598,280,318,642,296,346,491,224,267
2018,Diciembre,LATINA,12750,5762,6988,221,118,103,717,376,341,1062,469,593,1176,526,650,1419,592,827,1493,640,853,1651,752,899,1788,849,939,1736,807,929,1487,633,854
2018,Diciembre,CARABANCHEL,15449,6905,8544,347,177,170,956,445,511,1281,569,712,1459,627,832,1689,699,990,1976,826,1150,2088,954,1134,2062,980,1082,1960,902,1058,1631,726,905
2018,Diciembre,USERA,9004,3992,5012,239,111,128,589,280,309,782,352,430,850,358,492,958,397,561,1096,451,645,1204,533,671,1161,520,641,1203,542,661,922,448,474
2018,Diciembre,PUENTE DE VALLECAS,17488,7938,9550,495,277,218,1194,565,629,1591,679,912,1671,705,966,1863,764,1099,1990,876,1114,2107,1035,1072,2325,1043,1282,2461,1152,1309,1791,842,949
2018,Diciembre,MORATALAZ,4898,2153,2745,111,61,50,310,166,144,416,172,244,389,170,219,430,187,243,501,203,298,669,299,370,675,304,371,797,344,453,600,247,353
2018,Diciembre,CIUDAD LINEAL,10024,4349,5675,139,79,60,442,216,226,785,370,415,862,339,523,1008,404,604,1115,487,628,1221,537,684,1448,621,827,1663,736,927,1341,560,781
2018,Diciembre,HORTALEZA,7435,3104,4331,99,53,46,321,160,161,570,268,302,648,240,408,746,305,441,916,357,559,1010,406,604,988,378,610,1178,522,656,959,415,544
2018,Diciembre,VILLAVERDE,10354,4529,5825,264,130,134,686,349,337,945,377,568,979,404,575,1109,431,678,1259,514,745,1311,564,747,1414,642,772,1368,625,743,1019,493,526
2018,Diciembre,VILLA DE VALLECAS,6863,2844,4019,179,98,81,431,214,217,619,267,352,738,289,449,842,315,527,989,381,608,851,358,493,782,319,463,787,327,460,645,276,369
2018,Diciembre,VICÁLVARO,4233,1811,2422,134,74,60,271,138,133,353,162,191,334,132,202,435,174,261,530,202,328,613,229,384,619,272,347,558,249,309,386,179,207
2018,Diciembre,SAN BLAS-CANILLEJAS,8373,3669,4704,148,82,66,448,234,214,640,278,362,693,264,429,779,323,456,844,344,500,1073,442,631,1289,572,717,1407,684,723,1052,446,606
2018,Diciembre,BARAJAS,1741,715,1026,24,19,5,78,40,38,117,59,58,175,61,114,183,80,103,226,83,143,207,76,131,225,82,143,277,123,154,229,92,137
2019,Enero,MADRID,165911,73029,92882,2966,1594,1372,8871,4407,4464,14212,6288,7924,15795,6590,9205,17643,7270,10373,19606,8199,11407,21323,9430,11893,22635,10007,12628,23866,10868,12998,18994,8376,10618
2019,Enero,CENTRO,7571,3865,3706,56,37,19,224,107,117,599,271,328,858,395,463,926,474,452,974,491,483,1019,537,482,1031,552,479,1019,548,471,865,453,412
2019,Enero,ARGANZUELA,6727,2902,3825,78,39,39,293,129,164,555,250,305,679,297,382,731,301,430,768,309,459,819,375,444,908,377,531,1058,470,588,838,355,483
2019,Enero,RETIRO,4074,1753,2321,28,13,15,143,74,69,326,138,188,379,181,198,404,161,243,451,180,271,524,227,297,597,262,335,639,282,357,583,235,348
2019,Enero,SALAMANCA,4730,1948,2782,22,16,6,158,86,72,391,159,232,437,180,257,488,193,295,533,203,330,532,232,300,718,281,437,805,336,469,646,262,384
2019,Enero,CHAMARTÍN,4542,1995,2547,30,24,6,115,76,39,351,171,180,436,189,247,448,184,264,488,191,297,592,248,344,656,285,371,808,365,443,618,262,356
2019,Enero,TETUÁN,7947,3527,4420,116,59,57,383,188,195,694,306,388,800,311,489,827,342,485,885,391,494,1024,468,556,1135,514,621,1160,528,632,923,420,503
2019,Enero,CHAMBERÍ,4778,2068,2710,32,14,18,157,69,88,477,211,266,576,253,323,512,221,291,507,226,281,572,237,335,649,280,369,696,308,388,600,249,351
2019,Enero,FUENCARRAL - EL PARDO,8851,3707,5144,91,49,42,403,184,219,696,317,379,821,323,498,983,377,606,1101,440,661,1214,522,692,1140,485,655,1266,547,719,1136,463,673
2019,Enero,MONCLOA - ARAVACA,4082,1822,2260,42,24,18,168,76,92,357,145,212,372,153,219,408,166,242,460,203,257,513,247,266,610,283,327,657,296,361,495,229,266
2019,Enero,LATINA,13154,5919,7235,230,123,107,758,404,354,1126,507,619,1223,537,686,1411,597,814,1547,671,876,1727,773,954,1853,858,995,1775,813,962,1504,636,868
2019,Enero,CARABANCHEL,15870,7053,8817,350,175,175,982,470,512,1348,602,746,1517,654,863,1769,728,1041,2043,843,1200,2097,936,1161,2107,979,1128,1989,934,1055,1668,732,936
2019,Enero,USERA,9527,4216,5311,255,123,132,660,311,349,854,386,468,890,353,537,1022,422,600,1147,474,673,1293,580,713,1212,542,670,1253,574,679,941,451,490
2019,Enero,PUENTE DE VALLECAS,18101,8250,9851,500,291,209,1282,613,669,1674,727,947,1713,731,982,1963,820,1143,2072,916,1156,2148,1046,1102,2390,1073,1317,2504,1158,1346,1855,875,980
2019,Enero,MORATALAZ,5003,2174,2829,102,56,46,308,157,151,431,177,254,408,176,232,447,195,252,512,211,301,683,293,390,683,306,377,815,352,463,614,251,363
2019,Enero,CIUDAD LINEAL,10447,4500,5947,153,90,63,471,244,227,837,374,463,931,375,556,1064,416,648,1155,491,664,1298,567,731,1495,631,864,1713,768,945,1330,544,786
2019,Enero,HORTALEZA,7705,3273,4432,103,57,46,331,173,158,620,297,323,664,249,415,797,331,466,942,371,571,1044,431,613,1006,390,616,1190,530,660,1008,444,564
2019,Enero,VILLAVERDE,10707,4673,6034,259,122,137,721,366,355,984,404,580,1002,403,599,1155,447,708,1332,541,791,1351,581,770,1466,660,806,1395,643,752,1042,506,536
2019,Enero,VILLA DE VALLECAS,7065,2931,4134,183,99,84,465,229,236,621,275,346,764,309,455,850,313,537,1035,415,620,892,364,528,813,326,487,784,327,457,658,274,384
2019,Enero,VICÁLVARO,4437,1872,2565,147,79,68,289,147,142,399,189,210,367,148,219,448,172,276,517,186,331,651,240,411,634,269,365,593,265,328,392,177,215
2019,Enero,SAN BLAS-CANILLEJAS,8739,3805,4934,168,89,79,485,261,224,732,315,417,767,302,465,798,327,471,897,353,544,1107,441,666,1288,561,727,1449,690,759,1048,466,582
2019,Enero,BARAJAS,1854,776,1078,21,15,6,75,43,32,140,67,73,191,71,120,192,83,109,240,93,147,223,85,138,244,93,151,298,134,164,230,92,138
2019,Febrero,MADRID,167880,73906,93974,3186,1700,1486,9345,4659,4686,14520,6537,7983,16065,6708,9357,17725,7251,10474,19742,8317,11425,21378,9393,11985,22702,10015,12687,24166,10955,13211,19051,8371,10680
2019,Febrero,CENTRO,7589,3901,3688,61,34,27,237,111,126,595,296,299,846,399,447,935,468,467,985,495,490,1022,545,477,1031,557,474,1037,558,479,840,438,402
2019,Febrero,ARGANZUELA,6856,2959,3897,78,45,33,309,137,172,574,261,313,730,310,420,750,312,438,780,320,460,826,376,450,904,379,525,1067,463,604,838,356,482
2019,Febrero,RETIRO,4079,1757,2322,29,15,14,144,63,81,358,161,197,365,175,190,401,165,236,448,186,262,513,222,291,592,260,332,646,275,371,583,235,348
2019,Febrero,SALAMANCA,4733,1955,2778,24,16,8,165,89,76,400,165,235,449,195,254,482,188,294,535,212,323,523,228,295,715,284,431,801,324,477,639,254,385
2019,Febrero,CHAMARTÍN,4521,1956,2565,37,25,12,129,80,49,357,174,183,432,178,254,421,171,250,473,191,282,601,247,354,664,261,403,800,373,427,607,256,351
2019,Febrero,TETUÁN,8092,3595,4497,130,69,61,382,198,184,723,324,399,810,321,489,850,352,498,896,385,511,1051,478,573,1132,516,616,1179,531,648,939,421,518
2019,Febrero,CHAMBERÍ,4779,2041,2738,30,11,19,179,75,104,476,209,267,556,231,325,508,211,297,510,230,280,565,229,336,647,285,362,715,317,398,593,243,350
2019,Febrero,FUENCARRAL - EL PARDO,8993,3739,5254,109,60,49,442,204,238,715,312,403,841,329,512,979,376,603,1122,456,666,1211,500,711,1150,495,655,1289,554,735,1135,453,682
2019,Febrero,MONCLOA - ARAVACA,4098,1823,2275,49,28,21,172,78,94,358,149,209,354,137,217,400,170,230,481,213,268,508,241,267,625,288,337,656,292,364,495,227,268
2019,Febrero,LATINA,13262,5938,7324,265,131,134,786,412,374,1137,513,624,1258,554,704,1397,588,809,1582,667,915,1724,779,945,1816,835,981,1785,813,972,1512,646,866
2019,Febrero,CARABANCHEL,16284,7311,8973,365,189,176,1056,515,541,1390,638,752,1585,693,892,1768,715,1053,2055,850,1205,2152,966,1186,2164,1031,1133,2060,958,1102,1689,756,933
2019,Febrero,USERA,9802,4349,5453,286,142,144,734,348,386,905,413,492,939,371,568,1047,437,610,1139,493,646,1308,564,744,1225,547,678,1268,575,693,951,459,492
2019,Febrero,PUENTE DE VALLECAS,18315,8381,9934,522,288,234,1345,662,683,1696,765,931,1782,768,1014,1969,799,1170,2079,931,1148,2135,1042,1093,2356,1055,1301,2533,1183,1350,1898,888,1010
2019,Febrero,MORATALAZ,5050,2189,2861,108,65,43,313,157,156,433,178,255,406,179,227,459,193,266,508,210,298,678,297,381,712,306,406,816,359,457,617,245,372
2019,Febrero,CIUDAD LINEAL,10618,4595,6023,163,89,74,503,264,239,881,414,467,940,377,563,1070,420,650,1166,500,666,1290,564,726,1511,632,879,1737,784,953,1357,551,806
2019,Febrero,HORTALEZA,7683,3234,4449,105,57,48,349,186,163,616,296,320,653,234,419,793,328,465,929,368,561,1031,412,619,1016,386,630,1203,527,676,988,440,548
2019,Febrero,VILLAVERDE,10765,4697,6068,270,137,133,740,375,365,1003,422,581,1022,408,614,1150,452,698,1319,542,777,1343,567,776,1451,645,806,1419,649,770,1048,500,548
2019,Febrero,VILLA DE VALLECAS,7169,2964,4205,195,99,96,487,243,244,642,280,362,768,324,444,865,325,540,1031,401,630,901,355,546,824,328,496,798,335,463,658,274,384
2019,Febrero,VICÁLVARO,4512,1885,2627,144,78,66,296,146,150,410,186,224,360,145,215,461,175,286,541,201,340,666,246,420,647,262,385,598,268,330,389,178,211
2019,Febrero,SAN BLAS-CANILLEJAS,8806,3844,4962,188,101,87,497,268,229,726,321,405,764,306,458,821,319,502,915,361,554,1101,448,653,1284,573,711,1460,684,776,1050,463,587
2019,Febrero,BARAJAS,1874,793,1081,28,21,7,80,48,32,125,60,65,205,74,131,199,87,112,248,105,143,229,87,142,236,90,146,299,133,166,225,88,137
2019,Marzo,MADRID,167672,73632,94040,3321,1767,1554,9479,4770,4709,14574,6576,7998,15890,6701,9189,17513,7142,10371,19491,8121,11370,21089,9201,11888,22679,9996,12683,24349,10966,13383,19287,8392,10895
2019,Marzo,CENTRO,7641,3922,3719,56,32,24,248,118,130,587,287,300,868,414,454,909,459,450,979,494,485,1003,540,463,1048,557,491,1066,570,496,877,451,426
2019,Marzo,ARGANZUELA,6790,2953,3837,77,45,32,305,137,168,556,251,305,705,307,398,739,308,431,750,310,440,818,373,445,909,385,524,1079,478,601,852,359,493
2019,Marzo,RETIRO,4067,1748,2319,27,14,13,146,77,69,352,149,203,368,173,195,404,167,237,451,184,267,505,217,288,573,257,316,646,275,371,595,235,360
2019,Marzo,SALAMANCA,4681,1948,2733,25,17,8,176,83,93,385,173,212,415,178,237,458,186,272,519,211,308,528,227,301,719,290,429,797,326,471,659,257,402
2019,Marzo,CHAMARTÍN,4531,1926,2605,33,21,12,137,85,52,341,162,179,419,169,250,433,176,257,485,185,300,594,232,362,652,260,392,816,373,443,621,263,358
2019,Marzo,TETUÁN,8079,3549,4530,137,71,66,392,208,184,731,328,403,811,315,496,821,323,498,908,387,521,1025,450,575,1114,515,599,1195,529,666,945,423,522
2019,Marzo,CHAMBERÍ,4733,2046,2687,33,11,22,166,79,87,473,215,258,523,226,297,520,221,299,490,212,278,561,234,327,655,281,374,727,330,397,585,237,348
2019,Marzo,FUENCARRAL - EL PARDO,8928,3759,5169,110,69,41,435,208,227,693,312,381,826,315,511,990,403,587,1107,458,649,1185,488,697,1153,494,659,1291,561,730,1138,451,687
2019,Marzo,MONCLOA - ARAVACA,4099,1825,2274,51,29,22,177,72,105,373,159,214,362,146,216,380,157,223,474,213,261,505,245,260,620,285,335,670,301,369,487,218,269
2019,Marzo,LATINA,13170,5872,7298,264,126,138,797,421,376,1135,519,616,1246,547,699,1382,572,810,1570,643,927,1665,745,920,1803,836,967,1785,812,973,1523,651,872
2019,Marzo,CARABANCHEL,16332,7279,9053,382,206,176,1091,535,556,1398,631,767,1552,691,861,1720,688,1032,2008,823,1185,2122,945,1177,2210,1022,1188,2093,959,1134,1756,779,977
2019,Marzo,USERA,9707,4283,5424,284,140,144,704,338,366,897,417,480,920,371,549,1041,432,609,1142,481,661,1263,539,724,1238,551,687,1276,567,709,942,447,495
2019,Marzo,PUENTE DE VALLECAS,18350,8385,9965,548,299,249,1369,666,703,1725,789,936,1772,791,981,1958,790,1168,2065,913,1152,2143,1034,1109,2356,1063,1293,2516,1166,1350,1898,874,1024
2019,Marzo,MORATALAZ,5030,2169,2861,125,69,56,298,154,144,446,182,264,401,177,224,468,196,272,481,201,280,678,292,386,706,307,399,807,347,460,620,244,376
2019,Marzo,CIUDAD LINEAL,10530,4567,5963,182,101,81,481,244,237,875,417,458,940,395,545,1039,417,622,1128,484,644,1266,548,718,1485,617,868,1748,786,962,1386,558,828
2019,Marzo,HORTALEZA,7729,3229,4500,112,57,55,340,180,160,659,309,350,648,239,409,763,312,451,917,354,563,1028,415,613,1040,395,645,1227,528,699,995,440,555
2019,Marzo,VILLAVERDE,10746,4631,6115,295,152,143,770,405,365,1026,418,608,1006,397,609,1121,435,686,1287,510,777,1328,550,778,1433,636,797,1423,630,793,1057,498,559
2019,Marzo,VILLA DE VALLECAS,7273,2999,4274,217,106,111,516,261,255,658,284,374,768,321,447,881,319,562,1034,397,637,905,359,546,823,347,476,820,335,485,651,270,381
2019,Marzo,VICÁLVARO,4542,1909,2633,140,77,63,333,179,154,396,181,215,373,153,220,455,172,283,552,209,343,663,237,426,632,252,380,593,269,324,405,180,225
2019,Marzo,SAN BLAS-CANILLEJAS,8849,3846,5003,199,106,93,520,272,248,744,335,409,775,305,470,837,328,509,895,354,541,1069,434,635,1262,551,711,1478,691,787,1070,470,600
2019,Marzo,BARAJAS,1865,787,1078,24,19,5,78,48,30,124,58,66,192,71,121,194,81,113,249,98,151,235,97,138,248,95,153,296,133,163,225,87,138
2019,Abril,MADRID,164835,72542,92293,3271,1712,1559,9060,4540,4520,14096,6455,7641,15536,6544,8992,17139,6983,10156,19125,8049,11076,20670,9036,11634,22302,9827,12475,24180,10925,13255,19456,8471,10985
2019,Abril,CENTRO,7452,3848,3604,56,28,28,248,123,125,605,282,323,838,408,430,838,425,413,938,483,455,970,527,443,1044,569,475,1052,554,498,863,449,414
2019,Abril,ARGANZUELA,6612,2900,3712,63,36,27,278,129,149,536,244,292,650,281,369,750,319,431,726,298,428,789,370,419,881,364,517,1067,478,589,872,381,491
2019,Abril,RETIRO,4063,1773,2290,33,18,15,145,76,69,366,161,205,377,177,200,392,175,217,448,181,267,500,216,284,568,250,318,644,284,360,590,235,355
2019,Abril,SALAMANCA,4623,1925,2698,26,15,11,174,84,90,377,168,209,404,163,241,452,187,265,514,210,304,532,233,299,699,281,418,784,318,466,661,266,395
2019,Abril,CHAMARTÍN,4477,1904,2573,31,21,10,118,67,51,318,142,176,426,182,244,447,176,271,481,191,290,556,219,337,660,265,395,809,369,440,631,272,359
2019,Abril,TETUÁN,7968,3514,4454,138,69,69,379,208,171,683,323,360,804,329,475,803,305,498,898,379,519,1007,439,568,1103,512,591,1205,530,675,948,420,528
2019,Abril,CHAMBERÍ,4572,1977,2595,28,8,20,162,72,90,444,203,241,506,223,283,485,203,282,462,210,252,522,212,310,629,269,360,739,333,406,595,244,351
2019,Abril,FUENCARRAL - EL PARDO,8878,3738,5140,105,61,44,422,200,222,690,318,372,817,321,496,981,381,600,1106,465,641,1193,493,700,1138,474,664,1298,575,723,1128,450,678
2019,Abril,MONCLOA - ARAVACA,4018,1789,2229,46,31,15,154,67,87,360,161,199,350,134,216,371,158,213,456,202,254,506,243,263,613,274,339,646,285,361,516,234,282
2019,Abril,LATINA,12899,5824,7075,265,128,137,755,403,352,1111,518,593,1222,544,678,1312,538,774,1510,634,876,1641,739,902,1767,834,933,1763,816,947,1553,670,883
2019,Abril,CARABANCHEL,16155,7226,8929,402,213,189,1028,515,513,1381,619,762,1546,676,870,1699,698,1001,1999,817,1182,2108,940,1168,2176,1012,1164,2087,968,1119,1729,768,961
2019,Abril,USERA,9489,4156,5333,273,130,143,695,327,368,860,393,467,898,364,534,1000,406,594,1087,463,624,1248,521,727,1198,532,666,1265,567,698,965,453,512
2019,Abril,PUENTE DE VALLECAS,18143,8297,9846,552,314,238,1308,647,661,1714,780,934,1744,766,978,1931,775,1156,2066,930,1136,2100,1023,1077,2327,1037,1290,2484,1148,1336,1917,877,1040
2019,Abril,MORATALAZ,4923,2092,2831,129,66,63,296,151,145,420,176,244,412,174,238,442,181,261,478,190,288,652,282,370,669,287,382,800,341,459,625,244,381
2019,Abril,CIUDAD LINEAL,10248,4414,5834,159,89,70,474,237,237,800,399,401,919,365,554,1018,404,614,1121,489,632,1196,518,678,1446,596,850,1732,777,955,1383,540,843
2019,Abril,HORTALEZA,7582,3171,4411,106,55,51,330,172,158,601,302,299,609,245,364,785,308,477,909,343,566,1027,403,624,1008,386,622,1202,518,684,1005,439,566
2019,Abril,VILLAVERDE,10595,4583,6012,315,156,159,733,380,353,985,414,571,987,376,611,1102,448,654,1238,503,735,1318,534,784,1433,634,799,1409,635,774,1075,503,572
2019,Abril,VILLA DE VALLECAS,7212,2983,4229,208,103,105,506,249,257,646,284,362,743,306,437,884,324,560,1021,393,628,867,348,519,834,356,478,832,337,495,671,283,388
2019,Abril,VICÁLVARO,4438,1910,2528,127,65,62,309,157,152,389,194,195,371,157,214,440,170,270,530,206,324,638,242,396,629,263,366,597,275,322,408,181,227
2019,Abril,SAN BLAS-CANILLEJAS,8658,3771,4887,187,94,93,476,242,234,704,319,385,709,280,429,814,326,488,889,366,523,1065,443,622,1245,541,704,1469,683,786,1100,477,623
2019,Abril,BARAJAS,1830,747,1083,22,12,10,70,34,36,106,55,51,204,73,131,193,76,117,248,96,152,235,91,144,235,91,144,296,134,162,221,85,136
2019,Mayo,MADRID,161423,70476,90947,3102,1644,1458,8604,4257,4347,13802,6238,7564,15046,6266,8780,16821,6788,10033,18459,7670,10789,20089,8747,11342,21989,9622,12367,23959,10734,13225,19552,8510,11042
2019,Mayo,CENTRO,7269,3683,3586,47,22,25,212,101,111,605,286,319,802,386,416,841,411,430,897,441,456,941,499,442,991,529,462,1053,560,493,880,448,432
2019,Mayo,ARGANZUELA,6487,2853,3634,68,39,29,265,120,145,523,233,290,647,286,361,741,318,423,689,285,404,772,358,414,860,357,503,1056,480,576,866,377,489
2019,Mayo,RETIRO,4025,1756,2269,30,14,16,128,71,57,356,162,194,373,176,197,382,163,219,445,192,253,489,199,290,570,248,322,660,292,368,592,239,353
2019,Mayo,SALAMANCA,4505,1861,2644,27,17,10,173,82,91,376,163,213,407,177,230,443,171,272,478,187,291,509,220,289,674,272,402,763,312,451,655,260,395
2019,Mayo,CHAMARTÍN,4398,1851,2547,34,24,10,108,64,44,325,149,176,408,169,239,419,162,257,467,186,281,537,208,329,664,266,398,810,352,458,626,271,355
2019,Mayo,TETUÁN,7803,3419,4384,128,61,67,363,191,172,695,317,378,769,314,455,774,303,471,863,362,501,969,415,554,1093,509,584,1196,523,673,953,424,529
2019,Mayo,CHAMBERÍ,4487,1918,2569,28,6,22,150,66,84,445,194,251,471,203,268,485,205,280,438,211,227,524,218,306,611,253,358,731,319,412,604,243,361
2019,Mayo,FUENCARRAL - EL PARDO,8726,3635,5091,95,52,43,397,187,210,671,306,365,799,316,483,955,365,590,1069,437,632,1191,497,694,1134,470,664,1292,560,732,1123,445,678
2019,Mayo,MONCLOA - ARAVACA,3912,1732,2180,38,23,15,156,68,88,346,148,198,339,145,194,344,138,206,422,184,238,498,242,256,601,263,338,642,279,363,526,242,284
2019,Mayo,LATINA,12607,5594,7013,255,134,121,714,368,346,1053,489,564,1208,528,680,1297,528,769,1434,588,846,1561,701,860,1809,827,982,1724,768,956,1552,663,889
2019,Mayo,CARABANCHEL,15725,6913,8812,399,215,184,975,465,510,1364,605,759,1461,613,848,1664,656,1008,1927,785,1142,2009,883,1126,2126,980,1146,2067,948,1119,1733,763,970
2019,Mayo,USERA,9293,4042,5251,266,133,133,646,305,341,854,391,463,867,342,525,1012,413,599,1045,439,606,1217,505,712,1184,525,659,1253,548,705,949,441,508
2019,Mayo,PUENTE DE VALLECAS,17726,8113,9613,521,297,224,1257,632,625,1673,744,929,1659,727,932,1891,773,1118,1976,898,1078,2054,1002,1052,2297,1030,1267,2466,1129,1337,1932,881,1051
2019,Mayo,MORATALAZ,4893,2062,2831,127,66,61,287,138,149,416,174,242,384,161,223,437,173,264,502,190,312,635,266,369,671,295,376,794,347,447,640,252,388
2019,Mayo,CIUDAD LINEAL,10021,4299,5722,133,77,56,437,219,218,787,385,402,876,342,534,988,391,597,1110,484,626,1180,510,670,1418,584,834,1705,763,942,1387,544,843
2019,Mayo,HORTALEZA,7454,3121,4333,86,52,34,313,162,151,578,279,299,614,242,372,772,295,477,876,325,551,1006,401,605,996,377,619,1201,529,672,1012,459,553
2019,Mayo,VILLAVERDE,10453,4470,5983,284,139,145,750,393,357,978,398,580,971,349,622,1087,438,649,1225,469,756,1271,531,740,1409,613,796,1400,626,774,1078,514,564
2019,Mayo,VILLA DE VALLECAS,7037,2912,4125,209,109,100,488,240,248,599,266,333,722,289,433,867,319,548,1003,389,614,855,351,504,797,328,469,812,336,476,685,285,400
2019,Mayo,VICÁLVARO,4352,1845,2507,128,63,65,292,145,147,386,186,200,356,148,208,445,182,263,493,186,307,625,228,397,618,260,358,588,263,325,421,184,237
2019,Mayo,SAN BLAS-CANILLEJAS,8482,3672,4810,178,89,89,432,212,220,667,306,361,731,288,443,787,306,481,865,338,527,1019,430,589,1232,540,692,1456,674,782,1115,489,626
2019,Mayo,BARAJAS,1768,725,1043,21,12,9,61,28,33,105,57,48,182,65,117,190,78,112,235,94,141,227,83,144,234,96,138,290,126,164,223,86,137
2019,Junio,MADRID,159355,68753,90602,3223,1703,1520,7764,3829,3935,13568,6024,7544,14959,6162,8797,16536,6598,9938,18259,7423,10836,19861,8528,11333,21871,9437,12434,23831,10604,13227,19483,8445,11038
2019,Junio,CENTRO,7246,3683,3563,56,31,25,178,79,99,591,281,310,810,384,426,829,401,428,909,440,469,958,516,442,1013,545,468,1036,555,481,866,451,415
2019,Junio,ARGANZUELA,6360,2737,3623,65,36,29,218,109,109,523,218,305,640,281,359,726,292,434,686,267,419,764,349,415,851,352,499,1046,471,575,841,362,479
2019,Junio,RETIRO,3917,1686,2231,27,13,14,96,57,39,326,148,178,375,170,205,380,157,223,419,176,243,489,203,286,570,243,327,656,281,375,579,238,341
2019,Junio,SALAMANCA,4428,1831,2597,26,15,11,120,65,55,365,159,206,408,169,239,431,163,268,463,184,279,514,220,294,667,279,388,778,319,459,656,258,398
2019,Junio,CHAMARTÍN,4326,1809,2517,30,20,10,96,51,45,313,154,159,419,167,252,411,159,252,455,171,284,529,197,332,639,257,382,800,357,443,634,276,358
2019,Junio,TETUÁN,7765,3375,4390,137,72,65,330,175,155,669,285,384,783,339,444,779,300,479,868,356,512,970,425,545,1104,491,613,1166,505,661,959,427,532
2019,Junio,CHAMBERÍ,4478,1877,2601,33,11,22,125,57,68,449,191,258,478,206,272,489,201,288,447,205,242,509,203,306,606,248,358,741,317,424,601,238,363
2019,Junio,FUENCARRAL - EL PARDO,8599,3554,5045,83,43,40,326,160,166,667,310,357,791,302,489,925,358,567,1086,438,648,1173,490,683,1117,454,663,1286,542,744,1145,457,688
2019,Junio,MONCLOA - ARAVACA,3854,1706,2148,35,24,11,123,60,63,353,158,195,322,133,189,348,138,210,430,186,244,476,228,248,604,261,343,639,283,356,524,235,289
2019,Junio,LATINA,12518,5497,7021,280,140,140,650,343,307,1074,475,599,1222,526,696,1252,519,733,1444,577,867,1552,687,865,1804,814,990,1726,767,959,1514,649,865
2019,Junio,CARABANCHEL,15530,6700,8830,390,211,179,878,421,457,1361,590,771,1418,568,850,1669,664,1005,1911,762,1149,2012,876,1136,2126,947,1179,2049,928,1121,1716,733,983
2019,Junio,USERA,9095,3929,5166,277,139,138,613,281,332,819,354,465,835,345,490,970,385,585,1026,435,591,1188,478,710,1174,529,645,1226,531,695,967,452,515
2019,Junio,PUENTE DE VALLECAS,17353,7785,9568,565,305,260,1161,556,605,1636,719,917,1639,675,964,1833,749,1084,1918,846,1072,2004,971,1033,2252,997,1255,2439,1113,1326,1906,854,1052
2019,Junio,MORATALAZ,4787,2003,2784,124,74,50,276,137,139,414,170,244,372,148,224,438,177,261,491,187,304,603,242,361,661,287,374,771,342,429,637,239,398
2019,Junio,CIUDAD LINEAL,9868,4209,5659,130,69,61,391,200,191,768,366,402,876,360,516,958,367,591,1087,463,624,1163,494,669,1410,571,839,1682,756,926,1403,563,840
2019,Junio,HORTALEZA,7470,3054,4416,106,60,46,270,130,140,571,285,286,600,236,364,760,287,473,862,309,553,1018,389,629,1017,379,638,1242,525,717,1024,454,570
2019,Junio,VILLAVERDE,10325,4391,5934,298,149,149,707,365,342,935,384,551,957,356,601,1087,432,655,1194,460,734,1268,514,754,1394,585,809,1397,625,772,1088,521,567
2019,Junio,VILLA DE VALLECAS,7040,2855,4185,224,115,109,460,229,231,611,259,352,749,291,458,868,312,556,983,372,611,870,349,521,798,316,482,804,329,475,673,283,390
2019,Junio,VICÁLVARO,4273,1792,2481,135,68,67,288,143,145,374,167,207,356,142,214,434,173,261,492,180,312,591,210,381,595,259,336,594,267,327,414,183,231
2019,Junio,SAN BLAS-CANILLEJAS,8354,3567,4787,180,93,87,408,187,221,646,301,345,735,304,431,751,285,466,861,324,537,985,403,582,1222,521,701,1466,671,795,1100,478,622
2019,Junio,BARAJAS,1769,713,1056,22,15,7,50,24,26,103,50,53,174,60,114,198,79,119,227,85,142,225,84,141,247,102,145,287,120,167,236,94,142
2019,Julio,MADRID,160232,68472,91760,3430,1792,1638,7646,3672,3974,13812,5954,7858,15130,6113,9017,16922,6752,10170,18560,7478,11082,19934,8544,11390,21705,9312,12393,23627,10407,13220,19466,8448,11018
2019,Julio,CENTRO,7199,3600,3599,63,38,25,180,83,97,618,292,326,806,377,429,822,375,447,900,440,460,942,494,448,992,534,458,1013,525,488,863,442,421
2019,Julio,ARGANZUELA,6499,2814,3685,65,36,29,217,114,103,532,233,299,648,282,366,774,311,463,740,296,444,774,347,427,859,357,502,1031,456,575,859,382,477
2019,Julio,RETIRO,4011,1717,2294,31,14,17,96,48,48,351,158,193,379,166,213,412,171,241,436,184,252,496,210,286,567,242,325,660,284,376,583,240,343
2019,Julio,SALAMANCA,4560,1888,2672,28,14,14,113,57,56,383,162,221,437,177,260,454,176,278,507,210,297,535,228,307,675,291,384,771,310,461,657,263,394
2019,Julio,CHAMARTÍN,4516,1880,2636,43,28,15,124,60,64,321,139,182,430,168,262,432,168,264,482,181,301,551,225,326,656,266,390,821,365,456,656,280,376
2019,Julio,TETUÁN,7607,3290,4317,129,73,56,335,163,172,655,269,386,766,324,442,807,315,492,854,347,507,947,415,532,1054,471,583,1124,495,629,936,418,518
2019,Julio,CHAMBERÍ,4663,1968,2695,37,18,19,114,54,60,457,213,244,482,207,275,516,210,306,508,221,287,547,218,329,624,254,370,757,326,431,621,247,374
2019,Julio,FUENCARRAL - EL PARDO,8705,3579,5126,110,52,58,310,150,160,693,311,382,796,306,490,945,375,570,1100,435,665,1168,478,690,1134,474,660,1301,549,752,1148,449,699
2019,Julio,MONCLOA - ARAVACA,3905,1702,2203,43,28,15,128,64,64,366,161,205,307,116,191,389,161,228,448,193,255,484,229,255,586,240,346,626,278,348,528,232,296
2019,Julio,LATINA,12549,5447,7102,300,153,147,642,311,331,1105,472,633,1183,497,686,1291,535,756,1434,562,872,1570,704,866,1794,795,999,1702,751,951,1528,667,861
2019,Julio,CARABANCHEL,15399,6552,8847,399,219,180,866,405,461,1359,580,779,1464,574,890,1679,664,1015,1875,732,1143,1989,864,1125,2041,892,1149,2020,899,1121,1707,723,984
2019,Julio,USERA,9034,3861,5173,277,148,129,586,245,341,807,341,466,840,349,491,990,389,601,1022,418,604,1186,493,693,1159,518,641,1216,530,686,951,430,521
2019,Julio,PUENTE DE VALLECAS,17787,7851,9936,622,314,308,1217,586,631,1732,735,997,1726,715,1011,1875,763,1112,2002,862,1140,2014,947,1067,2243,972,1271,2445,1098,1347,1911,859,1052
2019,Julio,MORATALAZ,4761,1998,2763,126,70,56,281,135,146,405,154,251,394,160,234,412,168,244,499,198,301,593,242,351,666,293,373,766,339,427,619,239,380
2019,Julio,CIUDAD LINEAL,10190,4330,5860,171,88,83,412,209,203,816,379,437,877,344,533,1021,399,622,1149,482,667,1225,514,711,1454,600,854,1667,741,926,1398,574,824
2019,Julio,HORTALEZA,7591,3032,4559,99,51,48,271,133,138,601,268,333,616,233,383,817,308,509,891,311,580,1016,381,635,1022,382,640,1228,498,730,1030,467,563
2019,Julio,VILLAVERDE,10188,4291,5897,324,159,165,624,302,322,908,369,539,961,344,617,1103,437,666,1209,466,743,1262,522,740,1359,567,792,1379,617,762,1059,508,551
2019,Julio,VILLA DE VALLECAS,6658,2676,3982,205,105,100,420,212,208,592,250,342,696,264,432,802,283,519,910,344,566,842,335,507,754,293,461,780,317,463,657,273,384
2019,Julio,VICÁLVARO,4248,1737,2511,152,76,76,279,136,143,360,152,208,383,142,241,418,166,252,486,170,316,584,212,372,595,252,343,568,247,321,423,184,239
2019,Julio,SAN BLAS-CANILLEJAS,8362,3543,4819,185,95,90,379,179,200,626,264,362,757,311,446,774,300,474,866,339,527,981,400,581,1228,516,712,1465,661,804,1101,478,623
2019,Julio,BARAJAS,1800,716,1084,21,13,8,52,26,26,125,52,73,182,57,125,189,78,111,242,87,155,228,86,142,243,103,140,287,121,166,231,93,138
2019,Agosto,MADRID,163467,69944,93523,3443,1803,1640,8222,3905,4317,14307,6086,8221,15574,6280,9294,17254,6943,10311,18905,7740,11165,20137,8586,11551,22065,9515,12550,23967,10568,13399,19593,8518,11075
2019,Agosto,CENTRO,7543,3768,3775,55,36,19,193,82,111,670,299,371,866,400,466,918,433,485,936,463,473,977,506,471,1017,553,464,1032,541,491,879,455,424
2019,Agosto,ARGANZUELA,6701,2885,3816,76,45,31,242,120,122,572,234,338,693,304,389,779,308,471,757,313,444,798,351,447,879,367,512,1044,456,588,861,387,474
2019,Agosto,RETIRO,4124,1752,2372,31,16,15,136,65,71,381,170,211,373,162,211,404,160,244,447,179,268,503,208,295,585,251,334,680,300,380,584,241,343
2019,Agosto,SALAMANCA,4732,1978,2754,32,17,15,136,63,73,420,189,231,463,185,278,476,194,282,494,203,291,544,242,302,676,280,396,809,325,484,682,280,402
2019,Agosto,CHAMARTÍN,4583,1920,2663,34,22,12,113,50,63,334,164,170,437,167,270,464,190,274,504,200,304,541,205,336,659,273,386,838,366,472,659,283,376
2019,Agosto,TETUÁN,7850,3396,4454,148,83,65,360,174,186,699,297,402,775,314,461,837,342,495,870,368,502,949,401,548,1083,483,600,1147,502,645,982,432,550
2019,Agosto,CHAMBERÍ,4586,1902,2684,32,11,21,123,58,65,432,184,248,507,219,288,518,200,318,504,223,281,539,215,324,593,232,361,743,325,418,595,235,360
2019,Agosto,FUENCARRAL - EL PARDO,8931,3608,5323,95,40,55,342,152,190,718,322,396,829,295,534,978,380,598,1140,450,690,1198,484,714,1168,471,697,1317,564,753,1146,450,696
2019,Agosto,MONCLOA - ARAVACA,4089,1796,2293,51,33,18,140,64,76,404,183,221,335,136,199,394,162,232,453,191,262,476,218,258,648,276,372,646,292,354,542,241,301
2019,Agosto,LATINA,12763,5499,7264,296,155,141,704,341,363,1147,465,682,1208,485,723,1304,547,757,1460,579,881,1580,691,889,1821,819,1002,1730,760,970,1513,657,856
2019,Agosto,CARABANCHEL,15633,6693,8940,374,195,179,882,417,465,1394,575,819,1512,615,897,1719,693,1026,1931,791,1140,1994,853,1141,2068,924,1144,2058,905,1153,1701,725,976
2019,Agosto,USERA,9178,3923,5255,267,136,131,633,276,357,813,354,459,867,354,513,1006,399,607,1058,441,617,1208,500,708,1174,521,653,1195,510,685,957,432,525
2019,Agosto,PUENTE DE VALLECAS,17409,7702,9707,570,288,282,1233,592,641,1694,718,976,1669,681,988,1836,752,1084,1919,830,1089,1944,925,1019,2232,965,1267,2411,1094,1317,1901,857,1044
2019,Agosto,MORATALAZ,4878,2030,2848,138,77,61,308,156,152,424,161,263,421,176,245,431,177,254,494,188,306,595,239,356,651,280,371,774,329,445,642,247,395
2019,Agosto,CIUDAD LINEAL,10321,4394,5927,181,93,88,418,210,208,831,362,469,889,347,542,1034,417,617,1109,479,630,1263,547,716,1471,601,870,1708,767,941,1417,571,846
2019,Agosto,HORTALEZA,7858,3202,4656,121,67,54,317,158,159,633,287,346,638,250,388,818,297,521,918,330,588,1048,397,651,1079,423,656,1260,526,734,1026,467,559
2019,Agosto,VILLAVERDE,10256,4345,5911,338,169,169,636,302,334,903,354,549,959,360,599,1089,430,659,1219,485,734,1293,528,765,1339,583,756,1399,614,785,1081,520,561
2019,Agosto,VILLA DE VALLECAS,7199,2891,4308,232,122,110,472,228,244,664,264,400,769,297,472,858,307,551,1014,387,627,873,343,530,801,323,478,831,337,494,685,283,402
2019,Agosto,VICÁLVARO,4440,1868,2572,145,76,69,317,152,165,383,172,211,420,164,256,433,181,252,525,196,329,604,228,376,619,262,357,580,253,327,414,184,230
2019,Agosto,SAN BLAS-CANILLEJAS,8554,3630,4924,207,110,97,440,211,229,666,278,388,768,310,458,756,292,464,905,344,561,990,409,581,1262,523,739,1474,684,790,1086,469,617
2019,Agosto,BARAJAS,1839,762,1077,20,12,8,77,34,43,125,54,71,176,59,117,202,82,120,248,100,148,220,96,124,240,105,135,291,118,173,240,102,138
2019,Septiembre,MADRID,162605,70037,92568,3855,2055,1800,8934,4285,4649,13910,6086,7824,14961,6056,8905,16920,6824,10096,18463,7617,10846,19745,8405,11340,21926,9458,12468,23978,10637,13341,19913,8614,11299
2019,Septiembre,CENTRO,7399,3723,3676,59,37,22,216,95,121,669,300,369,819,381,438,873,431,442,902,434,468,971,507,464,985,529,456,1044,555,489,861,454,407
2019,Septiembre,ARGANZUELA,6698,2924,3774,88,51,37,283,129,154,572,256,316,646,289,357,759,305,454,752,323,429,788,356,432,868,353,515,1067,465,602,875,397,478
2019,Septiembre,RETIRO,4082,1732,2350,43,21,22,134,60,74,365,168,197,372,150,222,394,154,240,432,189,243,498,208,290,586,248,338,668,293,375,590,241,349
2019,Septiembre,SALAMANCA,4658,1930,2728,45,21,24,178,80,98,386,174,212,419,176,243,447,172,275,480,207,273,538,223,315,687,273,414,797,334,463,681,270,411
2019,Septiembre,CHAMARTÍN,4527,1919,2608,30,21,9,129,64,65,329,152,177,412,167,245,454,187,267,483,191,292,544,211,333,663,274,389,831,366,465,652,286,366
2019,Septiembre,TETUÁN,7897,3424,4473,175,84,91,409,206,203,697,303,394,771,297,474,826,350,476,865,358,507,952,402,550,1078,490,588,1131,496,635,993,438,555
2019,Septiembre,CHAMBERÍ,4546,1858,2688,44,18,26,177,75,102,422,179,243,473,196,277,492,197,295,477,201,276,516,197,319,603,238,365,737,323,414,605,234,371
2019,Septiembre,FUENCARRAL - EL PARDO,8821,3630,5191,141,80,61,350,165,185,664,303,361,776,287,489,953,378,575,1143,446,697,1163,477,686,1142,473,669,1353,581,772,1136,440,696
2019,Septiembre,MONCLOA - ARAVACA,4049,1777,2272,61,35,26,140,62,78,391,167,224,321,124,197,395,165,230,429,181,248,463,229,234,639,267,372,659,296,363,551,251,300
2019,Septiembre,LATINA,12724,5553,7171,334,176,158,788,395,393,1077,461,616,1176,482,694,1347,568,779,1422,585,837,1531,660,871,1797,812,985,1714,755,959,1538,659,879
2019,Septiembre,CARABANCHEL,15594,6692,8902,451,237,214,950,429,521,1340,564,776,1473,608,865,1662,657,1005,1920,787,1133,1947,846,1101,2062,923,1139,2049,899,1150,1740,742,998
2019,Septiembre,USERA,9286,3994,5292,314,163,151,681,327,354,794,359,435,865,351,514,997,393,604,1063,434,629,1214,488,726,1181,531,650,1192,503,689,985,445,540
2019,Septiembre,PUENTE DE VALLECAS,17215,7703,9512,582,308,274,1215,596,619,1650,715,935,1612,673,939,1809,744,1065,1869,818,1051,1866,883,983,2215,956,1259,2435,1127,1308,1962,883,1079
2019,Septiembre,MORATALAZ,4939,2082,2857,135,78,57,329,167,162,420,170,250,430,176,254,432,177,255,497,194,303,601,246,355,655,286,369,784,333,451,656,255,401
2019,Septiembre,CIUDAD LINEAL,10226,4402,5824,193,102,91,441,217,224,827,385,442,834,337,497,1018,409,609,1071,465,606,1220,523,697,1460,597,863,1711,787,924,1451,580,871
2019,Septiembre,HORTALEZA,7750,3215,4535,130,70,60,364,188,176,593,285,308,632,257,375,779,287,492,872,341,531,1022,394,628,1063,421,642,1250,516,734,1045,456,589
2019,Septiembre,VILLAVERDE,10375,4366,6009,369,184,185,745,356,389,923,364,559,933,342,591,1069,407,662,1192,472,720,1257,501,756,1373,593,780,1391,614,777,1123,533,590
2019,Septiembre,VILLA DE VALLECAS,7144,2879,4265,255,147,108,495,244,251,649,264,385,717,271,446,852,302,550,979,360,619,860,337,523,804,324,480,841,342,499,692,288,404
2019,Septiembre,VICÁLVARO,4387,1815,2572,155,79,76,337,153,184,364,161,203,390,155,235,431,171,260,493,176,317,603,228,375,607,249,358,590,260,330,417,183,234
2019,Septiembre,SAN BLAS-CANILLEJAS,8495,3683,4812,224,129,95,494,245,249,661,303,358,733,288,445,752,295,457,885,364,521,967,394,573,1227,521,706,1420,657,763,1132,487,645
2019,Septiembre,BARAJAS,1793,736,1057,27,14,13,79,32,47,117,53,64,157,49,108,179,75,104,237,91,146,224,95,129,231,100,131,314,135,179,228,92,136
2019,Octubre,MADRID,164342,71279,93063,3734,2023,1711,9493,4647,4846,14151,6170,7981,15053,6203,8850,16883,6841,10042,18545,7637,10908,19953,8615,11338,22104,9617,12487,24266,10791,13475,20160,8735,11425
2019,Octubre,CENTRO,7439,3759,3680,55,38,17,248,119,129,639,270,369,808,363,445,861,438,423,906,445,461,964,500,464,1008,546,462,1077,572,505,873,468,405
2019,Octubre,ARGANZUELA,6700,2987,3713,92,48,44,306,142,164,562,262,300,658,304,354,745,323,422,745,316,429,777,361,416,862,356,506,1071,478,593,882,397,485
2019,Octubre,RETIRO,4076,1762,2314,42,21,21,156,72,84,355,163,192,385,163,222,397,168,229,434,184,250,470,201,269,572,234,338,668,298,370,597,258,339
2019,Octubre,SALAMANCA,4720,1959,2761,49,23,26,199,98,101,396,174,222,452,201,251,451,177,274,485,210,275,532,219,313,657,256,401,800,329,471,699,272,427
2019,Octubre,CHAMARTÍN,4480,1868,2612,34,23,11,145,72,73,314,136,178,412,162,250,435,161,274,460,176,284,523,204,319,659,270,389,822,364,458,676,300,376
2019,Octubre,TETUÁN,8064,3509,4555,156,74,82,432,223,209,750,314,436,776,308,468,825,343,482,889,381,508,993,437,556,1085,489,596,1161,501,660,997,439,558
2019,Octubre,CHAMBERÍ,4624,1913,2711,35,16,19,203,93,110,479,210,269,464,185,279,493,200,293,487,201,286,509,207,302,591,235,356,747,332,415,616,234,382
2019,Octubre,FUENCARRAL - EL PARDO,8915,3705,5210,127,82,45,410,189,221,693,318,375,767,291,476,960,378,582,1131,431,700,1158,475,683,1163,502,661,1384,598,786,1122,441,681
2019,Octubre,MONCLOA - ARAVACA,4027,1761,2266,49,26,23,167,69,98,359,151,208,326,145,181,366,143,223,438,182,256,477,230,247,622,268,354,666,302,364,557,245,312
2019,Octubre,LATINA,12990,5702,7288,331,177,154,817,409,408,1134,480,654,1186,502,684,1350,577,773,1450,588,862,1572,703,869,1844,842,1002,1744,768,976,1562,656,906
2019,Octubre,CARABANCHEL,15871,6864,9007,443,235,208,1001,490,511,1382,587,795,1451,594,857,1710,685,1025,1917,778,1139,2020,877,1143,2076,945,1131,2105,925,1180,1766,748,1018
2019,Octubre,USERA,9335,4079,5256,297,155,142,697,347,350,826,383,443,861,344,517,975,393,582,1035,420,615,1233,517,716,1207,550,657,1197,513,684,1007,457,550
2019,Octubre,PUENTE DE VALLECAS,17339,7760,9579,560,306,254,1271,622,649,1654,713,941,1610,656,954,1773,722,1051,1913,837,1076,1908,910,998,2252,975,1277,2433,1136,1297,1965,883,1082
2019,Octubre,MORATALAZ,4967,2101,2866,125,73,52,333,165,168,416,179,237,428,180,248,432,174,258,494,192,302,595,249,346,671,287,384,808,345,463,665,257,408
2019,Octubre,CIUDAD LINEAL,10368,4495,5873,186,107,79,449,232,217,809,389,420,896,377,519,1006,390,616,1094,478,616,1244,538,706,1489,603,886,1736,789,947,1459,592,867
2019,Octubre,HORTALEZA,7780,3269,4511,138,82,56,394,199,195,586,280,306,640,253,387,767,289,478,849,323,526,1018,404,614,1078,433,645,1246,526,720,1064,480,584
2019,Octubre,VILLAVERDE,10561,4480,6081,363,188,175,777,394,383,952,379,573,938,366,572,1099,420,679,1218,483,735,1269,501,768,1388,596,792,1410,611,799,1147,542,605
2019,Octubre,VILLA DE VALLECAS,7222,2936,4286,265,147,118,502,236,266,664,270,394,710,274,436,883,323,560,979,367,612,877,352,525,794,337,457,850,343,507,698,287,411
2019,Octubre,VICÁLVARO,4491,1879,2612,152,73,79,347,169,178,379,160,219,405,172,233,430,166,264,503,186,317,618,240,378,627,253,374,600,264,336,430,196,234
2019,Octubre,SAN BLAS-CANILLEJAS,8574,3743,4831,207,114,93,535,262,273,687,300,387,731,312,419,747,296,451,888,370,518,958,391,567,1231,537,694,1443,672,771,1147,489,658
2019,Octubre,BARAJAS,1799,748,1051,28,15,13,104,45,59,115,52,63,149,51,98,178,75,103,230,89,141,238,99,139,228,103,125,298,125,173,231,94,137
2019,Noviembre,MADRID,163632,71395,92237,3640,1990,1650,9330,4518,4812,13973,6169,7804,15162,6296,8866,16893,6891,10002,18338,7605,10733,19866,8637,11229,21877,9596,12281,24241,10814,13427,20312,8879,11433
2019,Noviembre,CENTRO,7521,3875,3646,51,36,15,249,121,128,662,308,354,873,413,460,878,455,423,905,456,449,958,500,458,999,547,452,1055,560,495,891,479,412
2019,Noviembre,ARGANZUELA,6646,2965,3681,95,44,51,297,145,152,556,245,311,657,305,352,732,312,420,723,311,412,774,360,414,850,354,496,1062,482,580,900,407,493
2019,Noviembre,RETIRO,4039,1761,2278,45,24,21,154,68,86,329,168,161,369,153,216,403,171,232,425,189,236,479,204,275,556,239,317,668,288,380,611,257,354
2019,Noviembre,SALAMANCA,4736,1961,2775,53,26,27,206,98,108,414,183,231,458,193,265,466,190,276,458,191,267,529,216,313,637,256,381,804,322,482,711,286,425
2019,Noviembre,CHAMARTÍN,4480,1870,2610,36,26,10,138,63,75,308,138,170,402,166,236,425,162,263,478,179,299,520,207,313,661,269,392,836,370,466,676,290,386
2019,Noviembre,TETUÁN,8015,3514,4501,146,68,78,437,216,221,730,317,413,777,310,467,805,338,467,892,393,499,984,434,550,1096,495,601,1148,496,652,1000,447,553
2019,Noviembre,CHAMBERÍ,4612,1913,2699,35,16,19,193,93,100,457,191,266,461,193,268,500,209,291,499,202,297,521,216,305,605,239,366,730,325,405,611,229,382
2019,Noviembre,FUENCARRAL - EL PARDO,8879,3707,5172,131,84,47,419,190,229,665,314,351,781,303,478,964,383,581,1119,425,694,1140,481,659,1182,502,680,1344,579,765,1134,446,688
2019,Noviembre,MONCLOA - ARAVACA,4079,1807,2272,55,32,23,179,80,99,354,153,201,333,143,190,372,145,227,449,190,259,481,238,243,604,257,347,685,317,368,567,252,315
2019,Noviembre,LATINA,12987,5793,7194,306,169,137,767,397,370,1142,524,618,1201,526,675,1363,591,772,1437,603,834,1578,694,884,1816,822,994,1792,791,1001,1585,676,909
2019,Noviembre,CARABANCHEL,15792,6886,8906,438,230,208,966,455,511,1352,579,773,1455,596,859,1699,684,1015,1901,787,1114,2014,882,1132,2050,938,1112,2134,948,1186,1783,787,996
2019,Noviembre,USERA,9245,4050,5195,311,172,139,672,317,355,828,380,448,873,347,526,954,379,575,1007,419,588,1198,509,689,1215,554,661,1194,517,677,993,456,537
2019,Noviembre,PUENTE DE VALLECAS,17246,7752,9494,557,309,248,1281,617,664,1594,702,892,1615,665,950,1798,742,1056,1884,812,1072,1901,899,1002,2203,964,1239,2452,1147,1305,1961,895,1066
2019,Noviembre,MORATALAZ,4921,2096,2825,115,65,50,321,162,159,429,182,247,444,185,259,440,176,264,479,194,285,570,243,327,669,289,380,791,335,456,663,265,398
2019,Noviembre,CIUDAD LINEAL,10257,4443,5814,162,96,66,462,227,235,814,366,448,878,366,512,1017,397,620,1049,449,600,1224,549,675,1430,593,837,1732,792,940,1489,608,881
2019,Noviembre,HORTALEZA,7678,3225,4453,115,68,47,365,182,183,578,273,305,621,244,377,780,296,484,841,316,525,1027,419,608,1053,428,625,1241,526,715,1057,473,584
2019,Noviembre,VILLAVERDE,10478,4443,6035,351,183,168,731,366,365,949,380,569,963,376,587,1106,410,696,1220,477,743,1240,495,745,1381,606,775,1403,615,788,1134,535,599
2019,Noviembre,VILLA DE VALLECAS,7216,2947,4269,273,155,118,510,236,274,665,275,390,704,275,429,850,308,542,986,378,608,884,350,534,801,334,467,843,342,501,700,294,406
2019,Noviembre,VICÁLVARO,4431,1867,2564,148,77,71,359,173,186,363,153,210,383,163,220,408,163,245,493,185,308,609,236,373,626,257,369,617,273,344,425,187,238
2019,Noviembre,SAN BLAS-CANILLEJAS,8536,3755,4781,188,92,96,539,276,263,659,285,374,754,317,437,757,305,452,865,364,501,982,401,581,1213,549,664,1414,661,753,1165,505,660
2019,Noviembre,BARAJAS,1838,765,1073,29,18,11,85,36,49,125,53,72,160,57,103,176,75,101,228,85,143,253,104,149,230,104,126,296,128,168,256,105,151
2019,Diciembre,MADRID,160955,71293,89662,2995,1635,1360,8364,4106,4258,13530,6102,7428,14902,6247,8655,16594,6924,9670,18295,7792,10503,19913,8809,11104,21777,9735,12042,24201,10944,13257,20384,8999,11385
2019,Diciembre,CENTRO,7424,3872,3552,49,33,16,230,120,110,641,314,327,842,405,437,876,448,428,891,458,433,973,511,462,977,546,431,1054,558,496,891,479,412
2019,Diciembre,ARGANZUELA,6580,2967,3613,75,37,38,272,135,137,517,243,274,651,291,360,728,315,413,734,329,405,794,359,435,836,350,486,1058,487,571,915,421,494
2019,Diciembre,RETIRO,4006,1755,2251,35,21,14,132,58,74,332,162,170,368,154,214,384,162,222,446,186,260,477,202,275,545,241,304,674,301,373,613,268,345
2019,Diciembre,SALAMANCA,4641,1924,2717,42,24,18,173,84,89,390,164,226,464,194,270,453,188,265,446,178,268,536,222,314,629,260,369,796,327,469,712,283,429
2019,Diciembre,CHAMARTÍN,4419,1862,2557,27,19,8,114,53,61,312,128,184,395,161,234,429,169,260,452,177,275,521,216,305,652,272,380,839,372,467,678,295,383
2019,Diciembre,TETUÁN,7963,3515,4448,119,51,68,380,189,191,698,285,413,784,334,450,802,323,479,911,407,504,969,441,528,1118,512,606,1173,516,657,1009,457,552
2019,Diciembre,CHAMBERÍ,4643,1967,2676,29,13,16,165,79,86,461,212,249,487,204,283,521,212,309,492,195,297,536,233,303,605,250,355,739,339,400,608,230,378
2019,Diciembre,FUENCARRAL - EL PARDO,8691,3701,4990,100,61,39,380,175,205,651,309,342,743,299,444,932,386,546,1113,448,665,1167,493,674,1149,493,656,1331,581,750,1125,456,669
2019,Diciembre,MONCLOA - ARAVACA,4054,1826,2228,42,21,21,153,71,82,349,153,196,325,137,188,366,149,217,460,201,259,477,240,237,616,269,347,692,327,365,574,258,316
2019,Diciembre,LATINA,12675,5773,6902,241,141,100,688,353,335,1091,517,574,1160,526,634,1312,576,736,1440,644,796,1568,706,862,1786,830,956,1790,796,994,1599,684,915
2019,Diciembre,CARABANCHEL,15470,6932,8538,351,189,162,905,421,484,1316,602,714,1384,579,805,1677,709,968,1878,804,1074,2038,922,1116,2049,971,1078,2091,923,1168,1781,812,969
2019,Diciembre,USERA,9095,4072,5023,260,149,111,629,298,331,821,376,445,859,359,500,952,388,564,1000,425,575,1166,519,647,1220,574,646,1188,527,661,1000,457,543
2019,Diciembre,PUENTE DE VALLECAS,16851,7666,9185,444,236,208,1131,547,584,1536,694,842,1574,637,937,1778,754,1024,1895,838,1057,1896,905,991,2188,994,1194,2437,1155,1282,1972,906,1066
2019,Diciembre,MORATALAZ,4839,2104,2735,105,57,48,287,147,140,402,185,217,444,195,249,432,184,248,489,195,294,567,247,320,672,289,383,787,339,448,654,266,388
2019,Diciembre,CIUDAD LINEAL,10173,4493,5680,138,84,54,432,224,208,779,365,414,882,374,508,1009,410,599,1051,456,595,1244,564,680,1418,599,819,1725,797,928,1495,620,875
2019,Diciembre,HORTALEZA,7653,3232,4421,87,50,37,316,172,144,576,262,314,651,252,399,774,301,473,853,335,518,1036,423,613,1049,418,631,1239,535,704,1072,484,588
2019,Diciembre,VILLAVERDE,10295,4466,5829,303,161,142,661,333,328,909,378,531,941,368,573,1073,416,657,1231,511,720,1243,513,730,1407,629,778,1399,629,770,1128,528,600
2019,Diciembre,VILLA DE VALLECAS,6993,2871,4122,224,125,99,455,209,246,639,267,372,689,268,421,806,300,506,960,371,589,869,347,522,799,334,465,850,353,497,702,297,405
2019,Diciembre,VICÁLVARO,4352,1842,2510,126,63,63,326,166,160,377,160,217,376,154,222,389,162,227,488,191,297,605,239,366,621,251,370,611,265,346,433,191,242
2019,Diciembre,SAN BLAS-CANILLEJAS,8334,3687,4647,175,82,93,469,245,224,613,268,345,723,302,421,730,299,431,841,359,482,976,403,573,1223,549,674,1426,680,746,1158,500,658
2019,Diciembre,BARAJAS,1804,766,1038,23,18,5,66,27,39,120,58,62,160,54,106,171,73,98,224,84,140,255,104,151,218,104,114,302,137,165,265,107,158
2020,Enero,MADRID,166337,73570,92767,2976,1626,1350,8884,4342,4542,14672,6614,8058,15653,6613,9040,17081,7161,9920,18918,8058,10860,20441,8974,11467,22369,9951,12418,24681,11125,13556,20662,9106,11556
2020,Enero,CENTRO,7631,3982,3649,49,28,21,221,114,107,651,316,335,857,420,437,907,480,427,949,493,456,1002,519,483,1003,569,434,1069,555,514,923,488,435
2020,Enero,ARGANZUELA,6825,3046,3779,75,42,33,291,148,143,573,266,307,674,305,369,760,319,441,808,357,451,781,357,424,871,358,513,1074,476,598,918,418,500
2020,Enero,RETIRO,4118,1822,2296,38,24,14,136,60,76,383,195,188,387,161,226,414,185,229,444,189,255,484,209,275,563,251,312,668,299,369,601,249,352
2020,Enero,SALAMANCA,4717,1944,2773,35,22,13,167,77,90,447,199,248,452,175,277,456,181,275,467,196,271,529,224,305,640,255,385,794,325,469,730,290,440
2020,Enero,CHAMARTÍN,4508,1904,2604,32,21,11,109,47,62,329,142,187,389,169,220,433,168,265,478,186,292,552,228,324,663,276,387,834,364,470,689,303,386
2020,Enero,TETUÁN,8144,3608,4536,113,50,63,417,210,207,740,317,423,793,338,455,856,356,500,912,400,512,990,439,551,1125,515,610,1178,515,663,1020,468,552
2020,Enero,CHAMBERÍ,4798,2041,2757,29,16,13,185,79,106,537,235,302,518,219,299,516,224,292,485,199,286,546,228,318,627,269,358,749,340,409,606,232,374
2020,Enero,FUENCARRAL - EL PARDO,8898,3785,5113,85,49,36,395,188,207,694,330,364,766,313,453,911,377,534,1162,470,692,1191,506,685,1178,502,676,1365,585,780,1151,465,686
2020,Enero,MONCLOA - ARAVACA,4145,1849,2296,47,27,20,169,82,87,363,160,203,347,148,199,379,159,220,472,194,278,473,224,249,625,274,351,684,322,362,586,259,327
2020,Enero,LATINA,13211,5979,7232,226,121,105,742,378,364,1188,559,629,1208,528,680,1392,625,767,1492,663,829,1648,731,917,1858,858,1000,1849,832,1017,1608,684,924
2020,Enero,CARABANCHEL,15984,7117,8867,336,172,164,981,469,512,1410,627,783,1514,651,863,1688,694,994,1932,822,1110,2095,943,1152,2110,982,1128,2126,945,1181,1792,812,980
2020,Enero,USERA,9461,4196,5265,272,154,118,688,330,358,884,388,496,902,372,530,990,393,597,1041,452,589,1226,543,683,1243,580,663,1216,528,688,999,456,543
2020,Enero,PUENTE DE VALLECAS,17537,7983,9554,458,246,212,1186,565,621,1676,751,925,1700,729,971,1849,776,1073,1954,861,1093,1965,936,1029,2268,1025,1243,2479,1160,1319,2002,934,1068
2020,Enero,MORATALAZ,4981,2149,2832,99,55,44,301,148,153,427,194,233,436,180,256,446,188,258,493,211,282,584,261,323,694,294,400,817,346,471,684,272,412
2020,Enero,CIUDAD LINEAL,10512,4599,5913,141,83,58,436,216,220,842,377,465,960,388,572,1025,415,610,1066,462,604,1262,558,704,1484,637,847,1782,833,949,1514,630,884
2020,Enero,HORTALEZA,7834,3314,4520,96,58,38,341,179,162,587,276,311,681,269,412,803,309,494,877,344,533,1038,421,617,1041,417,624,1289,559,730,1081,482,599
2020,Enero,VILLAVERDE,10703,4664,6039,294,160,134,729,371,358,1033,449,584,989,389,600,1069,432,637,1284,525,759,1299,535,764,1433,624,809,1421,639,782,1152,540,612
2020,Enero,VILLA DE VALLECAS,7331,3058,4273,220,121,99,503,242,261,680,286,394,743,306,437,829,316,513,1016,400,616,928,367,561,815,341,474,880,374,506,717,305,412
2020,Enero,VICÁLVARO,4466,1885,2581,127,65,62,330,166,164,403,172,231,406,163,243,398,163,235,513,185,328,586,239,347,648,267,381,612,271,341,443,194,249
2020,Enero,SAN BLAS-CANILLEJAS,8683,3854,4829,182,95,87,491,247,244,684,303,381,772,324,448,778,327,451,855,366,489,1002,403,599,1259,555,704,1477,715,762,1183,519,664
2020,Enero,BARAJAS,1850,791,1059,22,17,5,66,26,40,141,72,69,159,66,93,182,74,108,218,83,135,260,103,157,221,102,119,318,142,176,263,106,157
2020,Febrero,MADRID,167188,74042,93146,3182,1726,1456,9345,4632,4713,14675,6716,7959,15720,6654,9066,17224,7218,10006,18682,7928,10754,20533,9023,11510,22282,9882,12400,24700,11098,13602,20845,9165,11680
2020,Febrero,CENTRO,7595,3974,3621,60,32,28,216,105,111,636,317,319,858,421,437,896,465,431,922,481,441,1017,532,485,964,537,427,1111,596,515,915,488,427
2020,Febrero,ARGANZUELA,6802,3076,3726,71,40,31,295,162,133,586,292,294,677,304,373,757,320,437,776,337,439,774,355,419,882,366,516,1063,473,590,921,427,494
2020,Febrero,RETIRO,4097,1787,2310,36,19,17,126,55,71,366,177,189,394,163,231,425,192,233,470,203,267,479,208,271,547,238,309,660,287,373,594,245,349
2020,Febrero,SALAMANCA,4717,1961,2756,35,21,14,189,100,89,435,187,248,464,197,267,451,180,271,464,196,268,516,206,310,626,249,377,799,331,468,738,294,444
2020,Febrero,CHAMARTÍN,4577,1948,2629,28,17,11,128,55,73,330,156,174,405,171,234,437,165,272,469,188,281,554,222,332,686,296,390,838,369,469,702,309,393
2020,Febrero,TETUÁN,8193,3623,4570,132,62,70,422,208,214,745,335,410,790,324,466,847,340,507,897,390,507,1016,453,563,1141,531,610,1185,516,669,1018,464,554
2020,Febrero,CHAMBERÍ,4832,2077,2755,33,16,17,193,83,110,517,241,276,507,218,289,508,225,283,507,203,304,550,242,308,640,263,377,755,342,413,622,244,378
2020,Febrero,FUENCARRAL - EL PARDO,8951,3827,5124,112,69,43,442,216,226,690,324,366,755,319,436,938,385,553,1139,455,684,1198,504,694,1159,509,650,1353,576,777,1165,470,695
2020,Febrero,MONCLOA - ARAVACA,4191,1841,2350,53,34,19,193,93,100,372,146,226,368,162,206,382,154,228,456,190,266,470,220,250,623,275,348,689,316,373,585,251,334
2020,Febrero,LATINA,13138,5923,7215,213,106,107,793,405,388,1153,538,615,1206,534,672,1378,613,765,1447,635,812,1631,725,906,1864,855,1009,1838,825,1013,1615,687,928
2020,Febrero,CARABANCHEL,16114,7166,8948,369,189,180,1045,523,522,1418,653,765,1509,650,859,1716,708,1008,1929,800,1129,2085,925,1160,2087,953,1134,2129,948,1181,1827,817,1010
2020,Febrero,USERA,9529,4205,5324,283,151,132,704,338,366,854,394,460,932,372,560,990,404,586,1054,465,589,1260,546,714,1239,565,674,1205,519,686,1008,451,557
2020,Febrero,PUENTE DE VALLECAS,17806,8175,9631,479,268,211,1242,612,630,1703,751,952,1751,744,1007,1898,812,1086,1941,861,1080,2012,971,1041,2253,1027,1226,2492,1173,1319,2035,956,1079
2020,Febrero,MORATALAZ,5018,2181,2837,111,53,58,320,158,162,442,194,248,443,192,251,457,205,252,491,214,277,577,252,325,685,296,389,802,340,462,690,277,413
2020,Febrero,CIUDAD LINEAL,10467,4607,5860,151,89,62,459,237,222,850,408,442,945,388,557,1017,414,603,1045,450,595,1247,553,694,1459,622,837,1768,808,960,1526,638,888
2020,Febrero,HORTALEZA,7856,3337,4519,108,65,43,373,197,176,586,281,305,671,269,402,776,298,478,875,336,539,1060,432,628,1055,425,630,1279,548,731,1073,486,587
2020,Febrero,VILLAVERDE,10808,4706,6102,318,173,145,740,364,376,1049,457,592,989,386,603,1096,438,658,1261,525,736,1306,562,744,1434,619,815,1445,645,800,1170,537,633
2020,Febrero,VILLA DE VALLECAS,7306,3016,4290,235,127,108,524,250,274,688,285,403,728,296,432,844,309,535,975,378,597,906,357,549,798,335,463,871,375,496,737,304,433
2020,Febrero,VICÁLVARO,4550,1915,2635,137,68,69,337,167,170,424,190,234,411,165,246,407,167,240,517,187,330,604,240,364,637,257,380,620,277,343,456,197,259
2020,Febrero,SAN BLAS-CANILLEJAS,8747,3894,4853,190,105,85,512,265,247,686,316,370,770,329,441,802,339,463,839,357,482,1001,407,594,1271,561,710,1490,699,791,1186,516,670
2020,Febrero,BARAJAS,1894,803,1091,28,22,6,92,39,53,145,74,71,147,50,97,202,85,117,208,77,131,270,111,159,232,103,129,308,135,173,262,107,155
2020,Marzo,MADRID,172670,77020,95650,3153,1701,1452,9510,4665,4845,15729,7258,8471,16713,7181,9532,18140,7659,10481,19477,8390,11087,21081,9397,11684,22737,10193,12544,24989,11233,13756,21141,9343,11798
2020,Marzo,CENTRO,8158,4291,3867,60,35,25,220,104,116,729,368,361,924,453,471,1011,529,482,1019,532,487,1092,577,515,1037,598,439,1122,592,530,944,503,441
2020,Marzo,ARGANZUELA,7028,3171,3857,74,41,33,308,160,148,632,307,325,728,316,412,806,355,451,811,347,464,809,366,443,870,374,496,1062,473,589,928,432,496
2020,Marzo,RETIRO,4199,1832,2367,31,15,16,124,52,72,386,188,198,409,167,242,440,205,235,484,213,271,487,209,278,585,257,328,648,283,365,605,243,362
2020,Marzo,SALAMANCA,4901,2055,2846,38,24,14,191,98,93,452,189,263,497,215,282,497,208,289,480,210,270,542,228,314,646,261,385,808,328,480,750,294,456
2020,Marzo,CHAMARTÍN,4713,2027,2686,27,15,12,130,58,72,357,167,190,430,183,247,474,194,280,482,201,281,566,224,342,685,294,391,858,374,484,704,317,387
2020,Marzo,TETUÁN,8519,3798,4721,130,64,66,461,222,239,821,374,447,857,357,500,902,368,534,921,401,520,1026,468,558,1153,539,614,1211,531,680,1037,474,563
2020,Marzo,CHAMBERÍ,4960,2137,2823,36,18,18,197,82,115,540,247,293,555,244,311,545,243,302,523,215,308,547,247,300,638,265,373,756,335,421,623,241,382
2020,Marzo,FUENCARRAL - EL PARDO,9075,3890,5185,104,65,39,412,191,221,746,344,402,788,345,443,941,380,561,1153,460,693,1223,522,701,1171,514,657,1361,592,769,1176,477,699
2020,Marzo,MONCLOA - ARAVACA,4265,1898,2367,48,30,18,222,110,112,391,168,223,360,170,190,380,150,230,473,201,272,471,210,261,638,283,355,692,325,367,590,251,339
2020,Marzo,LATINA,13557,6113,7444,214,110,104,817,418,399,1216,577,639,1290,572,718,1441,615,826,1498,669,829,1662,740,922,1912,872,1040,1892,846,1046,1615,694,921
2020,Marzo,CARABANCHEL,16653,7494,9159,384,194,190,1037,509,528,1542,741,801,1591,685,906,1794,737,1057,2019,850,1169,2134,975,1159,2147,998,1149,2159,980,1179,1846,825,1021
2020,Marzo,USERA,9973,4504,5469,275,147,128,741,356,385,897,418,479,1017,418,599,1086,455,631,1139,523,616,1324,592,732,1262,594,668,1215,539,676,1017,462,555
2020,Marzo,PUENTE DE VALLECAS,18279,8464,9815,469,251,218,1271,625,646,1818,822,996,1863,816,1047,1956,857,1099,1999,895,1104,2055,1005,1050,2257,1033,1224,2520,1172,1348,2071,988,1083
2020,Marzo,MORATALAZ,5151,2239,2912,115,55,60,318,156,162,461,200,261,467,196,271,469,210,259,512,223,289,582,254,328,692,298,394,824,354,470,711,293,418
2020,Marzo,CIUDAD LINEAL,10725,4740,5985,159,91,68,468,238,230,910,416,494,983,416,567,1047,415,632,1091,484,607,1260,579,681,1491,642,849,1790,824,966,1526,635,891
2020,Marzo,HORTALEZA,8136,3436,4700,111,64,47,361,191,170,651,315,336,714,291,423,829,320,509,911,338,573,1074,434,640,1087,446,641,1298,547,751,1100,490,610
2020,Marzo,VILLAVERDE,11202,4909,6293,303,165,138,794,383,411,1103,492,611,1059,428,631,1194,485,709,1281,534,747,1324,573,751,1461,634,827,1481,658,823,1202,557,645
2020,Marzo,VILLA DE VALLECAS,7551,3144,4407,240,131,109,506,236,270,730,302,428,787,321,466,877,325,552,1022,408,614,949,380,569,830,351,479,851,364,487,759,326,433
2020,Marzo,VICÁLVARO,4633,1992,2641,129,69,60,328,161,167,437,197,240,419,170,249,420,177,243,531,201,330,617,255,362,647,270,377,647,295,352,458,197,261
2020,Marzo,SAN BLAS-CANILLEJAS,9030,4033,4997,185,100,85,511,273,238,757,352,405,806,344,462,834,349,485,899,390,509,1053,441,612,1292,569,723,1482,683,799,1211,532,679
2020,Marzo,BARAJAS,1962,853,1109,21,17,4,93,42,51,153,74,79,169,74,95,197,82,115,229,95,134,284,118,166,236,101,135,312,138,174,268,112,156
2020,Abril,MADRID,193307,87962,105345,3209,1723,1486,11401,5538,5863,19319,8933,10386,19930,8763,11167,21170,9250,11920,22344,9995,12349,23449,10794,12655,24486,11232,13254,26187,11965,14222,21812,9769,12043
2020,Abril,CENTRO,9544,5055,4489,58,35,23,302,149,153,1003,498,505,1190,589,601,1256,666,590,1212,636,576,1228,664,564,1156,663,493,1169,634,535,970,521,449
2020,Abril,ARGANZUELA,8212,3766,4446,76,42,34,390,196,194,859,400,459,943,440,503,993,448,545,978,433,545,926,434,492,965,420,545,1109,493,616,973,460,513
2020,Abril,RETIRO,4670,2080,2590,33,17,16,151,65,86,479,244,235,497,217,280,501,229,272,547,248,299,539,234,305,625,280,345,692,300,392,606,246,360
2020,Abril,SALAMANCA,5424,2288,3136,39,23,16,233,117,116,567,244,323,605,251,354,564,243,321,559,251,308,590,251,339,689,279,410,811,328,483,767,301,466
2020,Abril,CHAMARTÍN,5240,2293,2947,27,15,12,162,76,86,462,200,262,517,227,290,536,218,318,542,245,297,615,252,363,726,320,406,917,406,511,736,334,402
2020,Abril,TETUÁN,9456,4258,5198,130,63,67,522,245,277,992,457,535,1043,438,605,1050,435,615,1015,458,557,1151,535,616,1235,585,650,1259,565,694,1059,477,582
2020,Abril,CHAMBERÍ,5541,2402,3139,37,18,19,251,105,146,655,289,366,661,299,362,627,278,349,608,261,347,594,261,333,662,277,385,813,368,445,633,246,387
2020,Abril,FUENCARRAL - EL PARDO,9965,4326,5639,105,65,40,495,229,266,876,403,473,930,409,521,1091,445,646,1298,540,758,1347,591,756,1239,548,691,1380,600,780,1204,496,708
2020,Abril,MONCLOA - ARAVACA,4716,2115,2601,54,31,23,258,123,135,484,199,285,438,199,239,456,187,269,519,224,295,508,237,271,669,298,371,720,347,373,610,270,340
2020,Abril,LATINA,15265,7080,8185,225,119,106,972,492,480,1472,723,749,1567,715,852,1705,761,944,1727,790,937,1860,858,1002,2059,975,1084,2001,907,1094,1677,740,937
2020,Abril,CARABANCHEL,18745,8671,10074,393,197,196,1273,614,659,1877,909,968,1883,846,1037,2098,899,1199,2323,1039,1284,2387,1123,1264,2327,1110,1217,2288,1058,1230,1896,876,1020
2020,Abril,USERA,11297,5254,6043,268,142,126,898,438,460,1136,540,596,1186,499,687,1247,545,702,1315,625,690,1494,706,788,1388,682,706,1304,597,707,1061,480,581
2020,Abril,PUENTE DE VALLECAS,20083,9451,10632,472,250,222,1439,694,745,2144,966,1178,2142,965,1177,2250,1033,1217,2233,1022,1211,2241,1115,1126,2371,1098,1273,2640,1257,1383,2151,1051,1100
2020,Abril,MORATALAZ,5629,2485,3144,116,55,61,357,171,186,573,257,316,523,221,302,529,239,290,566,256,310,665,303,362,718,314,404,858,374,484,724,295,429
2020,Abril,CIUDAD LINEAL,12172,5499,6673,163,92,71,601,293,308,1149,527,622,1191,518,673,1263,536,727,1303,598,705,1413,671,742,1636,731,905,1862,863,999,1591,670,921
2020,Abril,HORTALEZA,8988,3860,5128,110,64,46,429,216,213,789,377,412,818,337,481,952,388,564,1043,405,638,1194,496,698,1179,497,682,1347,574,773,1127,506,621
2020,Abril,VILLAVERDE,12939,5898,7041,323,172,151,1012,496,516,1341,587,754,1319,573,746,1432,610,822,1544,709,835,1524,704,820,1610,735,875,1579,720,859,1255,592,663
2020,Abril,VILLA DE VALLECAS,8228,3494,4734,241,137,104,570,271,299,852,362,490,883,362,521,972,381,591,1123,455,668,1019,416,603,911,395,516,880,380,500,777,335,442
2020,Abril,VICÁLVARO,5011,2204,2807,130,68,62,355,177,178,493,228,265,450,186,264,471,197,274,584,229,355,685,296,389,691,305,386,676,310,366,476,208,268
2020,Abril,SAN BLAS-CANILLEJAS,10006,4518,5488,186,100,86,623,317,306,914,429,485,943,386,557,957,416,541,1033,458,575,1171,515,656,1376,609,767,1563,743,820,1240,545,695
2020,Abril,BARAJAS,2176,965,1211,23,18,5,108,54,54,202,94,108,201,86,115,220,96,124,272,113,159,298,132,166,254,111,143,319,141,178,279,120,159
2020,Mayo,MADRID,201976,91145,110831,3259,1760,1499,12388,5956,6432,21043,9671,11372,21143,9166,11977,22283,9645,12638,23381,10331,13050,24329,11079,13250,25198,11483,13715,26750,12141,14609,22202,9913,12289
2020,Mayo,CENTRO,10209,5388,4821,69,43,26,360,172,188,1121,531,590,1305,651,654,1377,736,641,1307,689,618,1295,698,597,1196,690,506,1198,650,548,981,528,453
2020,Mayo,ARGANZUELA,8588,3916,4672,75,40,35,426,209,217,943,439,504,993,467,526,1042,468,574,1031,455,576,952,445,507,998,429,569,1139,511,628,989,453,536
2020,Mayo,RETIRO,4904,2168,2736,32,16,16,186,80,106,545,276,269,537,228,309,536,246,290,555,241,314,575,253,322,631,282,349,682,291,391,625,255,370
2020,Mayo,SALAMANCA,5755,2434,3321,37,24,13,264,130,134,649,278,371,656,274,382,602,258,344,599,269,330,600,250,350,711,296,415,853,348,505,784,307,477
2020,Mayo,CHAMARTÍN,5607,2430,3177,30,18,12,198,95,103,530,233,297,582,251,331,578,224,354,578,239,339,671,295,376,754,331,423,937,406,531,749,338,411
2020,Mayo,TETUÁN,9671,4329,5342,133,66,67,540,248,292,1036,466,570,1070,444,626,1089,441,648,1025,459,566,1182,553,629,1235,588,647,1268,570,698,1093,494,599
2020,Mayo,CHAMBERÍ,5801,2510,3291,37,18,19,248,97,151,751,326,425,742,337,405,636,281,355,635,273,362,620,276,344,665,273,392,825,371,454,642,258,384
2020,Mayo,FUENCARRAL - EL PARDO,10325,4473,5852,103,63,40,527,244,283,959,440,519,986,427,559,1115,456,659,1334,558,776,1382,598,784,1295,570,725,1401,611,790,1223,506,717
2020,Mayo,MONCLOA - ARAVACA,4901,2162,2739,55,30,25,257,123,134,539,222,317,456,196,260,490,199,291,541,236,305,533,239,294,693,304,389,722,344,378,615,269,346
2020,Mayo,LATINA,15843,7284,8559,231,125,106,1050,517,533,1594,792,802,1636,723,913,1783,803,980,1811,810,1001,1905,876,1029,2112,985,1127,2012,904,1108,1709,749,960
2020,Mayo,CARABANCHEL,19481,8856,10625,387,194,193,1381,656,725,2005,951,1054,1963,859,1104,2214,935,1279,2408,1060,1348,2472,1124,1348,2382,1117,1265,2355,1083,1272,1914,877,1037
2020,Mayo,USERA,11725,5347,6378,267,139,128,957,467,490,1217,570,647,1249,516,733,1293,540,753,1353,627,726,1533,700,833,1445,694,751,1328,604,724,1083,490,593
2020,Mayo,PUENTE DE VALLECAS,21110,9873,11237,482,256,226,1606,768,838,2312,1062,1250,2301,1035,1266,2427,1107,1320,2324,1053,1271,2341,1148,1193,2438,1117,1321,2706,1275,1431,2173,1052,1121
2020,Mayo,MORATALAZ,5891,2607,3284,117,57,60,391,190,201,617,274,343,544,230,314,562,258,304,605,273,332,684,309,375,757,336,421,881,378,503,733,302,431
2020,Mayo,CIUDAD LINEAL,12802,5723,7079,157,84,73,671,319,352,1277,588,689,1262,551,711,1321,548,773,1395,617,778,1448,679,769,1708,752,956,1932,901,1031,1631,684,947
2020,Mayo,HORTALEZA,9415,4039,5376,112,68,44,476,229,247,879,426,453,872,346,526,1000,407,593,1107,446,661,1238,503,735,1201,521,680,1379,577,802,1151,516,635
2020,Mayo,VILLAVERDE,13402,5986,7416,337,185,152,1080,534,546,1427,619,808,1349,561,788,1461,595,866,1614,713,901,1593,712,881,1653,742,911,1613,728,885,1275,597,678
2020,Mayo,VILLA DE VALLECAS,8556,3607,4949,248,142,106,615,291,324,899,374,525,946,384,562,1025,401,624,1179,476,703,1049,421,628,929,399,530,879,381,498,787,338,449
2020,Mayo,VICÁLVARO,5187,2278,2909,129,69,60,369,188,181,522,241,281,467,189,278,490,203,287,600,240,360,718,309,409,697,305,392,703,316,387,492,218,274
2020,Mayo,SAN BLAS-CANILLEJAS,10468,4696,5772,195,103,92,667,340,327,992,453,539,995,398,597,1007,437,570,1078,475,603,1221,542,679,1432,634,798,1607,750,857,1274,564,710
2020,Mayo,BARAJAS,2335,1039,1296,26,20,6,119,59,60,229,110,119,232,99,133,235,102,133,302,122,180,317,149,168,266,118,148,330,142,188,279,118,161
2020,Junio,MADRID,202644,89877,112767,3206,1711,1495,11503,5605,5898,21291,9649,11642,21396,9095,12301,22421,9430,12991,23494,10097,13397,24452,10867,13585,25381,11307,14074,26876,12029,14847,22624,10087,12537
2020,Junio,CENTRO,10302,5380,4922,67,42,25,317,159,158,1153,548,605,1337,670,667,1392,728,664,1317,681,636,1312,696,616,1198,677,521,1215,647,568,994,532,462
2020,Junio,ARGANZUELA,8484,3815,4669,68,38,30,343,178,165,937,429,508,993,440,553,1031,465,566,1028,437,591,945,439,506,995,415,580,1142,513,629,1002,461,541
2020,Junio,RETIRO,4920,2177,2743,34,17,17,153,66,87,556,283,273,550,237,313,533,237,296,579,251,328,573,251,322,626,281,345,690,297,393,626,257,369
2020,Junio,SALAMANCA,5872,2482,3390,38,22,16,222,113,109,663,288,375,668,280,388,615,265,350,628,272,356,638,266,372,720,298,422,871,358,513,809,320,489
2020,Junio,CHAMARTÍN,5742,2478,3264,31,19,12,171,82,89,539,243,296,605,271,334,586,217,369,610,250,360,692,297,395,790,347,443,947,407,540,771,345,426
2020,Junio,TETUÁN,9801,4321,5480,136,66,70,495,230,265,1065,470,595,1086,447,639,1115,435,680,1066,470,596,1199,552,647,1272,588,684,1265,569,696,1102,494,608
2020,Junio,CHAMBERÍ,5846,2506,3340,37,18,19,212,94,118,747,325,422,737,332,405,663,277,386,638,274,364,652,281,371,670,272,398,834,369,465,656,264,392
2020,Junio,FUENCARRAL - EL PARDO,10462,4507,5955,105,60,45,482,228,254,981,446,535,1019,443,576,1141,466,675,1343,550,793,1427,620,807,1322,575,747,1405,607,798,1237,512,725
2020,Junio,MONCLOA - ARAVACA,4965,2181,2784,55,32,23,216,107,109,559,223,336,514,232,282,498,201,297,555,247,308,528,231,297,695,299,396,719,333,386,626,276,350
2020,Junio,LATINA,15893,7137,8756,220,114,106,981,483,498,1644,793,851,1639,696,943,1839,792,1047,1790,788,1002,1926,847,1079,2116,978,1138,2003,882,1121,1735,764,971
2020,Junio,CARABANCHEL,19468,8629,10839,372,187,185,1296,614,682,2023,937,1086,1988,842,1146,2178,885,1293,2394,1020,1374,2482,1084,1398,2418,1102,1316,2364,1068,1296,1953,890,1063
2020,Junio,USERA,11687,5201,6486,264,139,125,931,455,476,1203,541,662,1261,529,732,1275,509,766,1353,608,745,1521,667,854,1435,647,788,1337,603,734,1107,503,604
2020,Junio,PUENTE DE VALLECAS,21417,9858,11559,467,250,217,1609,774,835,2365,1078,1287,2328,1016,1312,2416,1074,1342,2399,1058,1341,2372,1145,1227,2497,1133,1364,2738,1264,1474,2226,1066,1160
2020,Junio,MORATALAZ,5905,2572,3333,114,54,60,362,180,182,601,271,330,550,227,323,571,250,321,604,258,346,694,313,381,757,326,431,884,373,511,768,320,448
2020,Junio,CIUDAD LINEAL,12752,5564,7188,162,88,74,629,306,323,1285,579,706,1260,521,739,1334,533,801,1344,565,779,1434,656,778,1714,732,982,1929,893,1036,1661,691,970
2020,Junio,HORTALEZA,9453,4003,5450,109,60,49,410,210,200,897,432,465,875,337,538,1014,414,600,1121,435,686,1227,496,731,1224,517,707,1401,580,821,1175,522,653
2020,Junio,VILLAVERDE,13121,5677,7444,335,178,157,992,497,495,1400,599,801,1326,515,811,1425,562,863,1568,658,910,1556,662,894,1626,700,926,1601,705,896,1292,601,691
2020,Junio,VILLA DE VALLECAS,8568,3529,5039,246,138,108,592,272,320,900,376,524,933,369,564,1038,397,641,1198,463,735,1045,410,635,940,397,543,883,376,507,793,331,462
2020,Junio,VICÁLVARO,5182,2241,2941,127,63,64,371,189,182,533,240,293,479,194,285,487,196,291,605,237,368,702,294,408,686,297,389,694,311,383,498,220,278
2020,Junio,SAN BLAS-CANILLEJAS,10459,4594,5865,196,108,88,608,311,297,998,440,558,1014,403,611,1032,430,602,1066,458,608,1208,512,696,1413,608,805,1613,731,882,1311,593,718
2020,Junio,BARAJAS,2345,1025,1320,23,18,5,111,57,54,242,108,134,234,94,140,238,97,141,288,117,171,319,148,171,267,118,149,341,143,198,282,125,157
2020,Julio,MADRID,206549,90427,116122,3598,1952,1646,11957,5750,6207,21543,9596,11947,21679,9058,12621,22705,9376,13329,24007,10183,13824,24952,10856,14096,25783,11383,14400,27261,12038,15223,23064,10235,12829
2020,Julio,CENTRO,10474,5447,5027,70,45,25,333,158,175,1150,538,612,1329,673,656,1395,716,679,1360,717,643,1357,708,649,1219,687,532,1240,654,586,1021,551,470
2020,Julio,ARGANZUELA,8633,3896,4737,75,44,31,365,187,178,946,440,506,1005,449,556,1049,468,581,1052,457,595,976,441,535,993,421,572,1150,519,631,1022,470,552
2020,Julio,RETIRO,4982,2187,2795,37,18,19,167,79,88,573,278,295,536,234,302,533,232,301,585,252,333,579,246,333,636,284,352,705,304,401,631,260,371
2020,Julio,SALAMANCA,6040,2536,3504,41,20,21,231,105,126,682,293,389,672,297,375,648,267,381,648,284,364,656,271,385,746,309,437,867,352,515,849,338,511
2020,Julio,CHAMARTÍN,5905,2550,3355,38,27,11,186,88,98,546,247,299,625,277,348,610,233,377,619,252,367,722,310,412,808,348,460,974,420,554,777,348,429
2020,Julio,TETUÁN,10195,4468,5727,160,79,81,544,262,282,1103,489,614,1140,460,680,1160,439,721,1116,485,631,1215,552,663,1311,600,711,1329,595,734,1117,507,610
2020,Julio,CHAMBERÍ,6025,2566,3459,47,21,26,221,95,126,769,347,422,739,325,414,698,286,412,651,273,378,679,293,386,681,270,411,868,384,484,672,272,400
2020,Julio,FUENCARRAL - EL PARDO,10771,4590,6181,121,70,51,500,233,267,1049,465,584,1073,457,616,1158,458,700,1398,578,820,1448,614,834,1326,573,753,1432,617,815,1266,525,741
2020,Julio,MONCLOA - ARAVACA,5123,2236,2887,64,34,30,248,125,123,561,232,329,546,232,314,518,201,317,571,247,324,554,244,310,695,297,398,728,339,389,638,285,353
2020,Julio,LATINA,16212,7141,9071,254,131,123,1029,478,551,1658,765,893,1644,692,952,1839,771,1068,1834,788,1046,1993,864,1129,2129,970,1159,2055,896,1159,1777,786,991
2020,Julio,CARABANCHEL,19929,8701,11228,435,229,206,1364,643,721,2046,912,1134,2036,836,1200,2212,880,1332,2482,1043,1439,2512,1082,1430,2462,1105,1357,2402,1069,1333,1978,902,1076
2020,Julio,USERA,11804,5172,6632,298,162,136,915,438,477,1190,519,671,1244,508,736,1301,516,785,1363,599,764,1530,658,872,1476,662,814,1348,603,745,1139,507,632
2020,Julio,PUENTE DE VALLECAS,21478,9680,11798,511,282,229,1628,763,865,2341,1047,1294,2321,987,1334,2377,1033,1344,2425,1039,1386,2353,1110,1243,2533,1134,1399,2728,1221,1507,2261,1064,1197
2020,Julio,MORATALAZ,6019,2621,3398,127,61,66,382,196,186,633,290,343,560,231,329,592,262,330,609,254,355,702,311,391,754,331,423,883,364,519,777,321,456
2020,Julio,CIUDAD LINEAL,13048,5601,7447,181,104,77,640,318,322,1319,599,720,1306,526,780,1372,549,823,1373,556,817,1478,645,833,1720,726,994,1970,886,1084,1689,692,997
2020,Julio,HORTALEZA,9695,4015,5680,125,71,54,460,227,233,943,428,515,898,343,555,1011,410,601,1125,418,707,1255,488,767,1270,543,727,1418,566,852,1190,521,669
2020,Julio,VILLAVERDE,13292,5631,7661,381,201,180,1026,506,520,1409,587,822,1326,495,831,1419,531,888,1578,666,912,1570,630,940,1657,704,953,1596,699,897,1330,612,718
2020,Julio,VILLA DE VALLECAS,8644,3521,5123,248,141,107,584,276,308,880,363,517,948,369,579,1030,389,641,1233,462,771,1052,416,636,945,387,558,913,383,530,811,335,476
2020,Julio,VICÁLVARO,5263,2248,3015,135,67,68,396,196,200,525,237,288,502,200,302,495,200,295,596,231,365,738,303,435,701,302,399,683,298,385,492,214,278
2020,Julio,SAN BLAS-CANILLEJAS,10615,4586,6029,220,125,95,633,322,311,986,415,571,990,380,610,1045,434,611,1086,463,623,1251,527,724,1438,600,838,1625,720,905,1341,600,741
2020,Julio,BARAJAS,2402,1034,1368,30,20,10,105,55,50,234,105,129,239,87,152,243,101,142,303,119,184,332,143,189,283,130,153,347,149,198,286,125,161
2020,Agosto,MADRID,209549,91509,118040,3778,2059,1719,12469,5994,6475,21859,9655,12204,22008,9138,12870,23043,9491,13552,24276,10281,13995,25235,10943,14292,26078,11495,14583,27492,12114,15378,23311,10339,12972
2020,Agosto,CENTRO,10645,5540,5105,72,41,31,356,177,179,1140,536,604,1355,685,670,1403,710,693,1387,732,655,1392,728,664,1263,714,549,1234,651,583,1043,566,477
2020,Agosto,ARGANZUELA,8701,3877,4824,77,42,35,394,207,187,974,433,541,979,425,554,1063,471,592,1051,441,610,988,444,544,1011,428,583,1144,516,628,1020,470,550
2020,Agosto,RETIRO,5059,2213,2846,40,18,22,174,85,89,580,275,305,556,249,307,542,235,307,581,247,334,578,246,332,649,289,360,721,311,410,638,258,380
2020,Agosto,SALAMANCA,6108,2551,3557,38,24,14,236,113,123,679,286,393,691,294,397,670,276,394,637,275,362,663,272,391,757,309,448,874,355,519,863,347,516
2020,Agosto,CHAMARTÍN,6015,2629,3386,45,29,16,196,93,103,591,266,325,629,284,345,616,241,375,616,251,365,739,325,414,816,367,449,986,421,565,781,352,429
2020,Agosto,TETUÁN,10331,4534,5797,160,80,80,552,264,288,1112,498,614,1180,470,710,1173,455,718,1151,504,647,1222,553,669,1314,600,714,1333,600,733,1134,510,624
2020,Agosto,CHAMBERÍ,6042,2550,3492,42,17,25,223,96,127,773,342,431,745,329,416,706,286,420,639,266,373,699,297,402,673,277,396,878,382,496,664,258,406
2020,Agosto,FUENCARRAL - EL PARDO,10988,4676,6312,131,80,51,529,253,276,1075,483,592,1088,456,632,1182,475,707,1442,595,847,1462,608,854,1356,579,777,1453,614,839,1270,533,737
2020,Agosto,MONCLOA - ARAVACA,5251,2296,2955,74,43,31,284,136,148,600,244,356,565,245,320,525,200,325,562,242,320,551,252,299,702,300,402,750,351,399,638,283,355
2020,Agosto,LATINA,16515,7232,9283,279,137,142,1073,515,558,1692,765,927,1686,684,1002,1887,781,1106,1865,797,1068,1994,872,1122,2172,995,1177,2065,891,1174,1802,795,1007
2020,Agosto,CARABANCHEL,20110,8745,11365,464,248,216,1398,642,756,2065,915,1150,2047,850,1197,2226,876,1350,2497,1037,1460,2520,1085,1435,2478,1110,1368,2416,1072,1344,1999,910,1089
2020,Agosto,USERA,11898,5177,6721,303,162,141,969,448,521,1180,521,659,1237,487,750,1306,511,795,1373,608,765,1534,657,877,1476,656,820,1356,611,745,1164,516,648
2020,Agosto,PUENTE DE VALLECAS,21649,9773,11876,537,301,236,1676,792,884,2340,1022,1318,2338,990,1348,2387,1039,1348,2443,1074,1369,2358,1103,1255,2527,1148,1379,2766,1233,1533,2277,1071,1206
2020,Agosto,MORATALAZ,6116,2643,3473,133,68,65,386,205,181,646,293,353,584,238,346,596,263,333,613,251,362,728,306,422,760,333,427,882,372,510,788,314,474
2020,Agosto,CIUDAD LINEAL,13266,5682,7584,189,108,81,680,334,346,1338,591,747,1347,548,799,1404,570,834,1409,576,833,1477,641,836,1749,718,1031,1970,885,1085,1703,711,992
2020,Agosto,HORTALEZA,9942,4126,5816,140,83,57,505,256,249,949,426,523,930,356,574,1046,422,624,1161,435,726,1279,502,777,1281,534,747,1452,583,869,1199,529,670
2020,Agosto,VILLAVERDE,13530,5711,7819,395,208,187,1053,508,545,1441,600,841,1341,505,836,1440,542,898,1588,653,935,1604,657,947,1674,702,972,1637,715,922,1357,621,736
2020,Agosto,VILLA DE VALLECAS,8767,3577,5190,250,145,105,605,279,326,878,371,507,968,373,595,1058,405,653,1223,458,765,1089,424,665,958,394,564,914,381,533,824,347,477
2020,Agosto,VICÁLVARO,5344,2263,3081,141,71,70,417,204,213,528,240,288,499,200,299,502,193,309,608,238,370,745,288,457,707,300,407,694,301,393,503,228,275
2020,Agosto,SAN BLAS-CANILLEJAS,10832,4672,6160,237,133,104,649,329,320,1040,443,597,999,381,618,1067,441,626,1121,481,640,1277,537,740,1469,613,856,1618,717,901,1355,597,758
2020,Agosto,BARAJAS,2440,1042,1398,31,21,10,114,58,56,238,105,133,244,89,155,244,99,145,309,120,189,336,146,190,286,129,157,349,152,197,289,123,166
2020,Septiembre,MADRID,206575,90636,115939,4037,2184,1853,12857,6272,6585,20783,9341,11442,21055,8818,12237,22314,9168,13146,23663,9994,13669,24870,10778,14092,25899,11515,14384,27532,12150,15382,23565,10416,13149
2020,Septiembre,CENTRO,10308,5355,4953,77,40,37,368,190,178,1052,489,563,1260,642,618,1348,664,684,1304,684,620,1379,730,649,1236,696,540,1232,657,575,1052,563,489
2020,Septiembre,ARGANZUELA,8430,3770,4660,84,45,39,417,220,197,873,402,471,916,400,516,986,430,556,1017,435,582,959,426,533,990,426,564,1162,520,642,1026,466,560
2020,Septiembre,RETIRO,4976,2186,2790,39,17,22,201,98,103,541,255,286,554,254,300,519,220,299,561,245,316,565,237,328,649,290,359,719,315,404,628,255,373
2020,Septiembre,SALAMANCA,6032,2537,3495,41,24,17,246,124,122,660,286,374,671,289,382,646,267,379,616,263,353,655,269,386,741,311,430,892,363,529,864,341,523
2020,Septiembre,CHAMARTÍN,5820,2537,3283,55,35,20,210,96,114,534,250,284,586,264,322,584,228,356,605,244,361,733,324,409,770,341,429,962,408,554,781,347,434
2020,Septiembre,TETUÁN,10224,4533,5691,168,84,84,575,283,292,1079,476,603,1124,457,667,1125,438,687,1142,509,633,1213,557,656,1299,604,695,1339,599,740,1160,526,634
2020,Septiembre,CHAMBERÍ,5870,2490,3380,45,16,29,250,102,148,737,336,401,692,316,376,680,271,409,619,248,371,666,284,382,654,270,384,850,375,475,677,272,405
2020,Septiembre,FUENCARRAL - EL PARDO,10738,4598,6140,152,95,57,520,257,263,993,440,553,1043,458,585,1151,458,693,1363,560,803,1446,606,840,1350,589,761,1445,605,840,1275,530,745
2020,Septiembre,MONCLOA - ARAVACA,5141,2248,2893,70,44,26,271,136,135,577,227,350,512,228,284,512,201,311,549,240,309,557,250,307,694,296,398,742,342,400,657,284,373
2020,Septiembre,LATINA,16351,7233,9118,316,163,153,1074,524,550,1624,780,844,1645,681,964,1797,747,1050,1838,777,1061,2007,864,1143,2162,994,1168,2066,905,1161,1822,798,1024
2020,Septiembre,CARABANCHEL,20057,8777,11280,473,241,232,1483,691,792,1988,896,1092,1979,849,1130,2195,872,1323,2469,1018,1451,2506,1081,1425,2491,1124,1367,2437,1085,1352,2036,920,1116
2020,Septiembre,USERA,11816,5137,6679,320,174,146,991,458,533,1139,506,633,1214,465,749,1275,505,770,1357,586,771,1516,646,870,1490,673,817,1356,609,747,1158,515,643
2020,Septiembre,PUENTE DE VALLECAS,21324,9615,11709,568,317,251,1688,815,873,2212,982,1230,2214,937,1277,2292,964,1328,2416,1069,1347,2310,1066,1244,2524,1143,1381,2791,1247,1544,2309,1075,1234
2020,Septiembre,MORATALAZ,6082,2633,3449,154,75,79,409,216,193,626,288,338,550,225,325,582,259,323,596,238,358,716,296,420,786,351,435,873,369,504,790,316,474
2020,Septiembre,CIUDAD LINEAL,13040,5608,7432,204,117,87,715,350,365,1249,562,687,1257,511,746,1380,560,820,1355,556,799,1446,625,821,1715,720,995,1997,896,1101,1722,711,1011
2020,Septiembre,HORTALEZA,9854,4128,5726,165,98,67,520,274,246,893,403,490,886,335,551,1018,423,595,1127,426,701,1280,500,780,1270,532,738,1455,580,875,1240,557,683
2020,Septiembre,VILLAVERDE,13510,5764,7746,410,215,195,1051,507,544,1426,618,808,1327,489,838,1454,548,906,1574,662,912,1559,649,910,1697,730,967,1640,713,927,1372,633,739
2020,Septiembre,VILLA DE VALLECAS,8580,3524,5056,245,139,106,606,290,316,844,354,490,946,374,572,1015,388,627,1180,441,739,1072,426,646,956,390,566,912,382,530,804,340,464
2020,Septiembre,VICÁLVARO,5345,2300,3045,153,76,77,445,225,220,536,259,277,490,206,284,493,200,293,594,223,371,709,276,433,708,292,416,692,308,384,525,235,290
2020,Septiembre,SAN BLAS-CANILLEJAS,10702,4645,6057,267,148,119,689,347,342,983,435,548,974,365,609,1006,415,591,1091,458,633,1246,524,722,1451,625,826,1622,725,897,1373,603,770
2020,Septiembre,BARAJAS,2375,1018,1357,31,21,10,128,69,59,217,97,120,215,73,142,256,110,146,290,112,178,330,142,188,266,118,148,348,147,201,294,129,165
2020,Octubre,MADRID,209684,92309,117375,4219,2288,1931,13672,6664,7008,20908,9491,11417,21177,8941,12236,22493,9253,13240,23930,10070,13860,25296,10984,14312,26274,11727,14547,27922,12366,15556,23793,10525,13268
2020,Octubre,CENTRO,10342,5385,4957,85,43,42,387,184,203,1046,502,544,1287,658,629,1325,673,652,1308,670,638,1363,734,629,1244,705,539,1225,645,580,1072,571,501
2020,Octubre,ARGANZUELA,8478,3836,4642,86,44,42,457,235,222,888,408,480,874,402,472,986,437,549,993,428,565,982,448,534,1000,434,566,1187,531,656,1025,469,556
2020,Octubre,RETIRO,4958,2181,2777,46,21,25,208,98,110,538,254,284,526,243,283,529,224,305,559,243,316,558,234,324,641,288,353,718,314,404,635,262,373
2020,Octubre,SALAMANCA,5992,2506,3486,50,29,21,252,120,132,655,269,386,635,274,361,641,271,370,598,249,349,662,279,383,747,309,438,897,367,530,855,339,516
2020,Octubre,CHAMARTÍN,5881,2572,3309,59,42,17,221,115,106,516,244,272,598,263,335,628,241,387,619,257,362,717,312,405,779,345,434,966,409,557,778,344,434
2020,Octubre,TETUÁN,10363,4595,5768,190,96,94,624,312,312,1082,471,611,1111,465,646,1125,445,680,1150,497,653,1246,575,671,1309,601,708,1358,609,749,1168,524,644
2020,Octubre,CHAMBERÍ,5993,2589,3404,48,20,28,258,117,141,736,339,397,737,340,397,666,268,398,636,270,366,680,289,391,684,287,397,860,380,480,688,279,409
2020,Octubre,FUENCARRAL - EL PARDO,10930,4727,6203,169,110,59,569,285,284,1024,463,561,1037,455,582,1177,476,701,1383,574,809,1461,613,848,1361,602,759,1454,618,836,1295,531,764
2020,Octubre,MONCLOA - ARAVACA,5264,2326,2938,58,37,21,303,139,164,594,257,337,522,230,292,514,205,309,563,242,321,588,261,327,687,297,390,764,363,401,671,295,376
2020,Octubre,LATINA,16600,7350,9250,329,167,162,1153,564,589,1599,759,840,1661,703,958,1804,737,1067,1875,790,1085,2034,886,1148,2201,1020,1181,2095,905,1190,1849,819,1030
2020,Octubre,CARABANCHEL,20419,8956,11463,479,257,222,1555,725,830,2062,922,1140,2024,865,1159,2194,865,1329,2478,1033,1445,2573,1106,1467,2547,1163,1384,2453,1090,1363,2054,930,1124
2020,Octubre,USERA,12133,5298,6835,345,185,160,1047,482,565,1173,539,634,1228,475,753,1296,520,776,1393,608,785,1562,670,892,1515,674,841,1409,622,787,1165,523,642
2020,Octubre,PUENTE DE VALLECAS,21791,9837,11954,577,319,258,1764,852,912,2225,1005,1220,2282,973,1309,2324,970,1354,2449,1068,1381,2381,1088,1293,2584,1173,1411,2865,1300,1565,2340,1089,1251
2020,Octubre,MORATALAZ,6136,2673,3463,153,78,75,422,218,204,624,285,339,534,220,314,589,258,331,603,240,363,729,305,424,784,357,427,892,383,509,806,329,477
2020,Octubre,CIUDAD LINEAL,13129,5695,7434,204,118,86,743,364,379,1254,591,663,1229,506,723,1357,546,811,1372,570,802,1478,641,837,1762,746,1016,2016,908,1108,1714,705,1009
2020,Octubre,HORTALEZA,9926,4186,5740,180,108,72,538,280,258,887,415,472,872,333,539,1005,410,595,1135,422,713,1287,515,772,1305,545,760,1464,596,868,1253,562,691
2020,Octubre,VILLAVERDE,13812,5889,7923,429,224,205,1124,546,578,1434,618,816,1359,494,865,1489,563,926,1607,665,942,1602,667,935,1709,736,973,1673,735,938,1386,641,745
2020,Octubre,VILLA DE VALLECAS,8757,3614,5143,258,145,113,658,316,342,826,349,477,932,380,552,1035,398,637,1219,455,764,1104,444,660,962,393,569,936,396,540,827,338,489
2020,Octubre,VICÁLVARO,5470,2321,3149,159,76,83,499,245,254,538,256,282,493,206,287,509,206,303,593,228,365,722,258,464,727,299,428,707,315,392,523,232,291
2020,Octubre,SAN BLAS-CANILLEJAS,10874,4723,6151,279,147,132,758,395,363,987,444,543,1006,375,631,1028,427,601,1099,450,649,1236,512,724,1452,629,823,1625,726,899,1404,618,786
2020,Octubre,BARAJAS,2436,1050,1386,36,22,14,132,72,60,220,101,119,230,81,149,272,113,159,298,111,187,331,147,184,274,124,150,358,154,204,285,125,160
2020,Noviembre,MADRID,209851,92435,117416,4243,2313,1930,13883,6767,7116,20653,9424,11229,20942,8871,12071,22404,9185,13219,24006,10075,13931,25236,10944,14292,26504,11902,14602,27994,12347,15647,23986,10607,13379
2020,Noviembre,CENTRO,10280,5369,4911,90,48,42,378,183,195,1079,518,561,1249,642,607,1278,666,612,1305,664,641,1344,725,619,1275,722,553,1217,635,582,1065,566,499
2020,Noviembre,ARGANZUELA,8423,3803,4620,91,46,45,475,229,246,845,391,454,869,391,478,991,437,554,993,436,557,959,445,514,994,441,553,1177,519,658,1029,468,561
2020,Noviembre,RETIRO,4890,2137,2753,47,23,24,198,92,106,504,240,264,523,239,284,514,207,307,539,232,307,551,231,320,656,298,358,721,309,412,637,266,371
2020,Noviembre,SALAMANCA,5991,2499,3492,53,29,24,248,124,124,650,272,378,633,272,361,628,258,370,601,246,355,671,281,390,736,306,430,918,374,544,853,337,516
2020,Noviembre,CHAMARTÍN,5856,2548,3308,54,38,16,228,118,110,524,261,263,559,247,312,615,231,384,631,259,372,725,319,406,778,338,440,953,397,556,789,340,449
2020,Noviembre,TETUÁN,10393,4624,5769,194,103,91,634,325,309,1073,481,592,1107,466,641,1139,455,684,1155,490,665,1227,565,662,1342,612,730,1349,605,744,1173,522,651
2020,Noviembre,CHAMBERÍ,5963,2595,3368,49,23,26,263,126,137,687,332,355,693,314,379,679,272,407,655,272,383,692,307,385,686,285,401,862,384,478,697,280,417
2020,Noviembre,FUENCARRAL - EL PARDO,10881,4684,6197,166,110,56,577,285,292,986,449,537,1008,432,576,1142,453,689,1420,583,837,1464,624,840,1354,590,764,1458,623,835,1306,535,771
2020,Noviembre,MONCLOA - ARAVACA,5238,2311,2927,60,36,24,307,147,160,571,251,320,552,247,305,491,187,304,557,236,321,581,252,329,689,308,381,753,354,399,677,293,384
2020,Noviembre,LATINA,16624,7382,9242,341,182,159,1160,573,587,1562,708,854,1623,702,921,1792,727,1065,1907,820,1087,2031,880,1151,2212,1031,1181,2125,936,1189,1871,823,1048
2020,Noviembre,CARABANCHEL,20403,8989,11414,470,248,222,1560,723,837,2042,926,1116,1962,846,1116,2248,904,1344,2483,1050,1433,2554,1093,1461,2563,1168,1395,2473,1098,1375,2048,933,1115
2020,Noviembre,USERA,12239,5356,6883,343,179,164,1057,486,571,1175,542,633,1245,487,758,1298,502,796,1387,606,781,1570,682,888,1538,696,842,1424,626,798,1202,550,652
2020,Noviembre,PUENTE DE VALLECAS,22041,9925,12116,583,325,258,1814,867,947,2259,1025,1234,2261,943,1318,2328,974,1354,2466,1058,1408,2410,1100,1310,2657,1217,1440,2889,1310,1579,2374,1106,1268
2020,Noviembre,MORATALAZ,6079,2673,3406,155,81,74,440,216,224,595,274,321,519,230,289,575,261,314,596,228,368,726,304,422,783,366,417,884,385,499,806,328,478
2020,Noviembre,CIUDAD LINEAL,13167,5753,7414,212,118,94,755,380,375,1263,588,675,1250,532,718,1361,559,802,1363,577,786,1472,625,847,1759,761,998,1998,899,1099,1734,714,1020
2020,Noviembre,HORTALEZA,9865,4146,5719,183,111,72,542,286,256,864,384,480,875,341,534,977,397,580,1126,413,713,1283,510,773,1300,551,749,1474,598,876,1241,555,686
2020,Noviembre,VILLAVERDE,13926,5929,7997,413,213,200,1190,580,610,1419,620,799,1382,507,875,1491,573,918,1638,666,972,1582,647,935,1729,744,985,1679,733,946,1403,646,757
2020,Noviembre,VILLA DE VALLECAS,8791,3637,5154,259,148,111,683,330,353,820,342,478,938,381,557,1032,384,648,1208,466,742,1104,440,664,978,406,572,946,392,554,823,348,475
2020,Noviembre,VICÁLVARO,5438,2288,3150,162,79,83,484,240,244,538,258,280,479,196,283,511,201,310,583,218,365,707,255,452,731,298,433,709,307,402,534,236,298
2020,Noviembre,SAN BLAS-CANILLEJAS,10929,4731,6198,281,148,133,755,383,372,970,453,517,995,375,620,1048,428,620,1091,446,645,1258,517,741,1465,633,832,1634,716,918,1432,632,800
2020,Noviembre,BARAJAS,2434,1056,1378,37,25,12,135,74,61,227,109,118,220,81,139,266,109,157,302,109,193,325,142,183,279,131,148,351,147,204,292,129,163
2020,Diciembre,MADRID,210402,93467,116935,4236,2305,1931,13817,6826,6991,20316,9327,10989,21016,8976,12040,22436,9276,13160,24102,10173,13929,25383,11128,14255,26716,12152,14564,28171,12539,15632,24209,10765,13444
2020,Diciembre,CENTRO,10227,5369,4858,91,51,40,364,177,187,1032,486,546,1250,630,620,1252,637,615,1283,676,607,1346,723,623,1281,751,530,1244,659,585,1084,579,505
2020,Diciembre,ARGANZUELA,8367,3784,4583,85,43,42,455,223,232,793,370,423,869,390,479,982,438,544,978,426,552,982,452,530,1005,442,563,1180,523,657,1038,477,561
2020,Diciembre,RETIRO,4875,2159,2716,48,25,23,196,92,104,509,245,264,505,243,262,514,217,297,540,225,315,555,229,326,651,305,346,717,306,411,640,272,368
2020,Diciembre,SALAMANCA,6034,2543,3491,57,32,25,245,123,122,618,271,347,640,270,370,649,263,386,605,248,357,673,290,383,753,312,441,941,395,546,853,339,514
2020,Diciembre,CHAMARTÍN,5808,2524,3284,59,38,21,227,123,104,514,249,265,542,242,300,613,225,388,610,242,368,708,316,392,784,341,443,948,395,553,803,353,450
2020,Diciembre,TETUÁN,10341,4613,5728,188,104,84,631,338,293,1058,485,573,1079,435,644,1135,466,669,1137,472,665,1230,562,668,1353,620,733,1347,607,740,1183,524,659
2020,Diciembre,CHAMBERÍ,5984,2632,3352,51,22,29,285,142,143,687,335,352,709,329,380,663,269,394,646,269,377,690,307,383,685,285,400,866,385,481,702,289,413
2020,Diciembre,FUENCARRAL - EL PARDO,10978,4733,6245,165,107,58,564,283,281,977,447,530,1058,466,592,1132,442,690,1451,582,869,1455,638,817,1392,607,785,1471,623,848,1313,538,775
2020,Diciembre,MONCLOA - ARAVACA,5227,2307,2920,65,41,24,289,134,155,553,257,296,548,243,305,485,176,309,559,231,328,592,262,330,687,303,384,772,365,407,677,295,382
2020,Diciembre,LATINA,16703,7536,9167,337,186,151,1160,584,576,1542,695,847,1606,708,898,1790,739,1051,1930,858,1072,2048,896,1152,2223,1054,1169,2173,972,1201,1894,844,1050
2020,Diciembre,CARABANCHEL,20481,9104,11377,469,247,222,1586,742,844,2022,901,1121,1981,873,1108,2260,915,1345,2482,1071,1411,2573,1111,1462,2570,1179,1391,2475,1122,1353,2063,943,1120
2020,Diciembre,USERA,12328,5424,6904,342,172,170,1064,506,558,1173,533,640,1228,478,750,1326,520,806,1385,607,778,1588,689,899,1563,721,842,1443,642,801,1216,556,660
2020,Diciembre,PUENTE DE VALLECAS,22125,10119,12006,572,314,258,1824,899,925,2246,1026,1220,2279,963,1316,2329,990,1339,2505,1089,1416,2413,1134,1279,2671,1247,1424,2905,1339,1566,2381,1118,1263
2020,Diciembre,MORATALAZ,6113,2702,3411,152,79,73,447,224,223,597,283,314,513,225,288,583,260,323,595,228,367,725,312,413,784,361,423,899,395,504,818,335,483
2020,Diciembre,CIUDAD LINEAL,13264,5843,7421,217,125,92,744,377,367,1248,598,650,1270,535,735,1351,548,803,1415,605,810,1491,642,849,1772,781,991,1996,901,1095,1760,731,1029
2020,Diciembre,HORTALEZA,9826,4161,5665,188,116,72,535,273,262,819,371,448,865,354,511,991,427,564,1117,406,711,1291,517,774,1303,550,753,1468,585,883,1249,562,687
2020,Diciembre,VILLAVERDE,14037,6052,7985,397,201,196,1174,565,609,1391,614,777,1404,518,886,1504,586,918,1692,711,981,1596,659,937,1762,785,977,1692,757,935,1425,656,769
2020,Diciembre,VILLA DE VALLECAS,8744,3641,5103,269,154,115,667,314,353,796,335,461,938,389,549,1027,397,630,1195,443,752,1115,452,663,968,413,555,936,394,542,833,350,483
2020,Diciembre,VICÁLVARO,5514,2340,3174,170,82,88,491,241,250,520,253,267,501,207,294,521,205,316,600,235,365,714,263,451,752,309,443,698,302,396,547,243,304
2020,Diciembre,SAN BLAS-CANILLEJAS,11006,4810,6196,276,141,135,741,393,348,1001,463,538,1020,395,625,1060,443,617,1074,437,637,1278,537,741,1471,651,820,1651,723,928,1434,627,807
2020,Diciembre,BARAJAS,2420,1071,1349,38,25,13,128,73,55,220,110,110,211,83,128,269,113,156,303,112,191,320,137,183,286,135,151,349,149,200,296,134,162
2021,Enero,MADRID,214100,95308,118792,3979,2202,1777,13730,6793,6937,21037,9696,11341,21541,9239,12302,22833,9436,13397,24603,10451,14152,25978,11393,14585,27149,12343,14806,28649,12798,15851,24601,10957,13644
2021,Enero,CENTRO,10395,5448,4947,80,43,37,373,185,188,1062,512,550,1224,610,614,1287,656,631,1309,672,637,1370,740,630,1308,762,546,1281,677,604,1101,591,510
2021,Enero,ARGANZUELA,8599,3916,4683,82,41,41,473,241,232,868,404,464,911,412,499,1003,447,556,1003,445,558,1006,466,540,1002,442,560,1199,539,660,1052,479,573
2021,Enero,RETIRO,5011,2200,2811,41,26,15,196,91,105,532,250,282,522,245,277,524,211,313,555,241,314,571,234,337,661,311,350,757,318,439,652,273,379
2021,Enero,SALAMANCA,6065,2545,3520,61,35,26,239,120,119,614,269,345,641,265,376,664,274,390,611,251,360,680,292,388,765,312,453,933,394,539,857,333,524
2021,Enero,CHAMARTÍN,5865,2548,3317,45,28,17,217,114,103,512,249,263,566,258,308,625,229,396,618,252,366,727,321,406,798,344,454,949,395,554,808,358,450
2021,Enero,TETUÁN,10499,4663,5836,191,104,87,626,329,297,1084,487,597,1090,442,648,1169,471,698,1172,496,676,1242,576,666,1361,616,745,1373,613,760,1191,529,662
2021,Enero,CHAMBERÍ,6022,2617,3405,48,21,27,271,121,150,675,324,351,732,337,395,668,258,410,666,289,377,690,295,395,681,282,399,878,395,483,713,295,418
2021,Enero,FUENCARRAL - EL PARDO,11124,4802,6322,162,104,58,559,275,284,987,454,533,1077,476,601,1135,444,691,1442,589,853,1512,644,868,1419,630,789,1503,652,851,1328,534,794
2021,Enero,MONCLOA - ARAVACA,5278,2329,2949,58,35,23,272,132,140,574,271,303,544,241,303,497,188,309,554,224,330,608,262,346,718,316,402,767,355,412,686,305,381
2021,Enero,LATINA,16993,7713,9280,309,167,142,1177,597,580,1591,743,848,1658,735,923,1821,749,1072,1964,878,1086,2086,936,1150,2257,1068,1189,2218,991,1227,1912,849,1063
2021,Enero,CARABANCHEL,20852,9257,11595,446,234,212,1561,751,810,2132,944,1188,2049,892,1157,2306,938,1368,2517,1079,1438,2627,1118,1509,2619,1201,1418,2499,1131,1368,2096,969,1127
2021,Enero,USERA,12652,5576,7076,327,170,157,1050,502,548,1217,563,654,1301,521,780,1362,528,834,1442,631,811,1631,709,922,1607,721,886,1474,664,810,1241,567,674
2021,Enero,PUENTE DE VALLECAS,22568,10367,12201,543,309,234,1829,900,929,2296,1064,1232,2370,1007,1363,2399,1036,1363,2572,1123,1449,2466,1154,1312,2699,1271,1428,2949,1358,1591,2445,1145,1300
2021,Enero,MORATALAZ,6248,2752,3496,137,74,63,433,213,220,636,301,335,546,240,306,591,260,331,622,236,386,731,313,418,813,366,447,910,410,500,829,339,490
2021,Enero,CIUDAD LINEAL,13602,6027,7575,201,119,82,744,375,369,1320,623,697,1298,568,730,1352,555,797,1474,636,838,1554,676,878,1815,807,1008,2030,907,1123,1814,761,1053
2021,Enero,HORTALEZA,9915,4204,5711,177,115,62,498,264,234,845,389,456,867,354,513,982,407,575,1145,423,722,1318,520,798,1311,559,752,1504,601,903,1268,572,696
2021,Enero,VILLAVERDE,14326,6235,8091,368,192,176,1165,573,592,1462,638,824,1445,540,905,1534,600,934,1719,725,994,1661,702,959,1788,807,981,1728,786,942,1456,672,784
2021,Enero,VILLA DE VALLECAS,8819,3691,5128,252,143,109,650,311,339,804,329,475,949,395,554,1043,411,632,1202,444,758,1146,477,669,982,418,564,941,401,540,850,362,488
2021,Enero,VICÁLVARO,5567,2364,3203,150,76,74,501,239,262,553,267,286,502,206,296,520,207,313,611,239,372,719,270,449,758,315,443,712,306,406,541,239,302
2021,Enero,SAN BLAS-CANILLEJAS,11235,4959,6276,258,139,119,757,385,372,1059,507,552,1019,400,619,1086,454,632,1102,462,640,1297,547,750,1496,660,836,1692,753,939,1469,652,817
2021,Enero,BARAJAS,2465,1095,1370,43,27,16,139,75,64,214,108,106,230,95,135,265,113,152,303,116,187,336,141,195,291,135,156,352,152,200,292,133,159
2021,Febrero,MADRID,217294,96648,120646,4196,2351,1845,14351,7059,7292,21417,9833,11584,21858,9423,12435,23151,9577,13574,24692,10459,14233,26248,11473,14775,27385,12409,14976,29006,12959,16047,24990,11105,13885
2021,Febrero,CENTRO,10562,5571,4991,85,47,38,404,200,204,1041,499,542,1258,639,619,1320,682,638,1329,698,631,1390,759,631,1304,757,547,1322,706,616,1109,584,525
2021,Febrero,ARGANZUELA,8677,3939,4738,88,50,38,499,250,249,874,392,482,921,414,507,997,452,545,979,434,545,1014,466,548,1017,438,579,1224,554,670,1064,489,575
2021,Febrero,RETIRO,5025,2228,2797,41,24,17,220,100,120,525,248,277,502,247,255,549,238,311,534,231,303,580,238,342,651,301,350,757,320,437,666,281,385
2021,Febrero,SALAMANCA,6150,2612,3538,60,35,25,240,119,121,627,273,354,656,288,368,666,277,389,616,259,357,689,294,395,775,321,454,953,400,553,868,346,522
2021,Febrero,CHAMARTÍN,5929,2581,3348,53,33,20,228,112,116,518,243,275,561,258,303,632,247,385,607,251,356,730,321,409,799,345,454,973,406,567,828,365,463
2021,Febrero,TETUÁN,10669,4715,5954,205,116,89,651,334,317,1093,484,609,1141,461,680,1164,464,700,1200,515,685,1228,565,663,1383,612,771,1397,626,771,1207,538,669
2021,Febrero,CHAMBERÍ,6101,2653,3448,50,22,28,288,131,157,694,346,348,725,335,390,666,262,404,657,278,379,702,305,397,693,278,415,892,391,501,734,305,429
2021,Febrero,FUENCARRAL - EL PARDO,11271,4844,6427,170,108,62,571,290,281,1016,473,543,1093,484,609,1144,437,707,1442,578,864,1545,645,900,1426,631,795,1519,656,863,1345,542,803
2021,Febrero,MONCLOA - ARAVACA,5334,2385,2949,68,39,29,268,130,138,579,273,306,527,230,297,516,204,312,551,233,318,617,258,359,718,332,386,793,373,420,697,313,384
2021,Febrero,LATINA,17318,7821,9497,332,188,144,1204,592,612,1681,789,892,1668,732,936,1893,786,1107,1979,867,1112,2120,933,1187,2283,1090,1193,2209,985,1224,1949,859,1090
2021,Febrero,CARABANCHEL,21218,9462,11756,453,242,211,1632,797,835,2144,952,1192,2072,904,1168,2322,930,1392,2531,1098,1433,2707,1176,1531,2668,1218,1450,2546,1154,1392,2143,991,1152
2021,Febrero,USERA,12912,5678,7234,350,179,171,1091,520,571,1257,574,683,1328,537,791,1351,530,821,1487,643,844,1651,712,939,1636,736,900,1498,669,829,1263,578,685
2021,Febrero,PUENTE DE VALLECAS,22878,10457,12421,554,310,244,1910,941,969,2369,1067,1302,2421,1044,1377,2423,1050,1373,2576,1103,1473,2471,1157,1314,2724,1278,1446,2958,1349,1609,2472,1158,1314
2021,Febrero,MORATALAZ,6243,2739,3504,139,74,65,453,220,233,621,302,319,568,256,312,590,252,338,603,226,377,727,302,425,814,369,445,895,402,493,833,336,497
2021,Febrero,CIUDAD LINEAL,13807,6084,7723,221,137,84,787,392,395,1305,623,682,1319,574,745,1381,553,828,1479,633,846,1578,664,914,1840,805,1035,2052,919,1133,1845,784,1061
2021,Febrero,HORTALEZA,10088,4268,5820,196,127,69,534,286,248,863,398,465,885,349,536,1025,415,610,1138,412,726,1319,525,794,1320,561,759,1527,621,906,1281,574,707
2021,Febrero,VILLAVERDE,14540,6309,8231,390,206,184,1230,615,615,1516,659,857,1449,531,918,1541,611,930,1738,727,1011,1693,718,975,1775,792,983,1737,783,954,1471,667,804
2021,Febrero,VILLA DE VALLECAS,8949,3749,5200,262,161,101,663,304,359,845,346,499,971,399,572,1065,420,645,1174,436,738,1149,474,675,990,422,568,963,423,540,867,364,503
2021,Febrero,VICÁLVARO,5617,2406,3211,161,80,81,520,252,268,557,270,287,507,223,284,526,206,320,618,239,379,711,276,435,739,300,439,727,321,406,551,239,312
2021,Febrero,SAN BLAS-CANILLEJAS,11474,5026,6448,272,145,127,799,392,407,1071,511,560,1050,419,631,1118,451,667,1141,481,660,1282,532,750,1522,677,845,1717,755,962,1502,663,839
2021,Febrero,BARAJAS,2532,1121,1411,46,28,18,159,82,77,221,111,110,236,99,137,262,110,152,313,117,196,345,153,192,308,146,162,347,146,201,295,129,166
2021,Marzo,MADRID,214446,94902,119544,4187,2314,1873,14098,6969,7129,20671,9514,11157,21365,9132,12233,22636,9262,13374,24245,10154,14091,25868,11253,14615,27144,12224,14920,29049,12906,16143,25183,11174,14009
2021,Marzo,CENTRO,10355,5423,4932,90,49,41,388,195,193,1012,475,537,1199,597,602,1294,667,627,1266,676,590,1372,732,640,1294,744,550,1320,698,622,1120,590,530
2021,Marzo,ARGANZUELA,8504,3870,4634,91,50,41,471,242,229,856,390,466,847,382,465,956,430,526,948,417,531,1010,467,543,1007,439,568,1240,562,678,1078,491,587
2021,Marzo,RETIRO,4972,2196,2776,48,30,18,223,98,125,474,230,244,522,257,265,539,228,311,528,225,303,573,233,340,640,292,348,764,320,444,661,283,378
2021,Marzo,SALAMANCA,6064,2551,3513,59,33,26,229,115,114,602,278,324,676,283,393,634,256,378,615,247,368,663,281,382,773,321,452,947,392,555,866,345,521
2021,Marzo,CHAMARTÍN,5800,2487,3313,57,35,22,227,109,118,499,231,268,516,236,280,619,236,383,591,245,346,702,303,399,781,322,459,971,408,563,837,362,475
2021,Marzo,TETUÁN,10611,4688,5923,203,114,89,630,323,307,1061,481,580,1105,435,670,1166,464,702,1188,501,687,1239,569,670,1382,622,760,1386,621,765,1251,558,693
2021,Marzo,CHAMBERÍ,5964,2557,3407,46,21,25,266,124,142,661,314,347,675,315,360,660,262,398,650,270,380,689,286,403,693,279,414,901,393,508,723,293,430
2021,Marzo,FUENCARRAL - EL PARDO,11067,4722,6345,174,107,67,560,289,271,958,447,511,1067,464,603,1118,429,689,1398,551,847,1542,638,904,1389,610,779,1534,658,876,1327,529,798
2021,Marzo,MONCLOA - ARAVACA,5268,2365,2903,67,37,30,261,145,116,554,260,294,528,232,296,504,207,297,547,228,319,604,254,350,714,319,395,806,375,431,683,308,375
2021,Marzo,LATINA,17150,7700,9450,335,187,148,1204,592,612,1636,768,868,1626,718,908,1884,778,1106,1945,839,1106,2067,902,1165,2273,1058,1215,2235,1002,1233,1945,856,1089
2021,Marzo,CARABANCHEL,20917,9269,11648,451,244,207,1601,767,834,2089,937,1152,2017,854,1163,2235,897,1338,2491,1052,1439,2650,1159,1491,2643,1204,1439,2557,1150,1407,2183,1005,1178
2021,Marzo,USERA,12785,5587,7198,352,176,176,1099,530,569,1224,571,653,1314,542,772,1309,492,817,1481,629,852,1626,693,933,1622,721,901,1495,658,837,1263,575,688
2021,Marzo,PUENTE DE VALLECAS,22500,10217,12283,561,312,249,1856,922,934,2272,1004,1268,2355,995,1360,2363,1005,1358,2534,1088,1446,2451,1147,1304,2667,1246,1421,2943,1335,1608,2498,1163,1335
2021,Marzo,MORATALAZ,6206,2718,3488,141,75,66,460,227,233,605,293,312,550,245,305,576,252,324,605,229,376,710,286,424,801,359,442,903,405,498,855,347,508
2021,Marzo,CIUDAD LINEAL,13626,5990,7636,218,123,95,792,393,399,1253,607,646,1296,543,753,1345,528,817,1429,607,822,1546,668,878,1832,810,1022,2061,916,1145,1854,795,1059
2021,Marzo,HORTALEZA,9902,4166,5736,187,117,70,506,272,234,814,371,443,842,345,497,1015,414,601,1109,391,718,1319,523,796,1302,545,757,1523,616,907,1285,572,713
2021,Marzo,VILLAVERDE,14456,6196,8260,374,199,175,1211,588,623,1471,639,832,1451,536,915,1524,582,942,1736,705,1031,1672,712,960,1765,775,990,1746,778,968,1506,682,824
2021,Marzo,VILLA DE VALLECAS,8787,3678,5109,261,162,99,639,300,339,848,354,494,945,392,553,1027,400,627,1148,415,733,1126,467,659,982,423,559,944,403,541,867,362,505
2021,Marzo,VICÁLVARO,5657,2438,3219,155,73,82,508,246,262,561,284,277,535,229,306,541,212,329,611,244,367,701,278,423,761,302,459,724,318,406,560,252,308
2021,Marzo,SAN BLAS-CANILLEJAS,11388,5008,6380,271,144,127,814,410,404,1019,483,536,1065,434,631,1077,434,643,1117,471,646,1275,510,765,1509,685,824,1712,754,958,1529,683,846
2021,Marzo,BARAJAS,2467,1076,1391,46,26,20,153,82,71,202,97,105,234,98,136,250,89,161,308,124,184,331,145,186,314,148,166,337,144,193,292,123,169
2021,Abril,MADRID,212597,93966,118631,4253,2361,1892,13981,6918,7063,20081,9173,10908,21146,9028,12118,22238,9069,13169,24009,10027,13982,25610,11201,14409,26907,12053,14854,28990,12842,16148,25382,11294,14088
2021,Abril,CENTRO,10203,5341,4862,87,45,42,375,185,190,962,434,528,1194,608,586,1278,671,607,1244,660,584,1350,722,628,1279,733,546,1313,689,624,1121,594,527
2021,Abril,ARGANZUELA,8382,3819,4563,88,47,41,457,234,223,829,384,445,834,386,448,935,425,510,950,412,538,982,449,533,1003,442,561,1216,546,670,1088,494,594
2021,Abril,RETIRO,4985,2198,2787,50,29,21,214,100,114,484,224,260,506,240,266,529,227,302,536,230,306,592,256,336,636,288,348,775,323,452,663,281,382
2021,Abril,SALAMANCA,5983,2514,3469,61,33,28,240,121,119,567,259,308,640,267,373,616,255,361,608,237,371,668,282,386,761,316,445,941,383,558,881,361,520
2021,Abril,CHAMARTÍN,5689,2466,3223,54,34,20,205,107,98,490,219,271,509,243,266,599,229,370,570,234,336,686,300,386,788,334,454,944,402,542,844,364,480
2021,Abril,TETUÁN,10541,4645,5896,204,113,91,637,318,319,1051,495,556,1085,428,657,1123,436,687,1192,511,681,1223,542,681,1355,607,748,1422,638,784,1249,557,692
2021,Abril,CHAMBERÍ,5947,2578,3369,50,22,28,263,134,129,646,304,342,667,305,362,644,260,384,649,286,363,676,293,383,702,274,428,902,395,507,748,305,443
2021,Abril,FUENCARRAL - EL PARDO,10985,4714,6271,178,112,66,583,304,279,931,433,498,1054,449,605,1085,412,673,1396,561,835,1517,638,879,1358,592,766,1525,662,863,1358,551,807
2021,Abril,MONCLOA - ARAVACA,5199,2292,2907,68,38,30,253,130,123,536,242,294,514,216,298,507,203,304,530,224,306,600,247,353,693,306,387,806,370,436,692,316,376
2021,Abril,LATINA,17037,7631,9406,360,198,162,1186,580,606,1592,744,848,1590,692,898,1831,758,1073,1965,846,1119,2062,901,1161,2268,1049,1219,2225,989,1236,1958,874,1084
2021,Abril,CARABANCHEL,20680,9120,11560,463,258,205,1572,751,821,2087,916,1171,1974,838,1136,2222,897,1325,2417,1012,1405,2602,1119,1483,2598,1178,1420,2553,1159,1394,2192,992,1200
2021,Abril,USERA,12665,5547,7118,349,173,176,1090,534,556,1203,551,652,1296,535,761,1313,506,807,1463,618,845,1611,699,912,1607,712,895,1468,643,825,1265,576,689
2021,Abril,PUENTE DE VALLECAS,22554,10253,12301,580,327,253,1884,944,940,2188,986,1202,2372,1003,1369,2351,990,1361,2534,1066,1468,2470,1169,1301,2685,1247,1438,2974,1353,1621,2516,1168,1348
2021,Abril,MORATALAZ,6172,2698,3474,139,76,63,452,220,232,590,291,299,552,242,310,575,248,327,595,222,373,704,291,413,800,358,442,907,400,507,858,350,508
2021,Abril,CIUDAD LINEAL,13461,5925,7536,223,128,95,761,365,396,1218,588,630,1300,548,752,1301,510,791,1408,598,810,1525,672,853,1808,797,1011,2053,914,1139,1864,805,1059
2021,Abril,HORTALEZA,9735,4092,5643,173,109,64,505,284,221,791,352,439,817,326,491,968,392,576,1082,382,700,1291,514,777,1281,539,742,1509,607,902,1318,587,731
2021,Abril,VILLAVERDE,14254,6036,8218,385,204,181,1207,584,623,1389,601,788,1450,530,920,1478,540,938,1716,688,1028,1648,700,948,1749,752,997,1727,757,970,1505,680,825
2021,Abril,VILLA DE VALLECAS,8817,3722,5095,266,165,101,651,308,343,825,345,480,976,415,561,1026,402,624,1158,432,726,1108,465,643,989,419,570,944,401,543,874,370,504
2021,Abril,VICÁLVARO,5559,2374,3185,157,76,81,497,234,263,538,268,270,521,226,295,527,192,335,597,237,360,691,274,417,743,302,441,721,307,414,567,258,309
2021,Abril,SAN BLAS-CANILLEJAS,11310,4951,6359,271,145,126,802,404,398,978,447,531,1058,431,627,1075,427,648,1103,463,640,1275,529,746,1503,664,839,1721,758,963,1524,683,841
2021,Abril,BARAJAS,2439,1050,1389,47,29,18,147,77,70,186,90,96,237,100,137,255,89,166,296,108,188,329,139,190,301,144,157,344,146,198,297,128,169
2021,Mayo,MADRID,207254,91086,116168,4032,2274,1758,12366,6182,6184,19238,8738,10500,20550,8731,11819,21595,8706,12889,23313,9657,13656,25101,10881,14220,26561,11808,14753,28922,12774,16148,25576,11335,14241
2021,Mayo,CENTRO,9930,5129,4801,80,44,36,313,158,155,958,433,525,1141,562,579,1220,631,589,1198,625,573,1309,690,619,1271,709,562,1309,683,626,1131,594,537
2021,Mayo,ARGANZUELA,8048,3627,4421,79,45,34,351,180,171,763,350,413,841,382,459,877,401,476,922,410,512,945,411,534,977,419,558,1199,537,662,1094,492,602
2021,Mayo,RETIRO,4856,2167,2689,48,28,20,179,81,98,428,203,225,491,241,250,519,228,291,519,226,293,595,261,334,620,292,328,779,324,455,678,283,395
2021,Mayo,SALAMANCA,5858,2480,3378,53,35,18,201,106,95,556,256,300,615,249,366,613,251,362,583,231,352,664,284,380,751,322,429,932,383,549,890,363,527
2021,Mayo,CHAMARTÍN,5524,2372,3152,48,27,21,164,90,74,461,215,246,492,233,259,564,212,352,549,226,323,674,284,390,776,312,464,953,406,547,843,367,476
2021,Mayo,TETUÁN,10295,4519,5776,203,120,83,585,301,284,979,445,534,1046,410,636,1083,410,673,1156,480,676,1204,533,671,1338,604,734,1434,657,777,1267,559,708
2021,Mayo,CHAMBERÍ,5736,2479,3257,40,16,24,194,99,95,618,286,332,647,299,348,632,256,376,622,278,344,660,285,375,689,266,423,899,392,507,735,302,433
2021,Mayo,FUENCARRAL - EL PARDO,10830,4597,6233,166,102,64,484,251,233,894,413,481,1037,458,579,1113,411,702,1368,530,838,1491,615,876,1371,598,773,1530,661,869,1376,558,818
2021,Mayo,MONCLOA - ARAVACA,5061,2251,2810,52,28,24,215,116,99,506,233,273,503,219,284,478,193,285,528,222,306,560,240,320,691,305,386,819,368,451,709,327,382
2021,Mayo,LATINA,16629,7455,9174,343,190,153,1046,521,525,1545,729,816,1539,673,866,1784,744,1040,1880,813,1067,2028,885,1143,2257,1031,1226,2226,983,1243,1981,886,1095
2021,Mayo,CARABANCHEL,20143,8793,11350,437,240,197,1428,692,736,1987,855,1132,1912,793,1119,2140,849,1291,2358,984,1374,2561,1080,1481,2585,1170,1415,2526,1139,1387,2209,991,1218
2021,Mayo,USERA,12340,5373,6967,347,176,171,1019,495,524,1154,521,633,1257,518,739,1278,491,787,1431,593,838,1538,669,869,1575,696,879,1475,641,834,1266,573,693
2021,Mayo,PUENTE DE VALLECAS,22086,9984,12102,561,326,235,1742,884,858,2151,966,1185,2323,968,1355,2283,955,1328,2461,1032,1429,2419,1130,1289,2639,1205,1434,2957,1346,1611,2550,1172,1378
2021,Mayo,MORATALAZ,6003,2599,3404,138,79,59,394,204,190,566,281,285,539,236,303,546,232,314,595,215,380,685,273,412,777,340,437,902,389,513,861,350,511
2021,Mayo,CIUDAD LINEAL,13133,5771,7362,204,115,89,687,325,362,1148,537,611,1248,529,719,1294,508,786,1371,593,778,1509,664,845,1764,776,988,2030,909,1121,1878,815,1063
2021,Mayo,HORTALEZA,9586,3985,5601,164,107,57,436,244,192,762,340,422,832,326,506,954,381,573,1065,369,696,1260,502,758,1304,546,758,1493,597,896,1316,573,743
2021,Mayo,VILLAVERDE,13833,5817,8016,363,201,162,1103,521,582,1338,583,755,1374,503,871,1430,507,923,1671,664,1007,1652,703,949,1679,718,961,1725,749,976,1498,668,830
2021,Mayo,VILLA DE VALLECAS,8514,3543,4971,249,156,93,572,275,297,787,316,471,948,394,554,996,375,621,1094,390,704,1090,457,633,956,406,550,960,408,552,862,366,496
2021,Mayo,VICÁLVARO,5467,2326,3141,149,73,76,444,218,226,520,256,264,520,230,290,518,190,328,581,220,361,682,270,412,754,300,454,725,304,421,574,265,309
2021,Mayo,SAN BLAS-CANILLEJAS,11047,4838,6209,265,140,125,694,359,335,940,434,506,1031,425,606,1039,402,637,1074,450,624,1256,516,740,1489,651,838,1712,761,951,1547,700,847
2021,Mayo,BARAJAS,2335,981,1354,43,26,17,115,62,53,177,86,91,214,83,131,234,79,155,287,106,181,319,129,190,298,142,156,337,137,200,311,131,180
2021,Junio,MADRID,202866,88248,114618,3986,2234,1752,11735,5776,5959,18357,8203,10154,19909,8383,11526,20981,8363,12618,22764,9368,13396,24552,10497,14055,26181,11571,14610,28728,12542,16186,25673,11311,14362
2021,Junio,CENTRO,9730,5040,4690,78,39,39,283,139,144,877,376,501,1148,571,577,1167,600,567,1159,631,528,1295,691,604,1269,703,566,1310,693,617,1144,597,547
2021,Junio,ARGANZUELA,7867,3505,4362,81,47,34,356,173,183,729,331,398,834,377,457,848,381,467,886,380,506,925,403,522,926,399,527,1176,511,665,1106,503,603
2021,Junio,RETIRO,4799,2108,2691,48,30,18,176,78,98,428,207,221,489,226,263,507,221,286,505,209,296,571,237,334,608,284,324,781,326,455,686,290,396
2021,Junio,SALAMANCA,5783,2419,3364,53,31,22,197,105,92,528,248,280,599,231,368,601,249,352,571,213,358,666,283,383,747,311,436,922,380,542,899,368,531
2021,Junio,CHAMARTÍN,5447,2334,3113,39,25,14,174,91,83,430,189,241,473,232,241,577,223,354,545,227,318,666,277,389,747,300,447,949,410,539,847,360,487
2021,Junio,TETUÁN,10059,4391,5668,193,110,83,559,278,281,957,430,527,1030,411,619,1072,405,667,1098,450,648,1169,518,651,1319,600,719,1396,630,766,1266,559,707
2021,Junio,CHAMBERÍ,5656,2429,3227,41,18,23,206,95,111,621,289,332,647,303,344,595,238,357,597,261,336,648,277,371,667,262,405,883,382,501,751,304,447
2021,Junio,FUENCARRAL - EL PARDO,10672,4408,6264,165,102,63,454,227,227,862,373,489,1016,428,588,1060,383,677,1341,506,835,1486,597,889,1357,578,779,1545,664,881,1386,550,836
2021,Junio,MONCLOA - ARAVACA,5004,2210,2794,55,31,24,197,106,91,494,231,263,487,218,269,501,197,304,514,203,311,554,230,324,666,298,368,824,372,452,712,324,388
2021,Junio,LATINA,16112,7132,8980,339,190,149,975,476,499,1445,664,781,1436,630,806,1699,701,998,1845,787,1058,1927,814,1113,2260,1028,1232,2198,954,1244,1988,888,1100
2021,Junio,CARABANCHEL,19699,8535,11164,444,241,203,1330,646,684,1901,813,1088,1846,753,1093,2086,825,1261,2336,968,1368,2501,1052,1449,2547,1148,1399,2499,1110,1389,2209,979,1230
2021,Junio,USERA,11885,5155,6730,336,174,162,940,447,493,1073,479,594,1222,502,720,1218,476,742,1375,571,804,1500,648,852,1520,671,849,1463,634,829,1238,553,685
2021,Junio,PUENTE DE VALLECAS,21644,9702,11942,552,315,237,1647,828,819,2072,932,1140,2266,914,1352,2239,931,1308,2421,1007,1414,2367,1109,1258,2617,1198,1419,2907,1298,1609,2556,1170,1386
2021,Junio,MORATALAZ,5974,2571,3403,127,73,54,378,194,184,574,275,299,525,239,286,553,216,337,589,224,365,681,264,417,769,345,424,920,394,526,858,347,511
2021,Junio,CIUDAD LINEAL,12699,5520,7179,210,118,92,620,291,329,1076,490,586,1141,481,660,1212,468,744,1339,584,755,1459,645,814,1734,748,986,2032,890,1142,1876,805,1071
2021,Junio,HORTALEZA,9450,3888,5562,164,106,58,430,235,195,721,316,405,780,305,475,928,363,565,1073,369,704,1225,466,759,1295,543,752,1499,600,899,1335,585,750
2021,Junio,VILLAVERDE,13431,5585,7846,363,197,166,1014,480,534,1267,550,717,1332,482,850,1406,496,910,1569,634,935,1617,661,956,1651,696,955,1723,734,989,1489,655,834
2021,Junio,VILLA DE VALLECAS,8417,3444,4973,245,146,99,557,272,285,739,292,447,928,388,540,975,346,629,1095,384,711,1074,444,630,956,378,578,974,413,561,874,381,493
2021,Junio,VICÁLVARO,5385,2252,3133,145,73,72,435,209,226,494,223,271,506,223,283,508,189,319,570,216,354,679,261,418,746,291,455,730,305,425,572,262,310
2021,Junio,SAN BLAS-CANILLEJAS,10830,4648,6182,260,140,120,683,338,345,897,407,490,992,389,603,1006,386,620,1059,447,612,1218,493,725,1491,650,841,1665,703,962,1559,695,864
2021,Junio,BARAJAS,2323,972,1351,48,28,20,124,68,56,172,88,84,212,80,132,223,69,154,277,97,180,324,127,197,289,140,149,332,139,193,322,136,186
2021,Julio,MADRID,199825,86085,113740,3829,2161,1668,11305,5527,5778,17965,7899,10066,19721,8181,11540,20649,8154,12495,22316,9103,13213,24248,10228,14020,25857,11325,14532,28352,12300,16052,25583,11207,14376
2021,Julio,CENTRO,9547,4909,4638,77,40,37,285,143,142,866,380,486,1125,551,574,1142,562,580,1161,632,529,1267,672,595,1231,674,557,1276,675,601,1117,580,537
2021,Julio,ARGANZUELA,7815,3450,4365,81,47,34,330,158,172,730,321,409,845,379,466,867,383,484,867,366,501,918,384,534,915,393,522,1148,509,639,1114,510,604
2021,Julio,RETIRO,4852,2118,2734,44,29,15,181,82,99,449,201,248,505,230,275,498,215,283,521,225,296,568,242,326,615,284,331,776,323,453,695,287,408
2021,Julio,SALAMANCA,5774,2383,3391,53,36,17,192,107,85,549,236,313,594,223,371,596,242,354,576,212,364,652,275,377,739,312,427,935,386,549,888,354,534
2021,Julio,CHAMARTÍN,5458,2301,3157,41,25,16,166,87,79,410,176,234,490,221,269,561,219,342,559,234,325,690,287,403,757,298,459,924,388,536,860,366,494
2021,Julio,TETUÁN,9823,4235,5588,190,106,84,506,255,251,924,400,524,1030,416,614,1044,382,662,1068,428,640,1154,505,649,1293,588,705,1378,617,761,1236,538,698
2021,Julio,CHAMBERÍ,5645,2386,3259,35,14,21,196,88,108,620,282,338,623,274,349,612,249,363,622,269,353,639,274,365,681,258,423,868,378,490,749,300,449
2021,Julio,FUENCARRAL - EL PARDO,10636,4358,6278,153,93,60,448,210,238,836,356,480,1020,426,594,1064,385,679,1330,498,832,1494,603,891,1368,577,791,1551,661,890,1372,549,823
2021,Julio,MONCLOA - ARAVACA,4928,2122,2806,46,22,24,198,103,95,507,217,290,482,207,275,479,188,291,500,193,307,545,219,326,651,284,367,820,375,445,700,314,386
2021,Julio,LATINA,15892,6940,8952,340,192,148,927,444,483,1403,628,775,1449,621,828,1693,710,983,1811,759,1052,1905,796,1109,2223,994,1229,2153,919,1234,1988,877,1111
2021,Julio,CARABANCHEL,19269,8309,10960,422,228,194,1288,627,661,1839,801,1038,1830,741,1089,2051,796,1255,2246,922,1324,2415,990,1425,2475,1125,1350,2489,1098,1391,2214,981,1233
2021,Julio,USERA,11601,4982,6619,318,169,149,904,419,485,1024,457,567,1189,490,699,1181,449,732,1343,545,798,1484,626,858,1494,668,826,1427,606,821,1237,553,684
2021,Julio,PUENTE DE VALLECAS,21077,9373,11704,547,311,236,1585,791,794,1985,880,1105,2224,893,1331,2133,897,1236,2285,930,1355,2324,1072,1252,2554,1167,1387,2884,1280,1604,2556,1152,1404
2021,Julio,MORATALAZ,5900,2528,3372,119,73,46,381,191,190,551,267,284,514,223,291,552,223,329,585,215,370,675,262,413,763,335,428,899,386,513,861,353,508
2021,Julio,CIUDAD LINEAL,12515,5409,7106,196,113,83,581,271,310,1066,486,580,1126,481,645,1196,447,749,1308,576,732,1444,622,822,1728,730,998,1996,882,1114,1874,801,1073
2021,Julio,HORTALEZA,9486,3825,5661,162,102,60,440,239,201,748,316,432,776,297,479,911,349,562,1077,360,717,1227,458,769,1318,546,772,1484,574,910,1343,584,759
2021,Julio,VILLAVERDE,13065,5416,7649,362,199,163,944,443,501,1202,537,665,1291,464,827,1371,481,890,1541,633,908,1595,640,955,1602,657,945,1689,726,963,1468,636,832
2021,Julio,VILLA DE VALLECAS,8323,3365,4958,222,133,89,564,276,288,718,282,436,915,366,549,988,347,641,1079,377,702,1083,443,640,942,367,575,954,397,557,858,377,481
2021,Julio,VICÁLVARO,5339,2226,3113,139,69,70,406,200,206,501,218,283,533,239,294,494,165,329,552,215,337,670,265,405,749,295,454,717,301,416,578,259,319
2021,Julio,SAN BLAS-CANILLEJAS,10629,4524,6105,239,135,104,667,331,336,885,387,498,953,370,583,993,392,601,1025,419,606,1186,469,717,1470,637,833,1655,687,968,1556,697,859
2021,Julio,BARAJAS,2251,926,1325,43,25,18,116,62,54,152,71,81,207,69,138,223,73,150,260,95,165,313,124,189,289,136,153,329,132,197,319,139,180
2021,Agosto,MADRID,200565,86355,114210,3765,2131,1634,11444,5543,5901,18190,7981,10209,19678,8164,11514,20731,8197,12534,22537,9246,13291,24285,10268,14017,25914,11308,14606,28397,12321,16076,25624,11196,14428
2021,Agosto,CENTRO,9573,4948,4625,75,40,35,282,146,136,845,378,467,1108,549,559,1122,551,571,1195,652,543,1290,689,601,1243,683,560,1273,675,598,1140,585,555
2021,Agosto,ARGANZUELA,7860,3473,4387,76,45,31,341,170,171,732,328,404,860,381,479,866,374,492,879,373,506,917,391,526,937,398,539,1151,512,639,1101,501,600
2021,Agosto,RETIRO,4873,2102,2771,40,24,16,190,86,104,451,203,248,521,230,291,496,208,288,517,222,295,584,244,340,602,275,327,776,327,449,696,283,413
2021,Agosto,SALAMANCA,5809,2398,3411,48,32,16,175,98,77,557,240,317,600,228,372,617,251,366,580,212,368,644,271,373,771,324,447,932,389,543,885,353,532
2021,Agosto,CHAMARTÍN,5589,2371,3218,45,27,18,175,90,85,442,197,245,505,228,277,572,225,347,571,239,332,699,299,400,760,294,466,943,395,548,877,377,500
2021,Agosto,TETUÁN,9947,4272,5675,187,107,80,514,259,255,960,419,541,1038,410,628,1093,398,695,1068,426,642,1173,513,660,1303,583,720,1373,611,762,1238,546,692
2021,Agosto,CHAMBERÍ,5687,2369,3318,31,12,19,190,77,113,644,286,358,640,275,365,595,236,359,618,264,354,627,271,356,709,267,442,862,372,490,771,309,462
2021,Agosto,FUENCARRAL - EL PARDO,10817,4415,6402,143,85,58,496,232,264,872,382,490,1052,441,611,1076,370,706,1344,514,830,1483,597,886,1408,587,821,1553,659,894,1390,548,842
2021,Agosto,MONCLOA - ARAVACA,4990,2174,2816,56,31,25,206,106,100,493,225,268,491,210,281,483,194,289,521,199,322,559,235,324,649,281,368,833,378,455,699,315,384
2021,Agosto,LATINA,15977,6982,8995,324,184,140,937,448,489,1447,636,811,1442,628,814,1747,741,1006,1821,761,1060,1882,784,1098,2217,992,1225,2174,937,1237,1986,871,1115
2021,Agosto,CARABANCHEL,19217,8365,10852,412,225,187,1273,616,657,1824,806,1018,1805,731,1074,2018,810,1208,2265,946,1319,2447,1010,1437,2486,1148,1338,2498,1107,1391,2189,966,1223
2021,Agosto,USERA,11526,4966,6560,308,161,147,901,410,491,1046,467,579,1158,469,689,1163,453,710,1341,553,788,1445,616,829,1503,673,830,1419,614,805,1242,550,692
2021,Agosto,PUENTE DE VALLECAS,20961,9292,11669,541,305,236,1584,776,808,1993,876,1117,2179,888,1291,2138,887,1251,2326,968,1358,2287,1040,1247,2483,1123,1360,2868,1282,1586,2562,1147,1415
2021,Agosto,MORATALAZ,5966,2520,3446,125,76,49,389,193,196,568,257,311,506,216,290,559,217,342,591,219,372,681,264,417,773,333,440,913,387,526,861,358,503
2021,Agosto,CIUDAD LINEAL,12507,5365,7142,194,115,79,594,273,321,1090,476,614,1119,474,645,1173,448,725,1327,574,753,1409,608,801,1727,732,995,2001,870,1131,1873,795,1078
2021,Agosto,HORTALEZA,9644,3885,5759,166,107,59,472,252,220,768,316,452,769,292,477,941,362,579,1093,382,711,1283,473,810,1313,537,776,1480,572,908,1359,592,767
2021,Agosto,VILLAVERDE,12932,5351,7581,360,198,162,925,424,501,1196,533,663,1272,454,818,1357,492,865,1526,617,909,1578,639,939,1601,656,945,1676,708,968,1441,630,811
2021,Agosto,VILLA DE VALLECAS,8384,3400,4984,220,129,91,572,287,285,742,293,449,924,365,559,1004,358,646,1078,382,696,1093,447,646,935,367,568,949,392,557,867,380,487
2021,Agosto,VICÁLVARO,5368,2250,3118,144,75,69,422,206,216,487,211,276,535,247,288,504,172,332,563,217,346,681,273,408,735,286,449,721,304,417,576,259,317
2021,Agosto,SAN BLAS-CANILLEJAS,10672,4530,6142,232,133,99,679,329,350,867,378,489,950,378,572,1000,388,612,1044,428,616,1202,470,732,1469,637,832,1674,696,978,1555,693,862
2021,Agosto,BARAJAS,2266,927,1339,38,20,18,127,65,62,166,74,92,204,70,134,207,62,145,269,98,171,321,134,187,290,132,158,328,134,194,316,138,178
2021,Septiembre,MADRID,195793,84664,111129,3865,2137,1728,11376,5644,5732,17350,7726,9624,18716,7790,10926,19815,7843,11972,21670,8941,12729,23830,10074,13756,25318,11026,14292,28159,12248,15911,25694,11235,14459
2021,Septiembre,CENTRO,9285,4786,4499,69,34,35,279,139,140,836,376,460,1017,505,512,1056,533,523,1134,601,533,1248,665,583,1223,671,552,1259,664,595,1164,598,566
2021,Septiembre,ARGANZUELA,7618,3365,4253,77,45,32,344,175,169,680,304,376,806,362,444,835,353,482,825,363,462,926,385,541,896,383,513,1145,503,642,1084,492,592
2021,Septiembre,RETIRO,4745,2043,2702,46,26,20,176,80,96,421,193,228,519,229,290,466,190,276,489,211,278,553,229,324,594,270,324,772,325,447,709,290,419
2021,Septiembre,SALAMANCA,5632,2323,3309,53,32,21,185,97,88,515,222,293,545,203,342,588,244,344,557,200,357,647,267,380,736,326,410,933,387,546,873,345,528
2021,Septiembre,CHAMARTÍN,5425,2326,3099,48,30,18,165,87,78,422,208,214,482,222,260,548,210,338,542,227,315,661,280,381,750,293,457,921,389,532,886,380,506
2021,Septiembre,TETUÁN,9697,4205,5492,177,103,74,507,249,258,900,405,495,993,399,594,1071,390,681,1042,427,615,1137,508,629,1273,572,701,1351,611,740,1246,541,705
2021,Septiembre,CHAMBERÍ,5533,2308,3225,33,15,18,189,85,104,606,270,336,594,260,334,545,222,323,600,252,348,633,266,367,693,259,434,867,364,503,773,315,458
2021,Septiembre,FUENCARRAL - EL PARDO,10533,4327,6206,155,90,65,489,236,253,818,369,449,984,422,562,1040,373,667,1278,484,794,1444,574,870,1378,567,811,1537,654,883,1410,558,852
2021,Septiembre,MONCLOA - ARAVACA,4841,2131,2710,50,29,21,195,104,91,464,211,253,471,199,272,469,200,269,510,203,307,540,226,314,623,263,360,815,377,438,704,319,385
2021,Septiembre,LATINA,15660,6859,8801,329,182,147,942,461,481,1378,628,750,1386,596,790,1662,704,958,1769,746,1023,1866,786,1080,2184,968,1216,2164,921,1243,1980,867,1113
2021,Septiembre,CARABANCHEL,18853,8251,10602,419,220,199,1304,654,650,1735,760,975,1756,720,1036,1928,766,1162,2180,915,1265,2405,1001,1404,2447,1139,1308,2492,1118,1374,2187,958,1229
2021,Septiembre,USERA,11324,4930,6394,323,171,152,914,426,488,1016,462,554,1104,450,654,1109,428,681,1296,540,756,1418,611,807,1474,670,804,1409,608,801,1261,564,697
2021,Septiembre,PUENTE DE VALLECAS,20398,9095,11303,546,299,247,1546,792,754,1898,834,1064,2077,842,1235,2053,851,1202,2215,934,1281,2255,1033,1222,2422,1083,1339,2826,1271,1555,2560,1156,1404
2021,Septiembre,MORATALAZ,5846,2472,3374,136,85,51,383,188,195,560,247,313,479,211,268,554,209,345,572,215,357,654,254,400,752,326,426,902,381,521,854,356,498
2021,Septiembre,CIUDAD LINEAL,12242,5282,6960,214,125,89,573,257,316,1019,458,561,1065,451,614,1106,416,690,1298,570,728,1408,618,790,1673,693,980,1996,875,1121,1890,819,1071
2021,Septiembre,HORTALEZA,9412,3799,5613,160,97,63,452,242,210,737,315,422,732,284,448,895,338,557,1045,362,683,1264,471,793,1292,531,761,1468,571,897,1367,588,779
2021,Septiembre,VILLAVERDE,12660,5275,7385,364,199,165,944,450,494,1137,510,627,1219,446,773,1303,485,818,1467,586,881,1534,616,918,1577,632,945,1678,719,959,1437,632,805
2021,Septiembre,VILLA DE VALLECAS,8156,3304,4852,229,126,103,583,307,276,717,278,439,872,336,536,951,333,618,1037,379,658,1070,426,644,898,362,536,945,393,552,854,364,490
2021,Septiembre,VICÁLVARO,5290,2231,3059,159,78,81,421,212,209,495,217,278,509,223,286,461,162,299,550,214,336,689,277,412,705,282,423,720,306,414,581,260,321
2021,Septiembre,SAN BLAS-CANILLEJAS,10424,4447,5977,239,129,110,659,339,320,835,384,451,902,360,542,971,371,600,999,415,584,1173,463,710,1443,606,837,1651,686,965,1552,694,858
2021,Septiembre,BARAJAS,2219,905,1314,39,22,17,126,64,62,161,75,86,204,70,134,204,65,139,265,97,168,305,118,187,285,130,155,308,125,183,322,139,183
2021,Octubre,MADRID,190511,82215,108296,3829,2087,1742,10783,5319,5464,16464,7331,9133,17888,7434,10454,19068,7582,11486,20930,8649,12281,23228,9797,13431,24829,10815,14014,27889,12046,15843,25603,11155,14448
2021,Octubre,CENTRO,8930,4597,4333,75,36,39,257,129,128,759,347,412,1023,489,534,997,517,480,1046,550,496,1216,641,575,1193,661,532,1221,650,571,1143,577,566
2021,Octubre,ARGANZUELA,7365,3253,4112,70,39,31,326,166,160,627,279,348,762,351,411,782,322,460,784,350,434,891,372,519,878,382,496,1156,499,657,1089,493,596
2021,Octubre,RETIRO,4541,1965,2576,38,19,19,171,80,91,404,196,208,460,207,253,446,182,264,461,202,259,547,226,321,557,257,300,756,308,448,701,288,413
2021,Octubre,SALAMANCA,5406,2260,3146,53,30,23,176,89,87,493,217,276,513,216,297,575,224,351,519,193,326,600,243,357,694,307,387,921,385,536,862,356,506
2021,Octubre,CHAMARTÍN,5270,2227,3043,53,32,21,150,88,62,410,197,213,463,206,257,522,197,325,523,209,314,638,264,374,737,283,454,879,359,520,895,392,503
2021,Octubre,TETUÁN,9315,3997,5318,162,96,66,464,226,238,830,359,471,904,357,547,1004,360,644,986,396,590,1128,491,637,1243,565,678,1344,603,741,1250,544,706
2021,Octubre,CHAMBERÍ,5291,2266,3025,25,12,13,188,95,93,563,257,306,520,231,289,513,213,300,577,251,326,601,269,332,677,264,413,859,357,502,768,317,451
2021,Octubre,FUENCARRAL - EL PARDO,10214,4178,6036,148,85,63,444,205,239,775,346,429,927,388,539,1004,362,642,1220,464,756,1413,575,838,1353,563,790,1525,648,877,1405,542,863
2021,Octubre,MONCLOA - ARAVACA,4650,2045,2605,45,24,21,196,102,94,417,198,219,428,183,245,457,187,270,472,194,278,538,229,309,613,259,354,799,361,438,685,308,377
2021,Octubre,LATINA,15278,6675,8603,332,179,153,896,440,456,1306,605,701,1331,580,751,1606,678,928,1722,720,1002,1821,758,1063,2123,928,1195,2155,921,1234,1986,866,1120
2021,Octubre,CARABANCHEL,18428,7999,10429,422,216,206,1228,601,627,1662,725,937,1686,671,1015,1848,728,1120,2116,891,1225,2363,963,1400,2439,1152,1287,2484,1107,1377,2180,945,1235
2021,Octubre,USERA,11092,4823,6269,320,160,160,871,407,464,962,440,522,1040,422,618,1098,428,670,1286,518,768,1402,616,786,1444,654,790,1407,615,792,1262,563,699
2021,Octubre,PUENTE DE VALLECAS,19883,8844,11039,538,292,246,1424,715,709,1812,796,1016,2022,822,1200,2009,838,1171,2160,915,1245,2187,993,1194,2366,1072,1294,2850,1265,1585,2515,1136,1379
2021,Octubre,MORATALAZ,5692,2359,3333,128,77,51,355,171,184,525,215,310,459,200,259,536,204,332,558,205,353,640,253,387,730,307,423,913,377,536,848,350,498
2021,Octubre,CIUDAD LINEAL,11946,5133,6813,212,117,95,560,261,299,959,421,538,1048,443,605,1062,397,665,1250,563,687,1362,595,767,1648,677,971,1945,839,1106,1900,820,1080
2021,Octubre,HORTALEZA,9136,3729,5407,158,103,55,451,240,211,717,324,393,695,272,423,852,329,523,1005,352,653,1209,459,750,1282,520,762,1427,560,867,1340,570,770
2021,Octubre,VILLAVERDE,12462,5195,7267,374,212,162,918,439,479,1107,495,612,1203,455,748,1264,472,792,1443,579,864,1484,588,896,1562,623,939,1654,699,955,1453,633,820
2021,Octubre,VILLA DE VALLECAS,8114,3309,4805,238,130,108,571,293,278,706,284,422,862,324,538,935,351,584,1026,389,637,1072,429,643,884,352,532,948,384,564,872,373,499
2021,Octubre,VICÁLVARO,5227,2175,3052,160,80,80,397,194,203,477,202,275,488,205,283,463,172,291,548,213,335,676,262,414,718,278,440,724,315,409,576,254,322
2021,Octubre,SAN BLAS-CANILLEJAS,10121,4304,5817,240,125,115,620,316,304,816,367,449,859,344,515,914,358,556,970,397,573,1141,452,689,1398,582,816,1616,674,942,1547,689,858
2021,Octubre,BARAJAS,2150,882,1268,38,23,15,120,62,58,137,61,76,195,68,127,181,63,118,258,98,160,299,119,180,290,129,161,306,120,186,326,139,187
2021,Noviembre,MADRID,186380,80566,105814,3742,2025,1717,10351,5147,5204,15691,7081,8610,17262,7240,10022,18444,7306,11138,20347,8397,11950,22596,9558,13038,24492,10687,13805,27788,12011,15777,25667,11114,14553
2021,Noviembre,CENTRO,8710,4500,4210,64,30,34,247,122,125,710,334,376,980,475,505,962,493,469,1021,546,475,1178,622,556,1183,653,530,1216,646,570,1149,579,570
2021,Noviembre,ARGANZUELA,7176,3212,3964,64,34,30,304,159,145,617,290,327,720,341,379,757,317,440,761,340,421,857,360,497,864,384,480,1142,485,657,1090,502,588
2021,Noviembre,RETIRO,4438,1926,2512,41,22,19,158,78,80,391,191,200,433,203,230,455,182,273,453,198,255,537,222,315,554,246,308,730,296,434,686,288,398
2021,Noviembre,SALAMANCA,5342,2216,3126,50,30,20,175,92,83,472,212,260,492,196,296,545,218,327,525,195,330,599,242,357,678,287,391,946,393,553,860,351,509
2021,Noviembre,CHAMARTÍN,5159,2168,2991,49,30,19,151,85,66,379,179,200,453,205,248,504,183,321,510,204,306,603,253,350,724,275,449,886,359,527,900,395,505
2021,Noviembre,TETUÁN,9199,3973,5226,163,95,68,438,226,212,809,354,455,903,342,561,990,362,628,961,396,565,1096,488,608,1245,562,683,1340,610,730,1254,538,716
2021,Noviembre,CHAMBERÍ,5156,2214,2942,33,17,16,172,86,86,509,248,261,504,239,265,509,214,295,560,239,321,580,254,326,677,260,417,837,347,490,775,310,465
2021,Noviembre,FUENCARRAL - EL PARDO,9963,4113,5850,144,85,59,431,200,231,737,338,399,863,376,487,940,342,598,1195,454,741,1371,551,820,1333,550,783,1527,658,869,1422,559,863
2021,Noviembre,MONCLOA - ARAVACA,4588,2008,2580,49,29,20,186,103,83,438,206,232,402,167,235,438,180,258,466,184,282,510,216,294,601,259,342,810,364,446,688,300,388
2021,Noviembre,LATINA,14871,6505,8366,336,179,157,858,424,434,1230,572,658,1293,575,718,1541,624,917,1662,693,969,1740,730,1010,2094,923,1171,2134,918,1216,1983,867,1116
2021,Noviembre,CARABANCHEL,18030,7830,10200,409,202,207,1181,572,609,1576,680,896,1630,649,981,1770,686,1084,2090,891,1199,2309,969,1340,2383,1131,1252,2485,1116,1369,2197,934,1263
2021,Noviembre,USERA,10846,4687,6159,323,163,160,838,380,458,919,422,497,1024,415,609,1080,414,666,1237,500,737,1355,588,767,1410,630,780,1387,616,771,1273,559,714
2021,Noviembre,PUENTE DE VALLECAS,19587,8768,10819,533,285,248,1407,712,695,1735,778,957,1936,795,1141,1960,831,1129,2101,892,1209,2178,999,1179,2338,1072,1266,2859,1266,1593,2540,1138,1402
2021,Noviembre,MORATALAZ,5607,2347,3260,119,71,48,356,175,181,526,224,302,456,205,251,507,196,311,544,201,343,620,242,378,712,297,415,922,383,539,845,353,492
2021,Noviembre,CIUDAD LINEAL,11583,5001,6582,196,112,84,526,248,278,901,411,490,991,430,561,1006,375,631,1199,520,679,1336,593,743,1611,662,949,1928,841,1087,1889,809,1080
2021,Noviembre,HORTALEZA,8933,3657,5276,162,97,65,432,239,193,639,292,347,683,270,413,826,311,515,963,333,630,1179,455,724,1292,534,758,1419,556,863,1338,570,768
2021,Noviembre,VILLAVERDE,12232,5035,7197,362,205,157,876,425,451,1084,467,617,1191,447,744,1228,446,782,1397,569,828,1451,553,898,1544,615,929,1639,691,948,1460,617,843
2021,Noviembre,VILLA DE VALLECAS,7895,3214,4681,234,123,111,549,282,267,679,274,405,810,312,498,896,338,558,1000,371,629,1050,419,631,880,350,530,933,377,556,864,368,496
2021,Noviembre,VICÁLVARO,5123,2139,2984,150,74,76,378,191,187,466,203,263,456,193,263,461,175,286,545,211,334,657,250,407,698,276,422,723,305,418,589,261,328
2021,Noviembre,SAN BLAS-CANILLEJAS,9844,4187,5657,225,120,105,587,291,296,741,346,395,850,341,509,887,353,534,914,372,542,1095,436,659,1388,585,803,1623,667,956,1534,676,858
2021,Noviembre,BARAJAS,2098,866,1232,36,22,14,101,57,44,133,60,73,192,64,128,182,66,116,243,88,155,295,116,179,283,136,147,302,117,185,331,140,191
2021,Diciembre,MADRID,173742,75560,98182,2929,1600,1329,8561,4223,4338,13994,6296,7698,15855,6697,9158,17232,6966,10266,19023,7937,11086,21421,9134,12287,23281,10256,13025,26686,11661,15025,24760,10790,13970
2021,Diciembre,CENTRO,8138,4247,3891,49,20,29,204,109,95,651,311,340,874,431,443,897,470,427,974,521,453,1094,582,512,1137,632,505,1149,604,545,1109,567,542
2021,Diciembre,ARGANZUELA,6732,2999,3733,52,27,25,246,129,117,540,243,297,659,302,357,724,315,409,739,329,410,811,337,474,823,358,465,1089,471,618,1049,488,561
2021,Diciembre,RETIRO,4122,1792,2330,27,13,14,121,57,64,351,171,180,390,179,211,404,160,244,413,174,239,510,220,290,531,235,296,692,288,404,683,295,388
2021,Diciembre,SALAMANCA,4919,2050,2869,37,22,15,144,71,73,386,174,212,445,185,260,529,206,323,482,183,299,567,228,339,628,267,361,879,378,501,822,336,486
2021,Diciembre,CHAMARTÍN,4861,2050,2811,35,21,14,127,72,55,341,168,173,409,183,226,465,174,291,491,196,295,560,239,321,691,268,423,867,348,519,875,381,494
2021,Diciembre,TETUÁN,8515,3726,4789,115,66,49,379,200,179,725,316,409,838,336,502,898,327,571,890,380,510,1055,470,585,1152,522,630,1263,584,679,1200,525,675
2021,Diciembre,CHAMBERÍ,4763,2000,2763,17,10,7,128,60,68,420,197,223,465,208,257,478,194,284,514,204,310,542,238,304,646,246,400,799,330,469,754,313,441
2021,Diciembre,FUENCARRAL - EL PARDO,9260,3814,5446,107,58,49,368,165,203,638,293,345,799,325,474,858,334,524,1098,425,673,1281,521,760,1277,531,746,1470,634,836,1364,528,836
2021,Diciembre,MONCLOA - ARAVACA,4229,1853,2376,30,16,14,145,77,68,385,192,193,359,145,214,395,161,234,425,179,246,493,203,290,568,248,320,796,353,443,633,279,354
2021,Diciembre,LATINA,13932,6141,7791,272,141,131,705,344,361,1103,496,607,1167,513,654,1440,592,848,1564,668,896,1701,722,979,1958,886,1072,2098,927,1171,1924,852,1072
2021,Diciembre,CARABANCHEL,16761,7365,9396,333,174,159,967,475,492,1402,602,800,1507,623,884,1640,658,982,1967,857,1110,2188,911,1277,2262,1082,1180,2379,1080,1299,2116,903,1213
2021,Diciembre,USERA,10047,4397,5650,261,130,131,711,316,395,827,374,453,927,386,541,1016,405,611,1107,456,651,1311,579,732,1355,622,733,1335,598,737,1197,531,666
2021,Diciembre,PUENTE DE VALLECAS,18337,8257,10080,433,241,192,1188,599,589,1552,697,855,1822,751,1071,1887,796,1091,1972,837,1135,2087,974,1113,2207,1025,1182,2726,1225,1501,2463,1112,1351
2021,Diciembre,MORATALAZ,5235,2219,3016,98,54,44,278,135,143,475,201,274,433,199,234,474,191,283,524,205,319,575,222,353,685,293,392,872,371,501,821,348,473
2021,Diciembre,CIUDAD LINEAL,10771,4653,6118,141,84,57,421,184,237,789,372,417,906,385,521,941,357,584,1121,487,634,1227,547,680,1538,641,897,1846,811,1035,1841,785,1056
2021,Diciembre,HORTALEZA,8344,3457,4887,122,76,46,349,193,156,586,270,316,631,277,354,753,291,462,893,313,580,1104,427,677,1222,502,720,1379,543,836,1305,565,740
2021,Diciembre,VILLAVERDE,11466,4746,6720,294,176,118,753,356,397,1016,429,587,1107,425,682,1153,425,728,1313,543,770,1393,548,845,1473,586,887,1563,664,899,1401,594,807
2021,Diciembre,VILLA DE VALLECAS,7407,3050,4357,185,99,86,465,239,226,602,252,350,746,288,458,853,335,518,972,367,605,983,398,585,857,347,510,906,370,536,838,355,483
2021,Diciembre,VICÁLVARO,4792,2015,2777,124,59,65,298,147,151,412,184,228,428,175,253,432,166,266,507,202,305,634,250,384,694,284,410,701,303,398,562,245,317
2021,Diciembre,SAN BLAS-CANILLEJAS,9142,3913,5229,174,98,76,480,241,239,667,300,367,766,321,445,819,341,478,843,334,509,1008,407,601,1309,553,756,1581,664,917,1495,654,841
2021,Diciembre,BARAJAS,1969,816,1153,23,15,8,84,54,30,126,54,72,177,60,117,176,68,108,214,77,137,297,111,186,268,128,140,296,115,181,308,134,174
2022,Enero,MADRID,168864,73009,95855,2488,1361,1127,7923,3896,4027,13621,6163,7458,15402,6402,9000,16612,6711,9901,18303,7541,10762,20771,8786,11985,22786,9906,12880,26410,11562,14848,24548,10681,13867
2022,Enero,CENTRO,7813,4099,3714,39,20,19,196,101,95,573,279,294,844,416,428,879,480,399,912,474,438,1037,553,484,1104,610,494,1150,613,537,1079,553,526
2022,Enero,ARGANZUELA,6551,2873,3678,49,27,22,226,115,111,522,235,287,638,286,352,665,276,389,723,308,415,754,310,444,839,367,472,1079,465,614,1056,484,572
2022,Enero,RETIRO,4063,1729,2334,20,10,10,113,59,54,340,162,178,377,166,211,378,144,234,412,170,242,495,198,297,528,232,296,698,289,409,702,299,403
2022,Enero,SALAMANCA,4655,1928,2727,27,20,7,120,60,60,364,175,189,410,158,252,475,190,285,450,171,279,529,214,315,589,246,343,866,371,495,825,323,502
2022,Enero,CHAMARTÍN,4621,1913,2708,21,12,9,110,67,43,298,139,159,363,149,214,448,174,274,459,175,284,521,221,300,680,269,411,858,339,519,863,368,495
2022,Enero,TETUÁN,8240,3571,4669,105,62,43,341,177,164,692,300,392,826,325,501,851,307,544,843,357,486,1026,456,570,1131,502,629,1254,571,683,1171,514,657
2022,Enero,CHAMBERÍ,4594,1930,2664,19,12,7,125,61,64,416,192,224,424,185,239,451,183,268,482,199,283,507,215,292,608,226,382,804,336,468,758,321,437
2022,Enero,FUENCARRAL - EL PARDO,8880,3632,5248,88,49,39,320,147,173,627,289,338,757,310,447,791,301,490,1045,395,650,1222,490,732,1236,499,737,1445,631,814,1349,521,828
2022,Enero,MONCLOA - ARAVACA,4025,1745,2280,28,12,16,120,65,55,340,156,184,350,144,206,378,157,221,410,164,246,471,205,266,527,224,303,764,343,421,637,275,362
2022,Enero,LATINA,13608,5973,7635,223,113,110,666,340,326,1065,464,601,1156,509,647,1381,574,807,1535,644,891,1652,705,947,1930,876,1054,2103,906,1197,1897,842,1055
2022,Enero,CARABANCHEL,16270,7115,9155,280,153,127,888,431,457,1351,595,756,1483,605,878,1583,625,958,1907,818,1089,2151,893,1258,2208,1039,1169,2323,1055,1268,2096,901,1195
2022,Enero,USERA,9743,4230,5513,221,115,106,665,297,368,826,373,453,901,367,534,965,383,582,1083,445,638,1269,554,715,1326,599,727,1305,577,728,1182,520,662
2022,Enero,PUENTE DE VALLECAS,17960,8077,9883,389,215,174,1118,541,577,1561,718,843,1758,735,1023,1854,772,1082,1932,822,1110,2081,960,1121,2177,1009,1168,2692,1217,1475,2398,1088,1310
2022,Enero,MORATALAZ,5091,2139,2952,90,46,44,261,128,133,456,200,256,435,199,236,453,179,274,489,195,294,569,220,349,663,265,398,873,370,503,802,337,465
2022,Enero,CIUDAD LINEAL,10496,4544,5952,123,71,52,378,160,218,792,365,427,874,376,498,914,360,554,1037,439,598,1197,537,660,1535,638,897,1816,815,1001,1830,783,1047
2022,Enero,HORTALEZA,8116,3335,4781,103,66,37,287,155,132,571,285,286,620,253,367,733,270,463,846,306,540,1062,401,661,1206,485,721,1392,554,838,1296,560,736
2022,Enero,VILLAVERDE,11166,4608,6558,222,131,91,712,332,380,1015,430,585,1071,394,677,1118,423,695,1301,528,773,1372,547,825,1440,566,874,1498,644,854,1417,613,804
2022,Enero,VILLA DE VALLECAS,7250,2957,4293,162,81,81,454,231,223,593,256,337,748,291,457,846,333,513,929,348,581,963,381,582,824,320,504,887,360,527,844,356,488
2022,Enero,VICÁLVARO,4731,1993,2738,116,54,62,289,144,145,404,189,215,435,174,261,449,173,276,479,192,287,627,238,389,672,275,397,709,316,393,551,238,313
2022,Enero,SAN BLAS-CANILLEJAS,9103,3847,5256,150,84,66,456,236,220,680,303,377,767,303,464,828,348,480,821,311,510,1005,396,609,1304,534,770,1594,676,918,1498,656,842
2022,Enero,BARAJAS,1888,771,1117,13,8,5,78,49,29,135,58,77,165,57,108,172,59,113,208,80,128,261,92,169,259,125,134,300,114,186,297,129,168
2022,Febrero,MADRID,160316,68651,91665,2270,1213,1057,7455,3657,3798,12627,5618,7009,14420,5926,8494,15491,6237,9254,17250,7004,10246,19703,8252,11451,21777,9404,12373,25585,11063,14522,23738,10277,13461
2022,Febrero,CENTRO,7299,3786,3513,40,23,17,199,110,89,536,254,282,778,379,399,780,394,386,835,441,394,958,492,466,1039,585,454,1096,574,522,1038,534,504
2022,Febrero,ARGANZUELA,6188,2674,3514,38,20,18,212,104,108,495,223,272,576,253,323,618,263,355,675,280,395,723,297,426,798,336,462,1050,446,604,1003,452,551
2022,Febrero,RETIRO,3800,1599,2201,18,10,8,103,55,48,310,149,161,321,132,189,350,139,211,384,160,224,474,184,290,506,218,288,673,269,404,661,283,378
2022,Febrero,SALAMANCA,4388,1797,2591,24,19,5,111,56,55,332,145,187,361,142,219,425,166,259,416,158,258,515,212,303,564,233,331,847,358,489,793,308,485
2022,Febrero,CHAMARTÍN,4296,1776,2520,25,14,11,95,52,43,262,124,138,346,139,207,387,149,238,414,167,247,470,194,276,650,258,392,847,341,506,800,338,462
2022,Febrero,TETUÁN,7623,3292,4331,88,53,35,283,137,146,618,260,358,766,295,471,741,274,467,789,331,458,948,413,535,1057,472,585,1216,558,658,1117,499,618
2022,Febrero,CHAMBERÍ,4318,1822,2496,29,15,14,115,66,49,368,169,199,376,174,202,435,177,258,454,197,257,467,204,263,586,212,374,752,303,449,736,305,431
2022,Febrero,FUENCARRAL - EL PARDO,8500,3472,5028,65,36,29,314,149,165,571,258,313,726,279,447,749,290,459,983,374,609,1163,477,686,1196,502,694,1404,597,807,1329,510,819
2022,Febrero,MONCLOA - ARAVACA,3853,1677,2176,26,13,13,121,63,58,325,153,172,334,153,181,345,141,204,394,152,242,427,186,241,497,210,287,734,324,410,650,282,368
2022,Febrero,LATINA,12968,5657,7311,202,96,106,650,329,321,981,431,550,1079,467,612,1278,533,745,1462,607,855,1588,680,908,1867,819,1048,2047,871,1176,1814,824,990
2022,Febrero,CARABANCHEL,15541,6710,8831,268,143,125,825,405,420,1288,568,720,1406,564,842,1503,608,895,1811,747,1064,2057,844,1213,2089,958,1131,2260,1012,1248,2034,861,1173
2022,Febrero,USERA,9239,3959,5280,203,106,97,625,270,355,779,346,433,857,349,508,919,363,556,1003,408,595,1194,516,678,1251,564,687,1266,547,719,1142,490,652
2022,Febrero,PUENTE DE VALLECAS,17206,7636,9570,343,185,158,1041,514,527,1483,658,825,1706,710,996,1744,710,1034,1864,767,1097,1968,890,1078,2117,972,1145,2572,1157,1415,2368,1073,1295
2022,Febrero,MORATALAZ,4854,2028,2826,72,36,36,258,127,131,416,186,230,405,179,226,400,144,256,461,180,281,548,219,329,642,264,378,870,362,508,782,331,451
2022,Febrero,CIUDAD LINEAL,9969,4272,5697,117,70,47,361,157,204,726,331,395,814,351,463,882,341,541,965,393,572,1110,486,624,1459,608,851,1757,777,980,1778,758,1020
2022,Febrero,HORTALEZA,7710,3140,4570,89,53,36,278,148,130,517,239,278,586,241,345,671,257,414,823,302,521,1011,369,642,1153,471,682,1331,530,801,1251,530,721
2022,Febrero,VILLAVERDE,10724,4399,6325,213,116,97,683,313,370,929,393,536,1020,369,651,1086,408,678,1244,509,735,1311,518,793,1388,545,843,1492,640,852,1358,588,770
2022,Febrero,VILLA DE VALLECAS,6971,2774,4197,150,73,77,425,201,224,574,229,345,714,270,444,829,336,493,867,305,562,936,364,572,795,308,487,872,347,525,809,341,468
2022,Febrero,VICÁLVARO,4505,1861,2644,107,46,61,266,131,135,390,178,212,417,165,252,434,170,264,444,178,266,603,229,374,639,254,385,683,297,386,522,213,309
2022,Febrero,SAN BLAS-CANILLEJAS,8593,3608,4985,139,77,62,417,224,193,617,277,340,696,269,427,751,318,433,766,281,485,974,384,590,1235,497,738,1535,647,888,1463,634,829
2022,Febrero,BARAJAS,1771,712,1059,14,9,5,73,46,27,110,47,63,136,46,90,164,56,108,196,67,129,258,94,164,249,118,131,281,106,175,290,123,167
2022,Marzo,MADRID,159411,68413,90998,2451,1317,1134,7721,3803,3918,12415,5490,6925,14338,5931,8407,15223,6098,9125,16962,6951,10011,19444,8155,11289,21582,9348,12234,25515,10996,14519,23760,10324,13436
2022,Marzo,CENTRO,7178,3674,3504,39,19,20,193,101,92,526,259,267,724,347,377,753,371,382,826,441,385,938,466,472,1035,558,477,1089,572,517,1055,540,515
2022,Marzo,ARGANZUELA,6066,2649,3417,36,20,16,212,111,101,491,219,272,554,254,300,605,256,349,640,257,383,741,314,427,760,336,424,1039,435,604,988,447,541
2022,Marzo,RETIRO,3761,1584,2177,23,13,10,111,61,50,298,140,158,313,132,181,334,132,202,377,165,212,460,172,288,506,209,297,680,279,401,659,281,378
2022,Marzo,SALAMANCA,4232,1741,2491,26,19,7,102,48,54,329,152,177,337,133,204,379,143,236,387,155,232,500,215,285,563,234,329,826,341,485,783,301,482
2022,Marzo,CHAMARTÍN,4249,1782,2467,21,12,9,94,48,46,272,119,153,326,133,193,387,153,234,401,167,234,462,200,262,643,259,384,839,346,493,804,345,459
2022,Marzo,TETUÁN,7568,3249,4319,104,52,52,304,149,155,592,258,334,758,282,476,740,277,463,778,315,463,950,417,533,1004,436,568,1203,556,647,1135,507,628
2022,Marzo,CHAMBERÍ,4252,1774,2478,31,16,15,130,69,61,332,151,181,404,178,226,410,173,237,439,184,255,449,187,262,592,207,385,721,293,428,744,316,428
2022,Marzo,FUENCARRAL - EL PARDO,8463,3474,4989,92,49,43,313,148,165,578,255,323,704,289,415,729,279,450,1012,390,622,1146,468,678,1180,500,680,1385,584,801,1324,512,812
2022,Marzo,MONCLOA - ARAVACA,3854,1676,2178,27,16,11,123,66,57,311,138,173,318,142,176,345,136,209,375,142,233,449,199,250,501,215,286,737,333,404,668,289,379
2022,Marzo,LATINA,12710,5570,7140,209,102,107,638,325,313,968,416,552,1050,449,601,1246,512,734,1413,609,804,1507,646,861,1852,834,1018,2048,868,1180,1779,809,970
2022,Marzo,CARABANCHEL,15457,6685,8772,283,146,137,837,404,433,1281,575,706,1381,541,840,1464,595,869,1789,739,1050,2049,848,1201,2063,941,1122,2270,1011,1259,2040,885,1155
2022,Marzo,USERA,9253,3972,5281,234,121,113,663,294,369,765,328,437,885,363,522,904,367,537,972,397,575,1166,508,658,1254,557,697,1287,565,722,1123,472,651
2022,Marzo,PUENTE DE VALLECAS,17387,7771,9616,366,209,157,1107,555,552,1497,661,836,1765,740,1025,1800,750,1050,1819,752,1067,1967,903,1064,2089,981,1108,2588,1142,1446,2389,1078,1311
2022,Marzo,MORATALAZ,4837,2021,2816,74,36,38,269,133,136,432,185,247,396,179,217,390,143,247,459,188,271,524,203,321,645,264,381,879,367,512,769,323,446
2022,Marzo,CIUDAD LINEAL,9871,4241,5630,110,64,46,362,162,200,706,311,395,822,350,472,870,341,529,972,419,553,1080,476,604,1452,605,847,1738,762,976,1759,751,1008
2022,Marzo,HORTALEZA,7700,3129,4571,96,61,35,309,160,149,494,227,267,606,253,353,678,247,431,783,267,516,1005,379,626,1128,465,663,1336,534,802,1265,536,729
2022,Marzo,VILLAVERDE,10772,4473,6299,226,130,96,717,343,374,910,387,523,1036,385,651,1077,395,682,1256,519,737,1314,523,791,1383,560,823,1474,620,854,1379,611,768
2022,Marzo,VILLA DE VALLECAS,7038,2827,4211,163,79,84,445,217,228,574,236,338,721,277,444,806,319,487,864,310,554,952,373,579,820,318,502,876,350,526,817,348,469
2022,Marzo,VICÁLVARO,4496,1875,2621,126,57,69,294,150,144,361,169,192,421,167,254,410,161,249,445,184,261,577,206,371,652,261,391,678,296,382,532,224,308
2022,Marzo,SAN BLAS-CANILLEJAS,8532,3541,4991,149,86,63,435,221,214,603,261,342,686,283,403,730,294,436,760,284,476,950,354,596,1224,496,728,1540,635,905,1455,627,828
2022,Marzo,BARAJAS,1735,705,1030,16,10,6,63,38,25,95,43,52,131,54,77,166,54,112,195,67,128,258,98,160,236,112,124,282,107,175,293,122,171
2022,Abril,MADRID,154234,65752,88482,2382,1283,1099,7425,3674,3751,11933,5183,6750,13753,5636,8117,14560,5749,8811,16170,6545,9625,18621,7756,10865,20725,8943,11782,25153,10767,14386,23512,10216,13296
2022,Abril,CENTRO,6875,3507,3368,44,23,21,186,101,85,479,233,246,695,329,366,706,344,362,773,407,366,912,460,452,974,526,448,1071,559,512,1035,525,510
2022,Abril,ARGANZUELA,5836,2548,3288,35,21,14,186,96,90,455,205,250,528,226,302,562,239,323,601,237,364,697,290,407,746,337,409,1036,439,597,990,458,532
2022,Abril,RETIRO,3681,1534,2147,26,13,13,103,57,46,295,138,157,329,144,185,314,121,193,342,143,199,438,167,271,489,198,291,683,272,411,662,281,381
2022,Abril,SALAMANCA,4048,1654,2394,20,15,5,105,45,60,312,132,180,315,127,188,355,134,221,360,144,216,486,205,281,519,218,301,805,332,473,771,302,469
2022,Abril,CHAMARTÍN,4104,1680,2424,24,14,10,92,47,45,263,110,153,304,122,182,373,136,237,391,163,228,426,170,256,622,256,366,828,329,499,781,333,448
2022,Abril,TETUÁN,7363,3152,4211,106,53,53,307,142,165,573,245,328,714,265,449,720,273,447,740,305,435,903,405,498,997,431,566,1199,541,658,1104,492,612
2022,Abril,CHAMBERÍ,4149,1722,2427,33,19,14,125,55,70,345,155,190,372,172,200,402,171,231,409,162,247,435,183,252,572,197,375,716,294,422,740,314,426
2022,Abril,FUENCARRAL - EL PARDO,8233,3356,4877,94,48,46,290,139,151,564,247,317,670,275,395,713,274,439,961,357,604,1092,437,655,1136,484,652,1381,572,809,1332,523,809
2022,Abril,MONCLOA - ARAVACA,3697,1619,2078,31,18,13,128,70,58,271,132,139,289,117,172,306,121,185,359,138,221,438,196,242,498,214,284,735,337,398,642,276,366
2022,Abril,LATINA,12276,5349,6927,194,100,94,621,319,302,929,393,536,1019,430,589,1158,476,682,1370,580,790,1460,617,843,1769,800,969,1993,843,1150,1763,791,972
2022,Abril,CARABANCHEL,14905,6381,8524,269,136,133,816,400,416,1237,536,701,1287,503,784,1435,561,874,1689,683,1006,1930,800,1130,1980,898,1082,2248,989,1259,2014,875,1139
2022,Abril,USERA,8899,3818,5081,219,113,106,655,302,353,704,298,406,868,357,511,837,335,502,939,382,557,1111,485,626,1189,522,667,1251,543,708,1126,481,645
2022,Abril,PUENTE DE VALLECAS,16787,7429,9358,353,198,155,1057,545,512,1461,640,821,1722,725,997,1716,693,1023,1734,702,1032,1873,837,1036,1990,917,1073,2545,1118,1427,2336,1054,1282
2022,Abril,MORATALAZ,4716,1970,2746,73,42,31,252,127,125,405,174,231,378,173,205,416,151,265,434,175,259,516,197,319,641,264,377,857,358,499,744,309,435
2022,Abril,CIUDAD LINEAL,9541,4050,5491,110,65,45,353,165,188,680,303,377,770,324,446,838,329,509,917,387,530,1057,447,610,1358,564,794,1709,731,978,1749,735,1014
2022,Abril,HORTALEZA,7461,3008,4453,98,60,38,284,144,140,480,214,266,579,239,340,623,212,411,764,275,489,977,360,617,1067,441,626,1329,527,802,1260,536,724
2022,Abril,VILLAVERDE,10355,4293,6062,209,125,84,678,324,354,851,339,512,993,371,622,1059,385,674,1197,494,703,1248,505,743,1311,527,784,1446,607,839,1363,616,747
2022,Abril,VILLA DE VALLECAS,6852,2737,4115,158,76,82,419,209,210,581,236,345,678,246,432,758,301,457,859,306,553,915,357,558,801,306,495,876,362,514,807,338,469
2022,Abril,VICÁLVARO,4411,1820,2591,125,58,67,300,139,161,349,154,195,423,169,254,406,163,243,417,169,248,568,210,358,623,243,380,661,287,374,539,228,311
2022,Abril,SAN BLAS-CANILLEJAS,8325,3439,4886,142,76,66,405,211,194,594,254,340,689,274,415,705,283,422,743,285,458,880,325,555,1205,486,719,1496,623,873,1466,622,844
2022,Abril,BARAJAS,1720,686,1034,19,10,9,63,37,26,105,45,60,131,48,83,158,47,111,171,51,120,259,103,156,238,114,124,288,104,184,288,127,161
2022,Mayo,MADRID,147351,62645,84706,2243,1216,1027,6362,3163,3199,11318,4956,6362,12963,5287,7676,13815,5467,8348,15304,6090,9214,17736,7347,10389,19877,8495,11382,24598,10557,14041,23135,10067,13068
2022,Mayo,CENTRO,6545,3317,3228,38,20,18,156,78,78,478,226,252,640,289,351,670,329,341,705,350,355,854,445,409,949,509,440,1041,548,493,1014,523,491
2022,Mayo,ARGANZUELA,5641,2487,3154,32,20,12,145,81,64,437,206,231,504,230,274,552,226,326,585,233,352,649,266,383,714,323,391,1040,443,597,983,459,524
2022,Mayo,RETIRO,3422,1411,2011,20,9,11,77,40,37,254,119,135,288,122,166,282,115,167,318,129,189,398,155,243,470,188,282,672,265,407,643,269,374
2022,Mayo,SALAMANCA,3830,1546,2284,16,12,4,74,32,42,290,128,162,314,129,185,344,122,222,334,137,197,456,190,266,492,199,293,754,299,455,756,298,458
2022,Mayo,CHAMARTÍN,3951,1655,2296,22,11,11,84,44,40,268,119,149,278,114,164,313,115,198,377,147,230,420,186,234,603,253,350,820,340,480,766,326,440
2022,Mayo,TETUÁN,7025,2978,4047,100,50,50,238,108,130,521,210,311,666,240,426,682,259,423,698,281,417,898,394,504,954,423,531,1174,531,643,1094,482,612
2022,Mayo,CHAMBERÍ,3955,1653,2302,25,15,10,88,45,43,337,151,186,349,156,193,369,166,203,399,162,237,412,169,243,528,183,345,703,287,416,745,319,426
2022,Mayo,FUENCARRAL - EL PARDO,7879,3191,4688,91,43,48,237,119,118,531,241,290,634,258,376,661,252,409,917,332,585,1036,421,615,1075,451,624,1391,573,818,1306,501,805
2022,Mayo,MONCLOA - ARAVACA,3490,1499,1991,24,17,7,87,45,42,260,118,142,287,118,169,308,126,182,313,113,200,409,172,237,466,196,270,708,314,394,628,280,348
2022,Mayo,LATINA,11725,5041,6684,187,96,91,520,257,263,863,361,502,951,395,556,1095,450,645,1285,530,755,1392,577,815,1717,772,945,1976,820,1156,1739,783,956
2022,Mayo,CARABANCHEL,14148,6060,8088,259,134,125,715,355,360,1160,500,660,1226,483,743,1377,544,833,1582,636,946,1822,746,1076,1854,833,1021,2179,968,1211,1974,861,1113
2022,Mayo,USERA,8573,3671,4902,217,102,115,596,272,324,672,285,387,817,338,479,810,322,488,910,370,540,1064,460,604,1155,497,658,1221,544,677,1111,481,630
2022,Mayo,PUENTE DE VALLECAS,16103,7067,9036,344,193,151,954,487,467,1374,606,768,1606,663,943,1632,659,973,1642,655,987,1831,810,1021,1911,864,1047,2489,1089,1400,2320,1041,1279
2022,Mayo,MORATALAZ,4579,1915,2664,86,49,37,239,123,116,394,178,216,369,167,202,398,150,248,419,166,253,480,180,300,623,254,369,840,348,492,731,300,431
2022,Mayo,CIUDAD LINEAL,9111,3885,5226,103,63,40,321,158,163,681,308,373,758,320,438,777,294,483,862,357,505,992,419,573,1289,536,753,1636,712,924,1692,718,974
2022,Mayo,HORTALEZA,7077,2822,4255,91,56,35,208,109,99,462,215,247,542,224,318,585,196,389,719,256,463,926,331,595,998,389,609,1307,516,791,1239,530,709
2022,Mayo,VILLAVERDE,9767,4074,5693,194,128,66,562,274,288,779,313,466,935,358,577,1005,384,621,1144,469,675,1172,457,715,1276,515,761,1382,582,800,1318,594,724
2022,Mayo,VILLA DE VALLECAS,6627,2653,3974,135,67,68,407,210,197,547,225,322,644,241,403,720,271,449,838,286,552,886,347,539,795,308,487,849,357,492,806,341,465
2022,Mayo,VICÁLVARO,4243,1752,2491,109,56,53,247,112,135,355,157,198,394,146,248,397,165,232,396,162,234,529,198,331,626,246,380,653,288,365,537,222,315
2022,Mayo,SAN BLAS-CANILLEJAS,7994,3296,4698,136,66,70,351,182,169,556,243,313,641,251,390,699,280,419,694,259,435,851,323,528,1138,447,691,1476,626,850,1452,619,833
2022,Mayo,BARAJAS,1666,672,994,14,9,5,56,32,24,99,47,52,120,45,75,139,42,97,167,60,107,259,101,158,244,109,135,287,107,180,281,120,161
2022,Junio,MADRID,143903,60505,83398,2348,1264,1084,6273,3053,3220,10906,4717,6189,12473,5063,7410,13395,5195,8200,14782,5842,8940,17248,7039,10209,19517,8250,11267,24043,10183,13860,22918,9899,13019
2022,Junio,CENTRO,6270,3125,3145,40,21,19,159,81,78,414,183,231,633,287,346,612,296,316,665,319,346,815,415,400,925,487,438,1010,512,498,997,524,473
2022,Junio,ARGANZUELA,5587,2405,3182,37,24,13,163,87,76,406,183,223,510,244,266,546,212,334,606,235,371,610,241,369,708,307,401,1036,431,605,965,441,524
2022,Junio,RETIRO,3383,1428,1955,17,11,6,87,47,40,266,135,131,277,120,157,271,118,153,317,133,184,393,156,237,461,185,276,656,259,397,638,264,374
2022,Junio,SALAMANCA,3740,1508,2232,21,14,7,95,40,55,263,119,144,282,119,163,341,130,211,319,132,187,422,167,255,487,196,291,755,299,456,755,292,463
2022,Junio,CHAMARTÍN,3847,1577,2270,28,17,11,86,43,43,242,100,142,282,109,173,315,112,203,345,132,213,414,175,239,572,244,328,796,318,478,767,327,440
2022,Junio,TETUÁN,6792,2896,3896,96,48,48,223,116,107,513,226,287,627,222,405,658,252,406,670,270,400,874,375,499,930,402,528,1129,513,616,1072,472,600
2022,Junio,CHAMBERÍ,3988,1639,2349,26,19,7,97,45,52,347,145,202,369,154,215,355,152,203,400,171,229,429,166,263,530,195,335,705,286,419,730,306,424
2022,Junio,FUENCARRAL - EL PARDO,7693,3073,4620,89,42,47,257,120,137,539,245,294,617,245,372,638,225,413,864,320,544,1007,400,607,1034,431,603,1349,560,789,1299,485,814
2022,Junio,MONCLOA - ARAVACA,3430,1473,1957,26,19,7,104,56,48,251,112,139,282,125,157,308,127,181,310,111,199,381,155,226,455,192,263,699,306,393,614,270,344
2022,Junio,LATINA,11489,4877,6612,198,89,109,512,244,268,844,354,490,910,365,545,1061,423,638,1236,505,731,1358,556,802,1714,772,942,1953,809,1144,1703,760,943
2022,Junio,CARABANCHEL,13699,5776,7923,266,130,136,678,331,347,1095,460,635,1161,458,703,1331,520,811,1523,602,921,1771,729,1042,1852,810,1042,2084,899,1185,1938,837,1101
2022,Junio,USERA,8372,3589,4783,215,107,108,561,260,301,671,298,373,759,312,447,806,322,484,868,344,524,1020,431,589,1141,499,642,1199,528,671,1132,488,644
2022,Junio,PUENTE DE VALLECAS,16244,7068,9176,401,216,185,975,482,493,1414,615,799,1590,658,932,1645,662,983,1685,676,1009,1834,815,1019,1905,844,1061,2499,1083,1416,2296,1017,1279
2022,Junio,MORATALAZ,4425,1834,2591,88,48,40,217,111,106,367,169,198,366,155,211,365,141,224,408,157,251,471,178,293,600,240,360,815,336,479,728,299,429
2022,Junio,CIUDAD LINEAL,8971,3809,5162,114,69,45,335,177,158,645,279,366,719,313,406,761,283,478,847,343,504,983,407,576,1261,510,751,1604,692,912,1702,736,966
2022,Junio,HORTALEZA,6893,2693,4200,83,51,32,217,108,109,447,193,254,515,199,316,560,183,377,683,246,437,903,320,583,994,381,613,1251,487,764,1240,525,715
2022,Junio,VILLAVERDE,9559,3876,5683,211,131,80,547,242,305,758,298,460,891,330,561,975,352,623,1090,437,653,1152,440,712,1272,518,754,1357,562,795,1306,566,740
2022,Junio,VILLA DE VALLECAS,6129,2422,3707,124,67,57,371,187,184,484,205,279,580,224,356,652,233,419,763,253,510,821,310,511,757,294,463,797,329,468,780,320,460
2022,Junio,VICÁLVARO,4079,1663,2416,104,57,47,236,103,133,338,138,200,382,146,236,378,151,227,373,156,217,515,195,320,579,211,368,642,285,357,532,221,311
2022,Junio,SAN BLAS-CANILLEJAS,7673,3132,4541,145,71,74,296,143,153,515,224,291,603,239,364,688,261,427,652,253,399,820,308,512,1102,427,675,1427,584,843,1425,622,803
2022,Junio,BARAJAS,1640,642,998,19,13,6,57,30,27,87,36,51,118,39,79,129,40,89,158,47,111,255,100,155,238,105,133,280,105,175,299,127,172
2022,Julio,MADRID,145369,60922,84447,2257,1233,1024,6029,2956,3073,11576,4930,6646,13014,5232,7782,13786,5364,8422,14972,5827,9145,17383,7143,10240,19459,8174,11285,23889,10131,13758,23004,9932,13072
2022,Julio,CENTRO,6563,3297,3266,37,20,17,148,75,73,501,217,284,706,321,385,678,342,336,725,371,354,820,425,395,941,489,452,1028,526,502,979,511,468
2022,Julio,ARGANZUELA,5681,2399,3282,41,25,16,145,71,74,462,195,267,560,250,310,551,207,344,598,233,365,607,237,370,700,299,401,1033,428,605,984,454,530
2022,Julio,RETIRO,3453,1412,2041,15,10,5,76,38,38,283,130,153,290,120,170,297,121,176,318,126,192,400,160,240,471,183,288,658,257,401,645,267,378
2022,Julio,SALAMANCA,3810,1531,2279,15,9,6,75,34,41,277,119,158,315,130,185,330,131,199,319,122,197,451,179,272,501,192,309,764,300,464,763,315,448
2022,Julio,CHAMARTÍN,3890,1596,2294,24,15,9,77,35,42,254,108,146,318,130,188,344,125,219,334,124,210,414,175,239,552,228,324,815,334,481,758,322,436
2022,Julio,TETUÁN,6831,2847,3984,82,38,44,219,112,107,543,224,319,687,248,439,655,246,409,705,267,438,864,359,505,882,381,501,1120,494,626,1074,478,596
2022,Julio,CHAMBERÍ,3923,1589,2334,13,9,4,94,48,46,387,155,232,349,134,215,347,144,203,394,159,235,422,175,247,513,188,325,681,276,405,723,301,422
2022,Julio,FUENCARRAL - EL PARDO,7902,3137,4765,91,45,46,245,121,124,590,243,347,630,239,391,667,233,434,888,335,553,1032,411,621,1083,443,640,1341,565,776,1335,502,833
2022,Julio,MONCLOA - ARAVACA,3591,1523,2068,30,20,10,96,51,45,262,110,152,331,133,198,342,141,201,319,113,206,404,167,237,464,190,274,710,313,397,633,285,348
2022,Julio,LATINA,11563,4947,6616,184,94,90,474,251,223,894,361,533,960,394,566,1126,467,659,1287,532,755,1355,564,791,1686,734,952,1892,791,1101,1705,759,946
2022,Julio,CARABANCHEL,13912,5881,8031,255,133,122,685,325,360,1176,489,687,1209,479,730,1348,535,813,1545,592,953,1770,732,1038,1894,832,1062,2083,923,1160,1947,841,1106
2022,Julio,USERA,8379,3587,4792,214,112,102,545,256,289,695,314,381,769,320,449,828,332,496,897,342,555,1047,445,602,1106,482,624,1158,510,648,1120,474,646
2022,Julio,PUENTE DE VALLECAS,15799,6852,8947,385,216,169,900,444,456,1359,585,774,1557,641,916,1605,651,954,1612,638,974,1757,770,987,1897,847,1050,2420,1043,1377,2307,1017,1290
2022,Julio,MORATALAZ,4476,1848,2628,83,46,37,220,119,101,403,178,225,369,153,216,366,143,223,413,157,256,475,177,298,597,248,349,809,331,478,741,296,445
2022,Julio,CIUDAD LINEAL,8930,3752,5178,108,64,44,287,134,153,644,287,357,737,302,435,755,266,489,865,366,499,987,419,568,1237,499,738,1634,701,933,1676,714,962
2022,Julio,HORTALEZA,6935,2694,4241,91,48,43,208,99,109,461,198,263,523,207,316,614,198,416,692,231,461,919,341,578,955,372,583,1239,485,754,1233,515,718
2022,Julio,VILLAVERDE,9513,3877,5636,203,120,83,525,245,280,798,321,477,900,341,559,970,350,620,1019,406,613,1166,443,723,1246,520,726,1380,562,818,1306,569,737
2022,Julio,VILLA DE VALLECAS,6426,2530,3896,127,69,58,366,184,182,545,237,308,629,247,382,714,250,464,789,263,526,875,340,535,777,284,493,786,316,470,818,340,478
2022,Julio,VICÁLVARO,4272,1738,2534,102,56,46,262,122,140,343,144,199,422,148,274,401,167,234,425,163,262,518,196,322,618,228,390,647,289,358,534,225,309
2022,Julio,SAN BLAS-CANILLEJAS,7874,3231,4643,143,73,70,331,164,167,590,271,319,635,252,383,712,274,438,665,240,425,844,323,521,1102,433,669,1407,577,830,1445,624,821
2022,Julio,BARAJAS,1646,654,992,14,11,3,51,28,23,109,44,65,118,43,75,136,41,95,163,47,116,256,105,151,237,102,135,284,110,174,278,123,155
2022,Agosto,MADRID,146770,61626,85144,2277,1238,1039,6527,3165,3362,11827,5060,6767,13340,5412,7928,13882,5382,8500,15082,5930,9152,17443,7176,10267,19401,8153,11248,23874,10166,13708,23117,9944,13173
2022,Agosto,CENTRO,6716,3403,3313,39,22,17,177,87,90,528,242,286,742,340,402,692,343,349,764,398,366,815,422,393,923,492,431,1022,537,485,1014,520,494
2022,Agosto,ARGANZUELA,5840,2473,3367,51,29,22,172,81,91,494,211,283,588,263,325,563,216,347,622,248,374,612,236,376,718,317,401,1023,421,602,997,451,546
2022,Agosto,RETIRO,3552,1450,2102,15,11,4,96,46,50,303,139,164,320,135,185,308,127,181,324,130,194,403,150,253,479,194,285,675,261,414,629,257,372
2022,Agosto,SALAMANCA,3844,1541,2303,18,12,6,90,39,51,281,121,160,331,137,194,349,142,207,307,122,185,436,172,264,490,189,301,773,294,479,769,313,456
2022,Agosto,CHAMARTÍN,3895,1598,2297,24,11,13,90,37,53,257,112,145,330,144,186,324,115,209,343,121,222,408,174,234,543,228,315,821,339,482,755,317,438
2022,Agosto,TETUÁN,6940,2938,4002,79,38,41,248,124,124,549,229,320,716,264,452,667,250,417,707,286,421,859,366,493,906,395,511,1146,508,638,1063,478,585
2022,Agosto,CHAMBERÍ,3995,1619,2376,21,10,11,103,48,55,393,166,227,357,152,205,359,141,218,390,159,231,438,183,255,521,186,335,684,273,411,729,301,428
2022,Agosto,FUENCARRAL - EL PARDO,8016,3207,4809,86,44,42,265,136,129,611,253,358,682,269,413,674,242,432,892,336,556,1036,410,626,1088,439,649,1346,574,772,1336,504,832
2022,Agosto,MONCLOA - ARAVACA,3584,1504,2080,30,18,12,118,60,58,270,114,156,326,128,198,314,127,187,338,114,224,401,170,231,459,188,271,695,304,391,633,281,352
2022,Agosto,LATINA,11698,4989,6709,185,97,88,512,259,253,902,359,543,991,414,577,1143,477,666,1293,531,762,1356,565,791,1693,732,961,1901,792,1109,1722,763,959
2022,Agosto,CARABANCHEL,14058,5931,8127,279,160,119,724,346,378,1220,514,706,1231,494,737,1385,522,863,1537,601,936,1781,729,1052,1855,808,1047,2089,917,1172,1957,840,1117
2022,Agosto,USERA,8353,3608,4745,220,112,108,562,278,284,678,306,372,755,306,449,837,351,486,900,352,548,1042,439,603,1076,469,607,1165,521,644,1118,474,644
2022,Agosto,PUENTE DE VALLECAS,15793,6861,8932,374,196,178,931,443,488,1336,583,753,1539,651,888,1622,654,968,1631,661,970,1789,793,996,1888,835,1053,2397,1045,1352,2286,1000,1286
2022,Agosto,MORATALAZ,4498,1842,2656,87,46,41,229,119,110,415,181,234,391,154,237,356,139,217,414,160,254,470,169,301,589,240,349,799,332,467,748,302,446
2022,Agosto,CIUDAD LINEAL,9041,3834,5207,93,55,38,315,166,149,685,300,385,751,311,440,753,281,472,849,353,496,1014,438,576,1264,520,744,1634,703,931,1683,707,976
2022,Agosto,HORTALEZA,7093,2776,4317,98,56,42,244,107,137,503,212,291,548,224,324,620,206,414,702,231,471,930,340,590,944,367,577,1233,498,735,1271,535,736
2022,Agosto,VILLAVERDE,9458,3869,5589,185,113,72,531,243,288,796,322,474,893,337,556,948,339,609,1028,409,619,1156,450,706,1265,532,733,1346,559,787,1310,565,745
2022,Agosto,VILLA DE VALLECAS,6479,2541,3938,140,66,74,389,198,191,549,240,309,652,248,404,702,249,453,783,264,519,877,344,533,767,277,490,792,308,484,828,347,481
2022,Agosto,VICÁLVARO,4322,1749,2573,101,56,45,294,143,151,355,148,207,437,148,289,412,164,248,427,163,264,532,202,330,602,214,388,622,275,347,540,236,304
2022,Agosto,SAN BLAS-CANILLEJAS,7942,3245,4697,134,73,61,373,168,205,594,262,332,641,248,393,717,261,456,674,248,426,848,330,518,1095,429,666,1422,595,827,1444,631,813
2022,Agosto,BARAJAS,1653,648,1005,18,13,5,64,37,27,108,46,62,119,45,74,137,36,101,157,43,114,240,94,146,236,102,134,289,110,179,285,122,163
2022,Septiembre,MADRID,146265,61894,84371,2505,1372,1133,6684,3318,3366,11659,5123,6536,12917,5329,7588,13689,5304,8385,14975,5882,9093,17304,7173,10131,19261,8148,11113,23973,10216,13757,23298,10029,13269
2022,Septiembre,CENTRO,6520,3328,3192,38,22,16,189,96,93,497,225,272,650,297,353,652,326,326,706,365,341,813,430,383,936,496,440,1043,552,491,996,519,477
2022,Septiembre,ARGANZUELA,5750,2464,3286,42,25,17,177,91,86,485,219,266,579,255,324,525,209,316,614,248,366,618,242,376,696,304,392,1017,420,597,997,451,546
2022,Septiembre,RETIRO,3493,1429,2064,20,15,5,101,51,50,290,149,141,291,115,176,303,119,184,332,136,196,395,143,252,472,187,285,668,261,407,621,253,368
2022,Septiembre,SALAMANCA,3788,1551,2237,26,15,11,100,54,46,279,125,154,312,147,165,338,134,204,301,118,183,434,171,263,478,184,294,755,285,470,765,318,447
2022,Septiembre,CHAMARTÍN,3790,1585,2205,33,20,13,87,42,45,238,109,129,293,146,147,322,115,207,338,119,219,390,167,223,536,225,311,777,317,460,776,325,451
2022,Septiembre,TETUÁN,6956,2968,3988,83,41,42,269,141,128,554,224,330,680,266,414,667,245,422,713,284,429,861,363,498,906,407,499,1151,508,643,1072,489,583
2022,Septiembre,CHAMBERÍ,3870,1582,2288,24,8,16,102,57,45,383,147,236,320,154,166,357,145,212,363,150,213,426,181,245,513,183,330,662,260,402,720,297,423
2022,Septiembre,FUENCARRAL - EL PARDO,7842,3130,4712,81,41,40,283,132,151,549,240,309,661,249,412,641,230,411,859,316,543,996,388,608,1059,439,620,1366,587,779,1347,508,839
2022,Septiembre,MONCLOA - ARAVACA,3600,1568,2032,40,22,18,108,59,49,289,141,148,307,127,180,300,119,181,343,128,215,401,175,226,464,202,262,711,310,401,637,285,352
2022,Septiembre,LATINA,11779,5068,6711,209,108,101,549,283,266,917,400,517,970,408,562,1142,478,664,1280,519,761,1343,566,777,1653,718,935,1957,829,1128,1759,759,1000
2022,Septiembre,CARABANCHEL,14134,6011,8123,317,190,127,749,361,388,1214,517,697,1226,482,744,1359,528,831,1512,594,918,1788,740,1048,1851,816,1035,2099,913,1186,2019,870,1149
2022,Septiembre,USERA,8446,3645,4801,234,120,114,573,272,301,702,320,382,728,296,432,823,349,474,917,352,565,1054,451,603,1092,483,609,1169,517,652,1154,485,669
2022,Septiembre,PUENTE DE VALLECAS,15885,6938,8947,394,205,189,949,447,502,1329,604,725,1564,676,888,1594,632,962,1626,669,957,1808,790,1018,1893,843,1050,2412,1055,1357,2316,1017,1299
2022,Septiembre,MORATALAZ,4456,1836,2620,91,49,42,230,129,101,407,187,220,377,156,221,338,135,203,421,165,256,469,164,305,587,227,360,797,329,468,739,295,444
2022,Septiembre,CIUDAD LINEAL,9109,3874,5235,122,75,47,337,179,158,658,284,374,753,318,435,772,275,497,867,350,517,995,444,551,1254,521,733,1640,708,932,1711,720,991
2022,Septiembre,HORTALEZA,6878,2744,4134,83,49,34,238,126,112,452,193,259,504,208,296,601,203,398,676,236,440,895,338,557,941,360,581,1209,497,712,1279,534,745
2022,Septiembre,VILLAVERDE,9566,3925,5641,220,122,98,555,255,300,822,331,491,912,350,562,959,351,608,1048,401,647,1152,454,698,1220,516,704,1375,576,799,1303,569,734
2022,Septiembre,VILLA DE VALLECAS,6438,2555,3883,161,79,82,396,194,202,532,231,301,624,243,381,702,241,461,771,273,498,865,353,512,778,287,491,799,306,493,810,348,462
2022,Septiembre,VICÁLVARO,4354,1768,2586,106,57,49,280,142,138,386,166,220,420,148,272,408,158,250,430,164,266,537,200,337,608,218,390,630,279,351,549,236,313
2022,Septiembre,SAN BLAS-CANILLEJAS,7976,3279,4697,154,91,63,355,172,183,566,261,305,641,255,386,740,270,470,700,249,451,825,322,503,1103,437,666,1440,593,847,1452,629,823
2022,Septiembre,BARAJAS,1635,646,989,27,18,9,57,35,22,110,50,60,105,33,72,146,42,104,158,46,112,239,91,148,221,95,126,296,114,182,276,122,154
2022,Octubre,MADRID,146174,61795,84379,2405,1335,1070,6828,3356,3472,11426,5061,6365,12853,5247,7606,13470,5289,8181,14861,5877,8984,17111,7058,10053,19393,8184,11209,24226,10241,13985,23601,10147,13454
2022,Octubre,CENTRO,6484,3316,3168,35,23,12,184,96,88,488,224,264,641,299,342,660,329,331,695,350,345,819,438,381,908,482,426,1046,549,497,1008,526,482
2022,Octubre,ARGANZUELA,5661,2445,3216,45,28,17,194,101,93,474,222,252,566,253,313,507,207,300,598,238,360,591,240,351,690,297,393,993,409,584,1003,450,553
2022,Octubre,RETIRO,3474,1420,2054,27,20,7,95,51,44,268,132,136,307,124,183,300,124,176,321,134,187,386,141,245,469,182,287,660,251,409,641,261,380
2022,Octubre,SALAMANCA,3762,1525,2237,27,17,10,93,48,45,284,124,160,320,137,183,335,138,197,310,120,190,411,169,242,473,177,296,740,282,458,769,313,456
2022,Octubre,CHAMARTÍN,3736,1537,2199,29,15,14,94,49,45,241,115,126,282,122,160,289,102,187,346,120,226,384,163,221,526,216,310,793,321,472,752,314,438
2022,Octubre,TETUÁN,6967,2951,4016,82,40,42,280,144,136,529,224,305,665,257,408,637,222,415,691,278,413,874,363,511,936,413,523,1179,518,661,1094,492,602
2022,Octubre,CHAMBERÍ,3864,1575,2289,23,8,15,102,52,50,373,149,224,321,154,167,353,145,208,365,149,216,412,171,241,507,174,333,663,267,396,745,306,439
2022,Octubre,FUENCARRAL - EL PARDO,7822,3180,4642,87,48,39,276,134,142,538,253,285,651,247,404,633,223,410,847,323,524,960,378,582,1070,457,613,1378,590,788,1382,527,855
2022,Octubre,MONCLOA - ARAVACA,3500,1532,1968,31,15,16,118,65,53,261,123,138,303,129,174,294,113,181,328,127,201,379,159,220,447,201,246,711,316,395,628,284,344
2022,Octubre,LATINA,11787,5048,6739,204,107,97,528,247,281,906,414,492,958,407,551,1091,469,622,1295,508,787,1355,562,793,1680,721,959,1997,845,1152,1773,768,1005
2022,Octubre,CARABANCHEL,14171,6055,8116,304,185,119,770,364,406,1195,506,689,1213,491,722,1339,532,807,1523,615,908,1763,730,1033,1877,828,1049,2143,916,1227,2044,888,1156
2022,Octubre,USERA,8487,3639,4848,207,107,100,583,287,296,735,338,397,752,292,460,831,358,473,884,361,523,1050,430,620,1121,483,638,1166,503,663,1158,480,678
2022,Octubre,PUENTE DE VALLECAS,15989,6977,9012,382,204,178,992,475,517,1318,598,720,1542,650,892,1587,641,946,1632,663,969,1802,793,1009,1902,840,1062,2467,1069,1398,2365,1044,1321
2022,Octubre,MORATALAZ,4441,1843,2598,85,40,45,235,127,108,383,185,198,370,159,211,362,140,222,399,164,235,452,164,288,582,227,355,827,339,488,746,298,448
2022,Octubre,CIUDAD LINEAL,9127,3857,5270,102,68,34,376,191,185,659,294,365,737,298,439,755,260,495,841,341,500,996,434,562,1269,527,742,1641,702,939,1751,742,1009
2022,Octubre,HORTALEZA,6863,2735,4128,81,50,31,238,123,115,437,187,250,512,212,300,592,209,383,669,231,438,866,322,544,960,380,580,1231,497,734,1277,524,753
2022,Octubre,VILLAVERDE,9617,3897,5720,216,120,96,559,247,312,746,287,459,927,341,586,959,348,611,1088,435,653,1142,442,700,1255,520,735,1392,575,817,1333,582,751
2022,Octubre,VILLA DE VALLECAS,6473,2562,3911,162,79,83,401,196,205,527,219,308,624,238,386,711,259,452,785,276,509,855,330,525,760,282,478,829,327,502,819,356,463
2022,Octubre,VICÁLVARO,4351,1760,2591,102,56,46,259,129,130,395,171,224,412,143,269,402,166,236,408,155,253,553,212,341,613,224,389,638,269,369,569,235,334
2022,Octubre,SAN BLAS-CANILLEJAS,8007,3300,4707,153,90,63,395,192,203,560,250,310,650,259,391,695,266,429,677,243,434,829,325,504,1138,458,680,1441,581,860,1469,636,833
2022,Octubre,BARAJAS,1591,641,950,21,15,6,56,38,18,109,46,63,100,35,65,138,38,100,159,46,113,232,92,140,210,95,115,291,115,176,275,121,154
2022,Noviembre,MADRID,143465,60941,82524,2267,1260,1007,6689,3279,3410,11074,4931,6143,12604,5220,7384,13178,5218,7960,14547,5821,8726,16627,6980,9647,18988,8018,10970,23935,10147,13788,23556,10067,13489
2022,Noviembre,CENTRO,6159,3073,3086,37,23,14,178,82,96,443,196,247,627,295,332,649,308,341,642,311,331,741,387,354,860,447,413,1010,522,488,972,502,470
2022,Noviembre,ARGANZUELA,5509,2409,3100,41,28,13,178,84,94,438,214,224,529,241,288,492,199,293,595,245,350,587,239,348,673,296,377,977,403,574,999,460,539
2022,Noviembre,RETIRO,3395,1408,1987,22,17,5,86,49,37,253,129,124,293,122,171,294,124,170,326,144,182,381,139,242,467,189,278,648,250,398,625,245,380
2022,Noviembre,SALAMANCA,3767,1550,2217,32,20,12,100,53,47,284,126,158,317,145,172,325,137,188,324,120,204,403,170,233,475,183,292,740,278,462,767,318,449
2022,Noviembre,CHAMARTÍN,3760,1567,2193,19,7,12,108,55,53,240,117,123,280,120,160,295,106,189,342,129,213,400,172,228,535,225,310,786,318,468,755,318,437
2022,Noviembre,TETUÁN,6718,2867,3851,79,40,39,260,137,123,493,206,287,613,240,373,605,210,395,674,280,394,827,350,477,893,402,491,1173,519,654,1101,483,618
2022,Noviembre,CHAMBERÍ,3933,1642,2291,22,7,15,123,57,66,345,144,201,346,159,187,366,175,191,371,155,216,421,183,238,515,187,328,669,263,406,755,312,443
2022,Noviembre,FUENCARRAL - EL PARDO,7689,3147,4542,84,43,41,293,134,159,553,256,297,625,245,380,623,237,386,816,326,490,914,371,543,1041,440,601,1360,575,785,1380,520,860
2022,Noviembre,MONCLOA - ARAVACA,3497,1527,1970,27,14,13,124,64,60,283,143,140,307,139,168,298,105,193,330,123,207,362,150,212,454,204,250,694,311,383,618,274,344
2022,Noviembre,LATINA,11639,5056,6583,192,107,85,546,256,290,881,387,494,957,411,546,1063,465,598,1279,520,759,1332,582,750,1654,715,939,1968,833,1135,1767,780,987
2022,Noviembre,CARABANCHEL,13904,5931,7973,283,165,118,776,358,418,1142,492,650,1188,501,687,1320,525,795,1497,605,892,1729,722,1007,1827,788,1039,2080,891,1189,2062,884,1178
2022,Noviembre,USERA,8350,3576,4774,183,93,90,569,286,283,724,327,397,753,284,469,803,345,458,856,343,513,1026,428,598,1104,484,620,1155,507,648,1177,479,698
2022,Noviembre,PUENTE DE VALLECAS,16120,7080,9040,380,217,163,983,495,488,1327,589,738,1571,659,912,1620,667,953,1650,665,985,1820,819,1001,1897,850,1047,2488,1084,1404,2384,1035,1349
2022,Noviembre,MORATALAZ,4296,1802,2494,85,46,39,228,121,107,364,178,186,361,156,205,346,133,213,382,154,228,439,170,269,557,218,339,797,328,469,737,298,439
2022,Noviembre,CIUDAD LINEAL,9038,3831,5207,96,58,38,375,197,178,657,309,348,751,308,443,741,257,484,821,327,494,957,414,543,1245,521,724,1655,712,943,1740,728,1012
2022,Noviembre,HORTALEZA,6706,2691,4015,82,47,35,219,123,96,407,173,234,484,202,282,567,203,364,648,233,415,861,322,539,940,375,565,1225,494,731,1273,519,754
2022,Noviembre,VILLAVERDE,9419,3867,5552,216,116,100,521,239,282,725,291,434,900,342,558,938,336,602,1072,432,640,1103,441,662,1244,520,724,1367,577,790,1333,573,760
2022,Noviembre,VILLA DE VALLECAS,5957,2336,3621,130,61,69,349,168,181,494,210,284,560,216,344,614,214,400,718,252,466,779,307,472,706,247,459,806,318,488,801,343,458
2022,Noviembre,VICÁLVARO,4130,1689,2441,90,49,41,242,118,124,364,160,204,373,127,246,383,167,216,382,150,232,497,191,306,603,218,385,628,272,356,568,237,331
2022,Noviembre,SAN BLAS-CANILLEJAS,7888,3249,4639,145,86,59,372,167,205,560,238,322,645,268,377,695,265,430,677,256,421,821,337,484,1089,419,670,1420,578,842,1464,635,829
2022,Noviembre,BARAJAS,1591,643,948,22,16,6,59,36,23,97,46,51,124,40,84,141,40,101,145,51,94,227,86,141,209,90,119,289,114,175,278,124,154
2022,Diciembre,MADRID,140654,60260,80394,1939,1091,848,6179,3072,3107,10561,4718,5843,12356,5253,7103,12896,5209,7687,14355,5843,8512,16404,6941,9463,18887,8045,10842,23712,10117,13595,23365,9971,13394
2022,Diciembre,CENTRO,6056,3038,3018,28,17,11,166,76,90,404,178,226,621,289,332,645,324,321,638,304,334,742,392,350,870,456,414,1005,524,481,937,478,459
2022,Diciembre,ARGANZUELA,5451,2374,3077,42,26,16,172,81,91,417,192,225,521,251,270,491,196,295,592,265,327,591,230,361,663,298,365,972,392,580,990,443,547
2022,Diciembre,RETIRO,3336,1386,1950,15,11,4,85,51,34,240,121,119,284,122,162,293,124,169,313,146,167,373,138,235,464,185,279,644,246,398,625,242,383
2022,Diciembre,SALAMANCA,3697,1531,2166,26,16,10,99,54,45,275,121,154,313,146,167,301,126,175,331,122,209,403,165,238,459,179,280,727,278,449,763,324,439
2022,Diciembre,CHAMARTÍN,3707,1571,2136,13,8,5,91,46,45,234,113,121,296,136,160,289,106,183,326,121,205,413,185,228,533,224,309,754,309,445,758,323,435
2022,Diciembre,TETUÁN,6594,2815,3779,83,38,45,233,115,118,477,212,265,607,239,368,601,214,387,654,275,379,807,336,471,891,393,498,1149,518,631,1092,475,617
2022,Diciembre,CHAMBERÍ,3845,1617,2228,19,10,9,119,50,69,330,144,186,332,159,173,338,159,179,369,158,211,411,179,232,500,183,317,668,262,406,759,313,446
2022,Diciembre,FUENCARRAL - EL PARDO,7516,3107,4409,65,37,28,264,132,132,507,236,271,609,247,362,634,249,385,785,302,483,894,367,527,1036,433,603,1351,581,770,1371,523,848
2022,Diciembre,MONCLOA - ARAVACA,3428,1505,1923,23,14,9,104,52,52,275,133,142,284,129,155,291,105,186,333,130,203,371,166,205,449,201,248,681,305,376,617,270,347
2022,Diciembre,LATINA,11364,4977,6387,166,100,66,485,239,246,856,372,484,917,408,509,1040,456,584,1263,526,737,1324,581,743,1645,722,923,1926,819,1107,1742,754,988
2022,Diciembre,CARABANCHEL,13624,5890,7734,247,146,101,721,344,377,1081,482,599,1186,517,669,1293,519,774,1488,607,881,1679,708,971,1830,799,1031,2080,906,1174,2019,862,1157
2022,Diciembre,USERA,8163,3564,4599,164,80,84,507,264,243,715,320,395,761,305,456,777,345,432,847,349,498,979,420,559,1111,502,609,1150,504,646,1152,475,677
2022,Diciembre,PUENTE DE VALLECAS,15863,7031,8832,330,188,142,921,467,454,1286,589,697,1506,609,897,1605,683,922,1668,690,978,1804,814,990,1881,865,1016,2492,1095,1397,2370,1031,1339
2022,Diciembre,MORATALAZ,4210,1759,2451,79,40,39,199,98,101,338,154,184,336,154,182,346,131,215,391,166,225,428,166,262,575,230,345,775,323,452,743,297,446
2022,Diciembre,CIUDAD LINEAL,8864,3810,5054,74,46,28,367,192,175,612,281,331,757,324,433,707,258,449,789,330,459,942,428,514,1250,520,730,1661,711,950,1705,720,985
2022,Diciembre,HORTALEZA,6673,2698,3975,72,41,31,199,113,86,421,190,231,494,208,286,557,207,350,630,225,405,841,308,533,944,374,570,1219,487,732,1296,545,751
2022,Diciembre,VILLAVERDE,9192,3871,5321,195,111,84,478,227,251,674,294,380,867,332,535,915,345,570,1042,430,612,1102,443,659,1220,524,696,1347,579,768,1352,586,766
2022,Diciembre,VILLA DE VALLECAS,5790,2278,3512,99,47,52,338,165,173,452,184,268,560,224,336,596,212,384,714,248,466,772,306,466,703,250,453,778,309,469,778,333,445
2022,Diciembre,VICÁLVARO,4049,1639,2410,71,37,34,225,108,117,343,147,196,356,128,228,364,151,213,385,151,234,502,200,302,598,211,387,634,270,364,571,236,335
2022,Diciembre,SAN BLAS-CANILLEJAS,7720,3198,4522,113,67,46,351,165,186,540,217,323,632,283,349,668,255,413,665,258,407,814,330,484,1065,411,654,1417,590,827,1455,622,833
2022,Diciembre,BARAJAS,1512,601,911,15,11,4,55,33,22,84,38,46,117,43,74,145,44,101,132,40,92,212,79,133,200,85,115,282,109,173,270,119,151
,,,,,,,,,,,,,,,,,,,,,,,,,,,,,,,,,,,
,,,,,,,,,,,,,,,,,,,,,,,,,,,,,,,,,,,
Fuente: Servicio Público de Empleo Estatal Elaboración: Subdirección General de Estadística Ayuntamiento de Madrid,,,,,,,,,,,,,,,,,,,,,,,,,,,,,,,,,,,
2023,Enero,MADRID,145707,62459,83248,2043,1181,862,6882,3513,3369,11468,5131,6337,13166,5588,7578,13492,5405,8087,14887,6063,8824,16816,7102,9714,19281,8153,11128,24140,10283,13857,23532,10040,13492
2023,Enero,CENTRO,6424,3312,3112,35,21,14,177,102,75,453,213,240,651,314,337,707,353,354,708,357,351,792,426,366,888,470,418,1045,550,495,968,506,462
2023,Enero,ARGANZUELA,5642,2422,3220,48,33,15,182,88,94,458,212,246,566,260,306,538,208,330,600,248,352,594,233,361,682,294,388,980,404,576,994,442,552
2023,Enero,RETIRO,3392,1372,2020,15,10,5,90,51,39,266,129,137,302,132,170,286,117,169,326,134,192,388,133,255,457,181,276,636,236,400,626,249,377
2023,Enero,SALAMANCA,3872,1592,2280,26,13,13,119,55,64,299,136,163,341,165,176,338,140,198,336,131,205,403,163,240,477,180,297,769,297,472,764,312,452
2023,Enero,CHAMARTÍN,3763,1596,2167,20,10,10,76,41,35,263,108,155,292,134,158,297,124,173,341,132,209,405,174,231,535,226,309,755,308,447,779,339,440
2023,Enero,TETUÁN,6860,2948,3912,74,40,34,264,129,135,530,237,293,681,278,403,651,239,412,640,273,367,829,350,479,932,415,517,1164,509,655,1095,478,617
2023,Enero,CHAMBERÍ,3835,1616,2219,17,7,10,117,54,63,345,151,194,359,170,189,325,151,174,356,156,200,419,183,236,483,172,311,668,258,410,746,314,432
2023,Enero,FUENCARRAL - EL PARDO,7770,3187,4583,71,37,34,308,157,151,554,252,302,628,247,381,628,241,387,850,321,529,933,378,555,1084,462,622,1368,585,783,1346,507,839
2023,Enero,MONCLOA - ARAVACA,3516,1530,1986,23,15,8,125,73,52,267,112,155,305,136,169,291,114,177,344,136,208,392,180,212,456,189,267,682,298,384,631,277,354
2023,Enero,LATINA,11690,5145,6545,177,108,69,527,273,254,884,398,486,969,404,565,1115,487,628,1280,530,750,1340,595,745,1652,723,929,1977,844,1133,1769,783,986
2023,Enero,CARABANCHEL,14028,6017,8011,241,140,101,783,386,397,1184,526,658,1247,520,727,1350,521,829,1515,616,899,1717,730,987,1871,802,1069,2089,912,1177,2031,864,1167
2023,Enero,USERA,8465,3654,4811,177,86,91,584,294,290,735,313,422,797,333,464,818,348,470,880,358,522,981,428,553,1136,496,640,1200,526,674,1157,472,685
2023,Enero,PUENTE DE VALLECAS,16042,7044,8998,338,203,135,963,475,488,1396,626,770,1586,645,941,1617,657,960,1671,677,994,1785,794,991,1861,869,992,2480,1083,1397,2345,1015,1330
2023,Enero,MORATALAZ,4468,1890,2578,82,45,37,230,124,106,386,193,193,365,163,202,356,143,213,434,179,255,443,174,269,613,238,375,801,330,471,758,301,457
2023,Enero,CIUDAD LINEAL,9151,3960,5191,81,52,29,393,205,188,676,310,366,779,358,421,728,256,472,847,349,498,987,455,532,1281,524,757,1653,721,932,1726,730,996
2023,Enero,HORTALEZA,6875,2816,4059,73,45,28,258,133,125,452,212,240,519,226,293,581,223,358,632,236,396,861,311,550,959,390,569,1250,510,740,1290,530,760
2023,Enero,VILLAVERDE,9578,4064,5514,189,117,72,542,282,260,748,320,428,924,354,570,967,365,602,1090,458,632,1108,450,658,1257,530,727,1377,587,790,1376,601,775
2023,Enero,VILLA DE VALLECAS,6388,2529,3859,116,57,59,413,211,202,534,235,299,632,248,384,669,240,429,761,272,489,847,335,512,758,276,482,825,314,511,833,341,492
2023,Enero,VICÁLVARO,4422,1784,2638,88,46,42,284,144,140,389,162,227,421,159,262,400,159,241,424,173,251,538,199,339,616,212,404,678,290,388,584,240,344
2023,Enero,SAN BLAS-CANILLEJAS,7951,3341,4610,135,85,50,386,197,189,552,238,314,683,303,380,693,274,419,697,273,424,831,320,511,1087,425,662,1447,603,844,1440,623,817
2023,Enero,BARAJAS,1575,640,935,17,11,6,61,39,22,97,48,49,119,39,80,137,45,92,155,54,101,223,91,132,196,79,117,296,118,178,274,116,158
2023,Febrero,MADRID,148294,63566,84728,2337,1343,994,7323,3737,3586,11804,5340,6464,13495,5752,7743,13770,5565,8205,14998,6093,8905,17107,7139,9968,19490,8268,11222,24205,10252,13953,23765,10077,13688
2023,Febrero,CENTRO,6608,3387,3221,48,26,22,192,106,86,478,226,252,694,322,372,730,366,364,738,394,344,802,414,388,890,462,428,1053,558,495,983,513,470
2023,Febrero,ARGANZUELA,5723,2479,3244,46,32,14,233,115,118,486,220,266,564,272,292,523,203,320,589,234,355,624,241,383,703,312,391,959,406,553,996,444,552
2023,Febrero,RETIRO,3421,1395,2026,13,8,5,96,55,41,280,135,145,283,130,153,270,108,162,329,135,194,391,138,253,464,179,285,662,249,413,633,258,375
2023,Febrero,SALAMANCA,3838,1596,2242,26,13,13,117,53,64,303,134,169,329,161,168,326,149,177,328,126,202,399,165,234,486,184,302,752,295,457,772,316,456
2023,Febrero,CHAMARTÍN,3809,1602,2207,26,15,11,81,35,46,267,116,151,302,142,160,299,125,174,345,129,216,398,170,228,528,232,296,760,300,460,803,338,465
2023,Febrero,TETUÁN,7019,2995,4024,89,48,41,279,135,144,542,226,316,711,288,423,669,254,415,640,267,373,843,354,489,946,426,520,1189,520,669,1111,477,634
2023,Febrero,CHAMBERÍ,3907,1644,2263,17,9,8,128,61,67,343,151,192,369,173,196,360,162,198,372,157,215,409,179,230,501,187,314,658,255,403,750,310,440
2023,Febrero,FUENCARRAL - EL PARDO,7791,3237,4554,79,42,37,340,180,160,568,258,310,627,252,375,637,254,383,822,307,515,947,389,558,1095,476,619,1331,569,762,1345,510,835
2023,Febrero,MONCLOA - ARAVACA,3515,1544,1971,32,19,13,127,73,54,275,118,157,296,133,163,289,124,165,342,135,207,381,174,207,468,191,277,673,295,378,632,282,350
2023,Febrero,LATINA,11925,5264,6661,216,117,99,566,285,281,913,419,494,991,429,562,1154,507,647,1261,540,721,1379,618,761,1644,719,925,1982,840,1142,1819,790,1029
2023,Febrero,CARABANCHEL,14410,6201,8209,275,166,109,786,402,384,1239,565,674,1320,547,773,1390,530,860,1548,621,927,1754,742,1012,1926,834,1092,2097,912,1185,2075,882,1193
2023,Febrero,USERA,8639,3749,4890,215,119,96,632,318,314,744,337,407,808,348,460,850,358,492,884,355,529,1017,430,587,1126,497,629,1195,513,682,1168,474,694
2023,Febrero,PUENTE DE VALLECAS,16300,7105,9195,357,207,150,1036,502,534,1409,641,768,1606,651,955,1662,683,979,1710,690,1020,1786,782,1004,1873,867,1006,2485,1064,1421,2376,1018,1358
2023,Febrero,MORATALAZ,4497,1915,2582,80,43,37,257,144,113,384,188,196,370,163,207,365,149,216,419,176,243,458,166,292,612,248,364,793,333,460,759,305,454
2023,Febrero,CIUDAD LINEAL,9277,3990,5287,104,72,32,401,214,187,663,299,364,795,358,437,746,277,469,870,343,527,1021,464,557,1294,531,763,1692,729,963,1691,703,988
2023,Febrero,HORTALEZA,6915,2781,4134,85,46,39,282,147,135,427,193,234,535,232,303,591,214,377,652,237,415,873,312,561,951,384,567,1247,493,754,1272,523,749
2023,Febrero,VILLAVERDE,9928,4227,5701,232,140,92,598,317,281,815,354,461,971,376,595,972,369,603,1114,478,636,1139,452,687,1276,537,739,1394,585,809,1417,619,798
2023,Febrero,VILLA DE VALLECAS,6619,2601,4018,134,64,70,420,205,215,570,257,313,680,265,415,703,259,444,786,280,506,882,344,538,778,279,499,831,320,511,835,328,507
2023,Febrero,VICÁLVARO,4475,1832,2643,87,44,43,273,145,128,407,186,221,431,166,265,400,154,246,417,178,239,544,204,340,633,218,415,686,286,400,597,251,346
2023,Febrero,SAN BLAS-CANILLEJAS,8090,3384,4706,152,99,53,414,211,203,584,265,319,698,302,396,701,278,423,680,256,424,834,313,521,1093,424,669,1471,608,863,1463,628,835
2023,Febrero,BARAJAS,1588,638,950,24,14,10,65,34,31,107,52,55,115,42,73,133,42,91,152,55,97,226,88,138,203,81,122,295,122,173,268,108,160
2023,Marzo,MADRID,149263,63847,85416,2524,1430,1094,7747,3892,3855,12055,5441,6614,13515,5800,7715,13821,5607,8214,15001,6051,8950,17077,7097,9980,19491,8204,11287,24186,10226,13960,23846,10099,13747
2023,Marzo,CENTRO,6590,3405,3185,51,23,28,219,116,103,496,245,251,682,326,356,697,366,331,743,389,354,797,410,387,892,462,430,1039,564,475,974,504,470
2023,Marzo,ARGANZUELA,5734,2455,3279,50,32,18,238,121,117,470,211,259,565,263,302,546,218,328,571,209,362,645,256,389,678,302,376,972,400,572,999,443,556
2023,Marzo,RETIRO,3400,1401,1999,22,15,7,96,51,45,267,124,143,294,148,146,264,104,160,318,131,187,377,141,236,468,180,288,668,257,411,626,250,376
2023,Marzo,SALAMANCA,3886,1628,2258,30,18,12,125,55,70,303,138,165,337,163,174,323,146,177,330,126,204,414,175,239,486,189,297,764,302,462,774,316,458
2023,Marzo,CHAMARTÍN,3838,1615,2223,29,14,15,87,41,46,268,119,149,321,144,177,287,122,165,360,136,224,390,170,220,530,229,301,759,307,452,807,333,474
2023,Marzo,TETUÁN,7061,3024,4037,98,50,48,316,145,171,572,260,312,704,298,406,660,257,403,651,268,383,816,343,473,935,405,530,1184,523,661,1125,475,650
2023,Marzo,CHAMBERÍ,3900,1659,2241,17,10,7,136,68,68,330,142,188,392,183,209,354,165,189,369,151,218,418,185,233,504,190,314,640,258,382,740,307,433
2023,Marzo,FUENCARRAL - EL PARDO,7881,3265,4616,93,44,49,349,183,166,561,264,297,639,249,390,641,251,390,822,321,501,954,391,563,1123,476,647,1347,577,770,1352,509,843
2023,Marzo,MONCLOA - ARAVACA,3514,1550,1964,35,24,11,126,70,56,281,121,160,284,136,148,292,112,180,343,138,205,383,170,213,464,193,271,681,299,382,625,287,338
2023,Marzo,LATINA,11998,5265,6733,234,121,113,595,306,289,921,406,515,1021,464,557,1118,483,635,1276,539,737,1383,619,764,1644,713,931,1989,828,1161,1817,786,1031
2023,Marzo,CARABANCHEL,14551,6217,8334,303,184,119,830,389,441,1248,555,693,1320,549,771,1404,556,848,1571,623,948,1746,733,1013,1933,825,1108,2113,903,1210,2083,900,1183
2023,Marzo,USERA,8780,3800,4980,224,131,93,663,328,335,780,360,420,793,334,459,853,366,487,904,354,550,1016,426,590,1130,497,633,1223,524,699,1194,480,714
2023,Marzo,PUENTE DE VALLECAS,16489,7187,9302,374,215,159,1099,534,565,1501,661,840,1601,671,930,1691,695,996,1670,676,994,1784,772,1012,1898,863,1035,2470,1068,1402,2401,1032,1369
2023,Marzo,MORATALAZ,4543,1925,2618,87,50,37,267,151,116,409,199,210,363,152,211,378,158,220,420,170,250,464,172,292,610,244,366,784,321,463,761,308,453
2023,Marzo,CIUDAD LINEAL,9282,3973,5309,121,81,40,413,205,208,662,310,352,795,360,435,752,288,464,876,348,528,997,445,552,1287,522,765,1684,712,972,1695,702,993
2023,Marzo,HORTALEZA,6906,2751,4155,84,48,36,299,158,141,431,198,233,537,223,314,603,208,395,651,234,417,878,304,574,934,383,551,1218,475,743,1271,520,751
2023,Marzo,VILLAVERDE,10032,4228,5804,232,136,96,634,322,312,858,366,492,976,378,598,997,375,622,1106,468,638,1147,461,686,1282,532,750,1392,585,807,1408,605,803
2023,Marzo,VILLA DE VALLECAS,6645,2627,4018,146,70,76,436,229,207,578,263,315,648,255,393,695,253,442,766,269,497,891,345,546,799,286,513,834,322,512,852,335,517
2023,Marzo,VICÁLVARO,4517,1855,2662,106,49,57,301,161,140,408,179,229,434,171,263,405,155,250,422,183,239,544,203,341,629,228,401,669,281,388,599,245,354
2023,Marzo,SAN BLAS-CANILLEJAS,8118,3382,4736,162,99,63,447,217,230,604,275,329,696,300,396,736,288,448,673,263,410,818,299,519,1066,403,663,1453,593,860,1463,645,818
2023,Marzo,BARAJAS,1598,635,963,26,16,10,71,42,29,107,45,62,113,33,80,125,41,84,159,55,104,215,77,138,199,82,117,303,127,176,280,117,163
2023,Abril,MADRID,146359,62513,83846,2371,1336,1035,7042,3582,3460,11713,5272,6441,13229,5668,7561,13646,5524,8122,14681,5866,8815,16823,7036,9787,19140,8046,11094,23881,10125,13756,23833,10058,13775
2023,Abril,CENTRO,6506,3360,3146,46,24,22,186,88,98,480,225,255,675,326,349,684,352,332,745,395,350,793,423,370,881,459,422,1039,566,473,977,502,475
2023,Abril,ARGANZUELA,5583,2435,3148,40,25,15,190,101,89,465,217,248,554,270,284,538,218,320,555,212,343,632,265,367,668,299,369,942,388,554,999,440,559
2023,Abril,RETIRO,3263,1326,1937,17,13,4,74,41,33,258,118,140,282,138,144,277,109,168,307,126,181,366,137,229,427,163,264,641,241,400,614,240,374
2023,Abril,SALAMANCA,3812,1605,2207,35,23,12,104,51,53,296,133,163,339,164,175,318,134,184,313,115,198,405,161,244,496,214,282,742,302,440,764,308,456
2023,Abril,CHAMARTÍN,3744,1572,2172,28,15,13,84,46,38,247,112,135,301,127,174,280,119,161,336,131,205,390,167,223,527,218,309,747,304,443,804,333,471
2023,Abril,TETUÁN,6893,2938,3955,91,49,42,290,139,151,534,235,299,672,285,387,664,258,406,643,261,382,786,320,466,932,406,526,1147,499,648,1134,486,648
2023,Abril,CHAMBERÍ,3806,1611,2195,12,6,6,118,57,61,317,131,186,379,186,193,345,154,191,368,150,218,411,179,232,486,181,305,642,262,380,728,305,423
2023,Abril,FUENCARRAL - EL PARDO,7679,3192,4487,81,43,38,295,156,139,535,260,275,629,243,386,656,256,400,777,302,475,954,390,564,1104,466,638,1297,573,724,1351,503,848
2023,Abril,MONCLOA - ARAVACA,3500,1526,1974,41,27,14,109,60,49,288,119,169,272,125,147,312,128,184,332,129,203,372,165,207,461,195,266,684,298,386,629,280,349
2023,Abril,LATINA,11731,5126,6605,212,103,109,551,289,262,921,403,518,987,452,535,1082,462,620,1262,530,732,1350,598,752,1599,690,909,1965,823,1142,1802,776,1026
2023,Abril,CARABANCHEL,14361,6122,8239,290,174,116,758,363,395,1215,543,672,1312,544,768,1414,549,865,1579,621,958,1719,744,975,1896,797,1099,2091,885,1206,2087,902,1185
2023,Abril,USERA,8564,3712,4852,212,118,94,617,301,316,773,355,418,773,333,440,833,373,460,885,335,550,981,417,564,1099,482,617,1203,517,686,1188,481,707
2023,Abril,PUENTE DE VALLECAS,16159,7011,9148,368,210,158,1018,500,518,1436,644,792,1573,665,908,1627,656,971,1612,644,968,1798,767,1031,1859,835,1024,2454,1057,1397,2414,1033,1381
2023,Abril,MORATALAZ,4482,1876,2606,91,50,41,245,138,107,395,182,213,359,150,209,372,147,225,413,169,244,446,166,280,595,244,351,804,330,474,762,300,462
2023,Abril,CIUDAD LINEAL,9152,3939,5213,113,76,37,361,184,177,667,312,355,771,351,420,766,296,470,838,331,507,997,463,534,1275,515,760,1662,703,959,1702,708,994
2023,Abril,HORTALEZA,6817,2731,4086,67,37,30,255,139,116,461,222,239,531,216,315,584,209,375,646,230,416,867,314,553,923,371,552,1197,470,727,1286,523,763
2023,Abril,VILLAVERDE,9835,4110,5725,219,125,94,622,314,308,817,335,482,948,352,596,987,384,603,1067,438,629,1138,453,685,1271,527,744,1384,583,801,1382,599,783
2023,Abril,VILLA DE VALLECAS,6566,2578,3988,128,61,67,424,216,208,549,253,296,633,245,388,681,247,434,759,261,498,904,351,553,806,285,521,830,327,503,852,332,520
2023,Abril,VICÁLVARO,4378,1801,2577,99,48,51,265,141,124,386,179,207,424,171,253,403,162,241,411,170,241,530,196,334,607,215,392,658,274,384,595,245,350
2023,Abril,SAN BLAS-CANILLEJAS,7968,3314,4654,163,99,64,410,216,194,576,245,331,704,289,415,694,271,423,684,264,420,773,283,490,1031,403,628,1457,602,855,1476,642,834
2023,Abril,BARAJAS,1560,628,932,18,10,8,66,42,24,97,49,48,111,36,75,129,40,89,149,52,97,211,77,134,197,81,116,295,121,174,287,120,167
2023,Mayo,MADRID,144220,60861,83359,2258,1238,1020,6613,3319,3294,11387,5056,6331,13091,5550,7541,13460,5367,8093,14301,5672,8629,16421,6795,9626,18968,7914,11054,23730,9958,13772,23991,9992,13999
2023,Mayo,CENTRO,6298,3216,3082,39,20,19,167,79,88,460,207,253,636,315,321,660,319,341,700,367,333,772,397,375,883,464,419,1008,539,469,973,509,464
2023,Mayo,ARGANZUELA,5469,2338,3131,31,19,12,181,94,87,447,205,242,550,259,291,521,217,304,526,196,330,599,247,352,674,286,388,914,372,542,1026,443,583
2023,Mayo,RETIRO,3235,1314,1921,19,14,5,69,37,32,255,116,139,281,134,147,278,121,157,293,124,169,349,133,216,443,162,281,629,230,399,619,243,376
2023,Mayo,SALAMANCA,3759,1579,2180,30,20,10,98,52,46,306,135,171,337,165,172,302,135,167,308,116,192,412,171,241,480,198,282,727,290,437,759,297,462
2023,Mayo,CHAMARTÍN,3738,1563,2175,22,9,13,71,36,35,241,108,133,320,142,178,298,130,168,325,121,204,406,172,234,508,214,294,746,297,449,801,334,467
2023,Mayo,TETUÁN,6839,2903,3936,91,50,41,258,128,130,538,246,292,666,281,385,666,257,409,645,260,385,758,306,452,931,404,527,1129,488,641,1157,483,674
2023,Mayo,CHAMBERÍ,3773,1585,2188,13,4,9,104,55,49,353,158,195,364,167,197,325,147,178,365,147,218,388,166,222,490,185,305,650,259,391,721,297,424
2023,Mayo,FUENCARRAL - EL PARDO,7536,3093,4443,80,46,34,260,131,129,555,246,309,627,252,375,652,237,415,757,295,462,919,386,533,1059,441,618,1271,560,711,1356,499,857
2023,Mayo,MONCLOA - ARAVACA,3450,1507,1943,34,23,11,106,60,46,247,104,143,271,122,149,298,115,183,316,130,186,380,164,216,466,202,264,684,300,384,648,287,361
2023,Mayo,LATINA,11486,4958,6528,199,98,101,526,253,273,893,399,494,966,433,533,1062,460,602,1221,508,713,1270,567,703,1575,663,912,1968,812,1156,1806,765,1041
2023,Mayo,CARABANCHEL,14091,5922,8169,274,169,105,743,342,401,1171,504,667,1300,534,766,1352,499,853,1521,597,924,1693,719,974,1887,808,1079,2059,866,1193,2091,884,1207
2023,Mayo,USERA,8498,3623,4875,187,100,87,613,303,310,722,321,401,776,328,448,821,363,458,863,324,539,968,398,570,1138,494,644,1219,513,706,1191,479,712
2023,Mayo,PUENTE DE VALLECAS,15892,6819,9073,352,184,168,967,473,494,1380,617,763,1530,622,908,1604,634,970,1562,615,947,1741,755,986,1872,833,1039,2460,1052,1408,2424,1034,1390
2023,Mayo,MORATALAZ,4436,1837,2599,86,48,38,213,115,98,367,166,201,384,164,220,373,156,217,410,175,235,446,165,281,586,226,360,787,319,468,784,303,481
2023,Mayo,CIUDAD LINEAL,8965,3801,5164,106,62,44,319,164,155,657,305,352,763,345,418,770,286,484,818,330,488,974,419,555,1236,498,738,1638,704,934,1684,688,996
2023,Mayo,HORTALEZA,6673,2630,4043,71,39,32,229,121,108,415,199,216,529,215,314,557,193,364,647,225,422,830,297,533,924,364,560,1190,463,727,1281,514,767
2023,Mayo,VILLAVERDE,9796,4024,5772,214,123,91,579,284,295,812,330,482,952,353,599,995,361,634,1077,444,633,1125,430,695,1237,505,732,1395,586,809,1410,608,802
2023,Mayo,VILLA DE VALLECAS,6524,2502,4022,134,66,68,407,209,198,539,225,314,633,238,395,690,251,439,742,249,493,882,341,541,789,269,520,834,322,512,874,332,542
2023,Mayo,VICÁLVARO,4343,1752,2591,105,51,54,268,126,142,383,167,216,417,160,257,408,164,244,382,150,232,539,206,333,586,214,372,665,277,388,590,237,353
2023,Mayo,SAN BLAS-CANILLEJAS,7872,3275,4597,154,83,71,372,214,158,554,252,302,671,279,392,707,283,424,667,254,413,764,279,485,1013,400,613,1466,594,872,1504,637,867
2023,Mayo,BARAJAS,1547,620,927,17,10,7,63,43,20,92,46,46,118,42,76,121,39,82,156,45,111,206,77,129,191,84,107,291,115,176,292,119,173
2023,Junio,MADRID,142896,60066,82830,2389,1309,1080,6497,3282,3215,11013,4861,6152,12902,5445,7457,13360,5343,8017,14204,5606,8598,16310,6686,9624,18652,7735,10917,23544,9844,13700,24025,9955,14070
2023,Junio,CENTRO,6300,3223,3077,50,29,21,161,73,88,453,204,249,652,331,321,651,317,334,696,364,332,753,377,376,891,464,427,1004,543,461,989,521,468
2023,Junio,ARGANZUELA,5453,2336,3117,35,23,12,184,102,82,440,191,249,567,272,295,535,223,312,517,199,318,587,236,351,666,284,382,901,366,535,1021,440,581
2023,Junio,RETIRO,3212,1297,1915,18,13,5,79,39,40,252,121,131,285,132,153,274,114,160,297,118,179,342,128,214,417,158,259,630,233,397,618,241,377
2023,Junio,SALAMANCA,3765,1564,2201,30,18,12,96,47,49,282,126,156,348,157,191,329,156,173,319,122,197,417,170,247,465,188,277,722,283,439,757,297,460
2023,Junio,CHAMARTÍN,3726,1552,2174,21,12,9,77,42,35,250,113,137,306,135,171,307,131,176,322,122,200,388,174,214,490,198,292,752,297,455,813,328,485
2023,Junio,TETUÁN,6750,2828,3922,82,51,31,244,121,123,540,227,313,663,267,396,657,243,414,644,253,391,750,300,450,888,373,515,1125,500,625,1157,493,664
2023,Junio,CHAMBERÍ,3721,1565,2156,17,5,12,108,65,43,325,144,181,345,153,192,327,154,173,350,142,208,395,167,228,483,183,300,654,256,398,717,296,421
2023,Junio,FUENCARRAL - EL PARDO,7528,3073,4455,87,49,38,260,133,127,527,234,293,628,257,371,628,240,388,761,279,482,911,381,530,1075,452,623,1290,549,741,1361,499,862
2023,Junio,MONCLOA - ARAVACA,3456,1521,1935,37,27,10,93,54,39,255,112,143,289,135,154,296,118,178,311,125,186,376,165,211,458,195,263,670,296,374,671,294,377
2023,Junio,LATINA,11364,4864,6500,209,106,103,536,257,279,838,382,456,932,389,543,1059,455,604,1198,509,689,1250,530,720,1556,647,909,1954,819,1135,1832,770,1062
2023,Junio,CARABANCHEL,13944,5808,8136,278,157,121,757,356,401,1143,479,664,1262,521,741,1346,507,839,1511,589,922,1711,717,994,1842,771,1071,2032,851,1181,2062,860,1202
2023,Junio,USERA,8396,3579,4817,204,112,92,584,286,298,691,305,386,750,332,418,802,346,456,879,330,549,971,404,567,1110,483,627,1208,500,708,1197,481,716
2023,Junio,PUENTE DE VALLECAS,15657,6727,8930,379,204,175,939,467,472,1336,600,736,1521,608,913,1555,617,938,1548,621,927,1710,737,973,1848,818,1030,2421,1036,1385,2400,1019,1381
2023,Junio,MORATALAZ,4366,1808,2558,73,38,35,218,119,99,348,157,191,367,158,209,357,149,208,417,173,244,469,174,295,567,225,342,770,311,459,780,304,476
2023,Junio,CIUDAD LINEAL,8912,3764,5148,126,78,48,314,176,138,632,295,337,775,355,420,758,275,483,803,313,490,965,401,564,1204,476,728,1637,698,939,1698,697,1001
2023,Junio,HORTALEZA,6678,2640,4038,88,40,48,228,122,106,432,207,225,534,216,318,559,209,350,624,216,408,848,304,544,899,349,550,1166,457,709,1300,520,780
2023,Junio,VILLAVERDE,9673,3956,5717,230,128,102,562,273,289,748,297,451,921,343,578,990,366,624,1070,434,636,1099,427,672,1248,511,737,1384,573,811,1421,604,817
2023,Junio,VILLA DE VALLECAS,6453,2485,3968,158,81,77,390,193,197,535,229,306,617,241,376,675,243,432,743,247,496,862,338,524,789,277,512,824,316,508,860,320,540
2023,Junio,VICÁLVARO,4322,1722,2600,94,46,48,269,122,147,375,170,205,409,152,257,415,155,260,391,165,226,539,199,340,584,212,372,658,273,385,588,228,360
2023,Junio,SAN BLAS-CANILLEJAS,7675,3146,4529,150,82,68,347,201,146,518,221,297,620,255,365,715,284,431,655,240,415,762,287,475,978,381,597,1444,567,877,1486,628,858
2023,Junio,BARAJAS,1545,608,937,23,10,13,51,34,17,93,47,46,111,36,75,125,41,84,148,45,103,205,70,135,194,90,104,298,120,178,297,115,182
2023,Julio,MADRID,141653,59537,82116,2356,1277,1079,6536,3266,3270,10911,4858,6053,12896,5443,7453,13248,5233,8015,14046,5558,8488,16143,6630,9513,18367,7662,10705,23264,9784,13480,23886,9826,14060
2023,Julio,CENTRO,6224,3227,2997,38,20,18,174,80,94,443,216,227,632,317,315,684,343,341,664,360,304,724,371,353,880,455,425,1009,548,461,976,517,459
2023,Julio,ARGANZUELA,5513,2368,3145,38,21,17,191,99,92,458,205,253,563,272,291,522,211,311,565,234,331,597,241,356,649,277,372,905,370,535,1025,438,587
2023,Julio,RETIRO,3308,1335,1973,14,9,5,89,45,44,261,132,129,327,146,181,293,121,172,305,122,183,345,135,210,425,147,278,627,240,387,622,238,384
2023,Julio,SALAMANCA,3831,1600,2231,24,13,11,118,58,60,314,142,172,362,164,198,314,151,163,324,127,197,397,155,242,471,190,281,728,294,434,779,306,473
2023,Julio,CHAMARTÍN,3708,1518,2190,25,13,12,90,48,42,226,88,138,324,143,181,323,139,184,298,108,190,402,174,228,482,203,279,719,283,436,819,319,500
2023,Julio,TETUÁN,6646,2764,3882,78,46,32,260,130,130,518,210,308,670,268,402,634,225,409,628,252,376,731,288,443,869,370,499,1108,485,623,1150,490,660
2023,Julio,CHAMBERÍ,3786,1592,2194,18,7,11,106,57,49,340,146,194,367,175,192,335,158,177,355,140,215,397,168,229,491,181,310,653,262,391,724,298,426
2023,Julio,FUENCARRAL - EL PARDO,7584,3113,4471,86,46,40,278,145,133,551,249,302,640,263,377,632,238,394,785,295,490,930,391,539,1063,450,613,1268,549,719,1351,487,864
2023,Julio,MONCLOA - ARAVACA,3514,1517,1997,43,26,17,98,53,45,259,117,142,309,138,171,290,114,176,314,122,192,376,149,227,470,198,272,669,299,370,686,301,385
2023,Julio,LATINA,11223,4768,6455,223,119,104,540,239,301,846,388,458,918,394,524,1050,439,611,1176,479,697,1235,522,713,1511,625,886,1894,791,1103,1830,772,1058
2023,Julio,CARABANCHEL,13679,5699,7980,305,166,139,734,351,383,1107,473,634,1257,517,740,1330,496,834,1450,560,890,1684,712,972,1786,759,1027,1996,835,1161,2030,830,1200
2023,Julio,USERA,8204,3536,4668,199,108,91,560,282,278,670,297,373,725,334,391,792,341,451,840,319,521,979,417,562,1073,471,602,1190,495,695,1176,472,704
2023,Julio,PUENTE DE VALLECAS,15199,6529,8670,354,193,161,920,451,469,1275,564,711,1472,573,899,1504,603,901,1496,590,906,1674,725,949,1772,815,957,2329,995,1334,2403,1020,1383
2023,Julio,MORATALAZ,4323,1788,2535,68,36,32,213,113,100,335,152,183,363,163,200,380,146,234,401,168,233,439,171,268,570,223,347,783,318,465,771,298,473
2023,Julio,CIUDAD LINEAL,8861,3707,5154,131,81,50,327,175,152,661,313,348,771,348,423,732,272,460,789,296,493,969,397,572,1157,454,703,1642,692,950,1682,679,1003
2023,Julio,HORTALEZA,6717,2675,4042,92,46,46,244,130,114,427,206,221,526,222,304,565,204,361,655,236,419,833,301,532,901,357,544,1172,462,710,1302,511,791
2023,Julio,VILLAVERDE,9363,3832,5531,220,127,93,524,254,270,732,301,431,897,332,565,947,339,608,1035,417,618,1071,427,644,1223,510,713,1323,548,775,1391,577,814
2023,Julio,VILLA DE VALLECAS,6386,2467,3919,145,71,74,392,192,200,495,219,276,620,226,394,674,235,439,754,273,481,864,336,528,790,281,509,833,336,497,819,298,521
2023,Julio,VICÁLVARO,4329,1734,2595,98,46,52,271,130,141,374,167,207,407,162,245,406,140,266,406,171,235,523,192,331,597,220,377,660,278,382,587,228,359
2023,Julio,SAN BLAS-CANILLEJAS,7669,3148,4521,137,70,67,356,200,156,527,228,299,620,245,375,708,275,433,652,245,407,758,285,473,984,386,598,1460,583,877,1467,631,836
2023,Julio,BARAJAS,1586,620,966,20,13,7,51,34,17,92,45,47,126,41,85,133,43,90,154,44,110,215,73,142,203,90,113,296,121,175,296,116,180
2023,Agosto,MADRID,142718,60175,82543,2361,1308,1053,6798,3383,3415,11404,5125,6279,13195,5600,7595,13413,5291,8122,14139,5658,8481,16190,6614,9576,18311,7669,10642,22979,9661,13318,23928,9866,14062
2023,Agosto,CENTRO,6415,3308,3107,45,22,23,165,79,86,490,235,255,675,337,338,692,351,341,674,357,317,777,401,376,906,457,449,1025,558,467,966,511,455
2023,Agosto,ARGANZUELA,5601,2405,3196,41,23,18,211,110,101,475,213,262,593,277,316,532,217,315,560,238,322,610,242,368,652,284,368,893,365,528,1034,436,598
2023,Agosto,RETIRO,3370,1389,1981,17,12,5,97,51,46,282,147,135,334,156,178,300,125,175,321,131,190,365,140,225,413,139,274,620,245,375,621,243,378
2023,Agosto,SALAMANCA,3829,1586,2243,23,15,8,119,59,60,315,143,172,348,150,198,311,141,170,330,126,204,408,158,250,466,193,273,728,292,436,781,309,472
2023,Agosto,CHAMARTÍN,3748,1552,2196,23,15,8,97,51,46,255,116,139,340,153,187,319,136,183,310,112,198,392,166,226,485,209,276,721,281,440,806,313,493
2023,Agosto,TETUÁN,6714,2819,3895,82,51,31,278,140,138,537,223,314,688,284,404,647,233,414,650,272,378,739,287,452,873,370,503,1081,469,612,1139,490,649
2023,Agosto,CHAMBERÍ,3832,1619,2213,19,10,9,108,58,50,354,162,192,382,185,197,361,173,188,369,146,223,392,160,232,482,179,303,636,250,386,729,296,433
2023,Agosto,FUENCARRAL - EL PARDO,7598,3110,4488,77,46,31,287,150,137,578,248,330,639,276,363,652,243,409,784,296,488,924,379,545,1061,449,612,1245,533,712,1351,490,861
2023,Agosto,MONCLOA - ARAVACA,3547,1517,2030,42,26,16,118,62,56,270,113,157,315,131,184,286,113,173,308,124,184,380,157,223,469,198,271,670,295,375,689,298,391
2023,Agosto,LATINA,11329,4831,6498,210,107,103,561,261,300,882,392,490,943,409,534,1046,447,599,1212,509,703,1205,496,709,1519,630,889,1907,803,1104,1844,777,1067
2023,Agosto,CARABANCHEL,13707,5718,7989,305,160,145,747,363,384,1161,500,661,1287,534,753,1347,496,851,1396,541,855,1697,722,975,1777,745,1032,1964,828,1136,2026,829,1197
2023,Agosto,USERA,8183,3509,4674,200,112,88,543,255,288,691,324,367,722,321,401,783,335,448,847,334,513,965,401,564,1072,462,610,1166,478,688,1194,487,707
2023,Agosto,PUENTE DE VALLECAS,15301,6572,8729,361,206,155,940,453,487,1316,594,722,1526,595,931,1538,602,936,1510,600,910,1702,727,975,1730,797,933,2270,978,1292,2408,1020,1388
2023,Agosto,MORATALAZ,4354,1804,2550,70,36,34,235,121,114,342,160,182,366,164,202,377,138,239,407,176,231,440,169,271,574,229,345,771,308,463,772,303,469
2023,Agosto,CIUDAD LINEAL,8905,3738,5167,127,81,46,338,188,150,691,322,369,786,350,436,757,284,473,793,298,495,929,385,544,1157,471,686,1609,667,942,1718,692,1026
2023,Agosto,HORTALEZA,6799,2720,4079,88,45,43,256,134,122,460,222,238,525,219,306,579,212,367,688,256,432,831,295,536,902,363,539,1168,456,712,1302,518,784
2023,Agosto,VILLAVERDE,9379,3873,5506,220,129,91,549,263,286,743,311,432,908,333,575,954,351,603,1012,405,607,1074,434,640,1198,499,699,1323,554,769,1398,594,804
2023,Agosto,VILLA DE VALLECAS,6424,2502,3922,142,68,74,389,178,211,512,229,283,639,247,392,689,242,447,742,272,470,868,337,531,792,294,498,819,331,488,832,304,528
2023,Agosto,VICÁLVARO,4376,1774,2602,88,43,45,293,145,148,405,182,223,415,169,246,407,141,266,414,173,241,509,194,315,601,223,378,651,273,378,593,231,362
2023,Agosto,SAN BLAS-CANILLEJAS,7744,3217,4527,160,88,72,406,226,180,537,236,301,643,265,378,710,274,436,665,248,417,773,297,476,990,395,595,1420,577,843,1440,611,829
2023,Agosto,BARAJAS,1563,612,951,21,13,8,61,36,25,108,53,55,121,45,76,126,37,89,147,44,103,210,67,143,192,83,109,292,120,172,285,114,171
2023,Septiembre,MADRID,143473,60446,83027,2451,1381,1070,7328,3693,3635,11355,5044,6311,13133,5522,7611,13329,5227,8102,14080,5561,8519,16127,6578,9549,18340,7707,10633,23103,9694,13409,24227,10039,14188
2023,Septiembre,CENTRO,6315,3245,3070,43,22,21,169,76,93,461,199,262,665,352,313,658,325,333,648,339,309,760,397,363,906,461,445,1033,561,472,972,513,459
2023,Septiembre,ARGANZUELA,5537,2384,3153,49,29,20,219,118,101,471,212,259,564,256,308,492,198,294,558,243,315,598,232,366,648,279,369,891,363,528,1047,454,593
2023,Septiembre,RETIRO,3271,1318,1953,17,9,8,105,44,61,255,122,133,307,135,172,278,120,158,299,121,178,362,142,220,410,145,265,621,235,386,617,245,372
2023,Septiembre,SALAMANCA,3839,1598,2241,27,15,12,146,72,74,298,126,172,343,141,202,318,146,172,333,131,202,393,154,239,459,188,271,734,302,432,788,323,465
2023,Septiembre,CHAMARTÍN,3696,1534,2162,20,15,5,100,55,45,229,105,124,301,134,167,328,141,187,303,108,195,399,162,237,488,204,284,720,284,436,808,326,482
2023,Septiembre,TETUÁN,6793,2842,3951,95,59,36,308,162,146,540,215,325,683,269,414,648,230,418,647,259,388,747,298,449,893,389,504,1092,471,621,1140,490,650
2023,Septiembre,CHAMBERÍ,3863,1596,2267,13,8,5,149,78,71,357,166,191,375,159,216,366,169,197,375,149,226,376,149,227,484,177,307,634,246,388,734,295,439
2023,Septiembre,FUENCARRAL - EL PARDO,7641,3162,4479,79,52,27,320,172,148,573,239,334,645,296,349,671,250,421,785,297,488,897,371,526,1046,448,598,1274,543,731,1351,494,857
2023,Septiembre,MONCLOA - ARAVACA,3501,1514,1987,42,26,16,117,62,55,258,114,144,315,130,185,289,112,177,308,129,179,368,155,213,462,202,260,654,285,369,688,299,389
2023,Septiembre,LATINA,11493,4899,6594,225,120,105,626,315,311,893,420,473,958,393,565,1066,448,618,1201,481,720,1224,497,727,1518,631,887,1905,808,1097,1877,786,1091
2023,Septiembre,CARABANCHEL,13955,5849,8106,294,157,137,804,394,410,1209,508,701,1312,547,765,1361,499,862,1419,541,878,1683,722,961,1811,773,1038,1996,849,1147,2066,859,1207
2023,Septiembre,USERA,8168,3452,4716,199,116,83,537,247,290,699,320,379,730,317,413,787,329,458,814,303,511,972,403,569,1063,452,611,1152,472,680,1215,493,722
2023,Septiembre,PUENTE DE VALLECAS,15453,6646,8807,379,213,166,1005,497,508,1315,583,732,1495,590,905,1524,601,923,1489,588,901,1753,728,1025,1763,806,957,2299,994,1305,2431,1046,1385
2023,Septiembre,MORATALAZ,4442,1835,2607,77,44,33,262,139,123,362,156,206,379,164,215,391,137,254,403,176,227,436,165,271,570,235,335,767,304,463,795,315,480
2023,Septiembre,CIUDAD LINEAL,8961,3785,5176,140,75,65,369,208,161,667,319,348,789,347,442,731,277,454,825,312,513,928,390,538,1153,483,670,1631,682,949,1728,692,1036
2023,Septiembre,HORTALEZA,6811,2761,4050,94,49,45,278,138,140,438,215,223,519,221,298,567,220,347,693,248,445,831,308,523,899,363,536,1171,464,707,1321,535,786
2023,Septiembre,VILLAVERDE,9529,3921,5608,223,135,88,565,283,282,787,340,447,908,341,567,952,347,605,1048,415,633,1087,434,653,1203,497,706,1350,547,803,1406,582,824
2023,Septiembre,VILLA DE VALLECAS,6471,2511,3960,139,73,66,417,193,224,535,232,303,647,249,398,689,242,447,715,256,459,865,333,532,797,292,505,811,328,483,856,313,543
2023,Septiembre,VICÁLVARO,4423,1785,2638,98,53,45,315,156,159,383,160,223,429,172,257,402,140,262,407,169,238,490,191,299,620,229,391,671,277,394,608,238,370
2023,Septiembre,SAN BLAS-CANILLEJAS,7766,3187,4579,173,93,80,443,243,200,528,240,288,647,268,379,692,260,432,659,245,414,753,283,470,965,371,594,1422,561,861,1484,623,861
2023,Septiembre,BARAJAS,1545,622,923,25,18,7,74,41,33,97,53,44,122,41,81,119,36,83,151,51,100,205,64,141,182,82,100,275,118,157,295,118,177
2023,Octubre,MADRID,143534,60705,82829,2330,1322,1008,7443,3765,3678,11487,5144,6343,13119,5592,7527,13339,5289,8050,13989,5586,8403,15974,6489,9485,18393,7741,10652,23054,9648,13406,24406,10129,14277
2023,Octubre,CENTRO,6297,3255,3042,35,21,14,189,101,88,467,202,265,684,340,344,644,327,317,651,357,294,739,381,358,890,447,443,1013,555,458,985,524,461
2023,Octubre,ARGANZUELA,5466,2381,3085,54,32,22,216,112,104,467,210,257,555,256,299,483,206,277,525,232,293,567,228,339,661,282,379,881,362,519,1057,461,596
2023,Octubre,RETIRO,3218,1294,1924,23,12,11,110,53,57,229,108,121,303,136,167,265,108,157,291,119,172,353,127,226,419,158,261,597,225,372,628,248,380
2023,Octubre,SALAMANCA,3819,1612,2207,24,15,9,135,68,67,304,145,159,354,159,195,300,143,157,332,119,213,408,165,243,450,193,257,714,276,438,798,329,469
2023,Octubre,CHAMARTÍN,3683,1526,2157,20,15,5,103,54,49,260,118,142,293,132,161,317,133,184,295,111,184,402,164,238,464,196,268,718,278,440,811,325,486
2023,Octubre,TETUÁN,6786,2837,3949,93,63,30,297,155,142,547,237,310,681,265,416,668,233,435,651,265,386,727,271,456,894,382,512,1087,467,620,1141,499,642
2023,Octubre,CHAMBERÍ,3818,1594,2224,14,9,5,155,84,71,359,163,196,378,178,200,353,167,186,343,123,220,377,144,233,473,180,293,647,254,393,719,292,427
2023,Octubre,FUENCARRAL - EL PARDO,7646,3189,4457,91,64,27,309,164,145,586,246,340,637,289,348,673,253,420,798,303,495,888,380,508,1056,467,589,1271,545,726,1337,478,859
2023,Octubre,MONCLOA - ARAVACA,3501,1536,1965,27,17,10,136,65,71,273,128,145,308,133,175,299,125,174,301,130,171,363,150,213,461,208,253,647,280,367,686,300,386
2023,Octubre,LATINA,11415,4854,6561,204,113,91,638,304,334,869,398,471,961,403,558,1038,429,609,1189,496,693,1236,502,734,1477,610,867,1905,806,1099,1898,793,1105
2023,Octubre,CARABANCHEL,14121,5962,8159,281,143,138,831,412,419,1231,527,704,1339,574,765,1369,520,849,1440,550,890,1659,703,956,1854,795,1059,2026,852,1174,2091,886,1205
2023,Octubre,USERA,8269,3500,4769,195,122,73,547,253,294,707,317,390,740,335,405,806,332,474,846,315,531,959,401,558,1074,456,618,1165,471,694,1230,498,732
2023,Octubre,PUENTE DE VALLECAS,15500,6668,8832,356,197,159,1018,518,500,1328,584,744,1494,605,889,1549,600,949,1499,592,907,1699,718,981,1803,814,989,2315,984,1331,2439,1056,1383
2023,Octubre,MORATALAZ,4403,1834,2569,69,40,29,247,137,110,364,159,205,394,173,221,385,144,241,399,178,221,410,154,256,582,240,342,754,303,451,799,306,493
2023,Octubre,CIUDAD LINEAL,9020,3814,5206,119,65,54,379,193,186,702,344,358,757,335,422,744,283,461,823,325,498,979,404,575,1155,482,673,1607,681,926,1755,702,1053
2023,Octubre,HORTALEZA,6770,2751,4019,84,48,36,287,150,137,450,221,229,513,213,300,566,229,337,665,249,416,819,291,528,889,360,529,1163,458,705,1334,532,802
2023,Octubre,VILLAVERDE,9588,3978,5610,215,120,95,590,312,278,777,336,441,912,340,572,960,350,610,1053,429,624,1081,439,642,1222,493,729,1376,571,805,1402,588,814
2023,Octubre,VILLA DE VALLECAS,6465,2495,3970,149,77,72,423,192,231,550,239,311,627,242,385,694,244,450,694,250,444,849,323,526,812,301,511,794,313,481,873,314,559
2023,Octubre,VICÁLVARO,4381,1762,2619,83,45,38,318,158,160,372,157,215,417,170,247,402,143,259,408,162,246,491,190,301,604,223,381,657,271,386,629,243,386
2023,Octubre,SAN BLAS-CANILLEJAS,7796,3220,4576,171,89,82,441,240,201,532,242,290,659,270,389,695,280,415,645,235,410,762,289,473,961,368,593,1437,576,861,1493,631,862
2023,Octubre,BARAJAS,1572,643,929,23,15,8,74,40,34,113,63,50,113,44,69,129,40,89,141,46,95,206,65,141,192,86,106,280,120,160,301,124,177
2023,Noviembre,MADRID,141323,59870,81453,2176,1223,953,7285,3682,3603,11354,5092,6262,12927,5508,7419,13067,5227,7840,13749,5558,8191,15719,6362,9357,18064,7633,10431,22712,9542,13170,24270,10043,14227
2023,Noviembre,CENTRO,6263,3250,3013,37,22,15,208,101,107,477,206,271,662,343,319,634,330,304,662,365,297,726,368,358,865,438,427,1022,568,454,970,509,461
2023,Noviembre,ARGANZUELA,5393,2356,3037,39,26,13,225,114,111,474,204,270,533,257,276,487,215,272,522,228,294,565,234,331,660,279,381,848,349,499,1040,450,590
2023,Noviembre,RETIRO,3223,1315,1908,18,10,8,109,53,56,240,113,127,299,132,167,263,111,152,313,134,179,347,124,223,422,165,257,584,225,359,628,248,380
2023,Noviembre,SALAMANCA,3810,1572,2238,28,20,8,132,66,66,316,137,179,375,163,212,294,142,152,308,101,207,403,159,244,463,203,260,708,271,437,783,310,473
2023,Noviembre,CHAMARTÍN,3659,1566,2093,17,11,6,97,48,49,272,134,138,282,142,140,331,141,190,286,116,170,409,175,234,457,190,267,693,268,425,815,341,474
2023,Noviembre,TETUÁN,6700,2829,3871,77,47,30,292,152,140,565,253,312,670,278,392,657,233,424,638,258,380,710,271,439,877,385,492,1068,459,609,1146,493,653
2023,Noviembre,CHAMBERÍ,3823,1589,2234,21,11,10,166,90,76,353,150,203,376,179,197,332,150,182,352,135,217,400,158,242,449,169,280,655,259,396,719,288,431
2023,Noviembre,FUENCARRAL - EL PARDO,7476,3141,4335,76,53,23,298,165,133,548,245,303,631,282,349,653,254,399,780,290,490,859,366,493,1025,450,575,1267,547,720,1339,489,850
2023,Noviembre,MONCLOA - ARAVACA,3413,1502,1911,25,20,5,125,65,60,282,121,161,302,142,160,284,118,166,306,131,175,367,146,221,445,200,245,613,267,346,664,292,372
2023,Noviembre,LATINA,11267,4838,6429,181,99,82,635,316,319,882,406,476,959,403,556,1020,446,574,1140,473,667,1222,504,718,1475,620,855,1887,796,1091,1866,775,1091
2023,Noviembre,CARABANCHEL,13761,5784,7977,276,144,132,791,387,404,1126,487,639,1310,544,766,1337,486,851,1411,550,861,1626,692,934,1811,776,1035,2000,836,1164,2073,882,1191
2023,Noviembre,USERA,8149,3440,4709,176,106,70,572,258,314,685,300,385,729,313,416,782,316,466,814,316,498,943,405,538,1065,454,611,1137,465,672,1246,507,739
2023,Noviembre,PUENTE DE VALLECAS,15307,6567,8740,323,173,150,974,501,473,1314,591,723,1491,570,921,1518,596,922,1496,604,892,1691,701,990,1786,813,973,2301,973,1328,2413,1045,1368
2023,Noviembre,MORATALAZ,4324,1800,2524,72,39,33,232,126,106,353,154,199,390,174,216,370,140,230,379,179,200,386,138,248,571,230,341,758,308,450,813,312,501
2023,Noviembre,CIUDAD LINEAL,8937,3742,5195,108,61,47,382,190,192,717,345,372,777,340,437,711,267,444,815,319,496,954,396,558,1144,463,681,1575,667,908,1754,694,1060
2023,Noviembre,HORTALEZA,6671,2716,3955,80,42,38,286,156,130,447,223,224,505,218,287,556,212,344,640,236,404,799,276,523,888,370,518,1151,453,698,1319,530,789
2023,Noviembre,VILLAVERDE,9418,3915,5503,210,119,91,593,305,288,760,325,435,883,339,544,958,370,588,1013,409,604,1063,409,654,1180,479,701,1356,570,786,1402,590,812
2023,Noviembre,VILLA DE VALLECAS,6330,2445,3885,150,83,67,406,183,223,536,230,306,618,229,389,689,244,445,682,246,436,832,315,517,763,290,473,784,306,478,870,319,551
2023,Noviembre,VICÁLVARO,4264,1731,2533,84,44,40,273,133,140,357,157,200,402,162,240,400,148,252,417,175,242,474,187,287,591,219,372,650,274,376,616,232,384
2023,Noviembre,SAN BLAS-CANILLEJAS,7604,3143,4461,157,80,77,422,233,189,539,254,285,621,255,366,671,270,401,632,242,390,741,271,470,938,357,581,1386,566,820,1497,615,882
2023,Noviembre,BARAJAS,1531,629,902,21,13,8,67,40,27,111,57,54,112,43,69,120,38,82,143,51,92,202,67,135,189,83,106,269,115,154,297,122,175
2023,Diciembre,MADRID,139940,59875,80065,1920,1074,846,6729,3435,3294,11164,5132,6032,12814,5527,7287,13058,5333,7725,13780,5647,8133,15671,6497,9174,18001,7690,10311,22687,9549,13138,24116,9991,14125
2023,Diciembre,CENTRO,6257,3245,3012,26,13,13,183,89,94,471,208,263,657,340,317,641,344,297,682,369,313,759,391,368,852,424,428,1010,566,444,976,501,475
2023,Diciembre,ARGANZUELA,5389,2380,3009,34,21,13,193,99,94,480,214,266,555,270,285,469,203,266,515,232,283,577,256,321,669,284,385,859,356,503,1038,445,593
2023,Diciembre,RETIRO,3194,1334,1860,15,10,5,105,53,52,248,120,128,296,134,162,252,110,142,321,133,188,343,131,212,417,169,248,589,229,360,608,245,363
2023,Diciembre,SALAMANCA,3756,1561,2195,27,22,5,122,61,61,302,133,169,372,174,198,305,143,162,299,97,202,384,148,236,460,198,262,704,268,436,781,317,464
2023,Diciembre,CHAMARTÍN,3694,1542,2152,21,15,6,92,45,47,281,125,156,300,135,165,317,127,190,296,120,176,415,183,232,463,199,264,698,259,439,811,334,477
2023,Diciembre,TETUÁN,6643,2862,3781,66,36,30,296,163,133,529,251,278,648,277,371,669,242,427,645,271,374,708,282,426,881,400,481,1066,457,609,1135,483,652
2023,Diciembre,CHAMBERÍ,3813,1596,2217,20,13,7,145,76,69,350,162,188,383,183,200,330,156,174,355,137,218,401,160,241,456,169,287,653,254,399,720,286,434
2023,Diciembre,FUENCARRAL - EL PARDO,7421,3139,4282,74,51,23,261,146,115,569,264,305,623,269,354,675,265,410,762,296,466,844,371,473,1012,444,568,1267,544,723,1334,489,845
2023,Diciembre,MONCLOA - ARAVACA,3442,1523,1919,23,19,4,136,70,66,286,129,157,302,141,161,293,128,165,302,126,176,386,155,231,426,197,229,621,264,357,667,294,373
2023,Diciembre,LATINA,11154,4829,6325,154,83,71,564,272,292,879,412,467,978,418,560,1000,437,563,1168,492,676,1223,525,698,1468,611,857,1866,800,1066,1854,779,1075
2023,Diciembre,CARABANCHEL,13620,5806,7814,242,123,119,726,359,367,1084,489,595,1272,524,748,1350,530,820,1437,563,874,1634,706,928,1792,778,1014,2017,848,1169,2066,886,1180
2023,Diciembre,USERA,8011,3430,4581,150,89,61,541,255,286,655,290,365,737,315,422,745,307,438,794,310,484,931,398,533,1054,455,599,1166,501,665,1238,510,728
2023,Diciembre,PUENTE DE VALLECAS,15141,6601,8540,288,148,140,924,473,451,1309,599,710,1461,578,883,1550,638,912,1487,619,868,1667,701,966,1771,836,935,2285,979,1306,2399,1030,1369
2023,Diciembre,MORATALAZ,4189,1752,2437,66,35,31,210,107,103,325,145,180,382,171,211,366,140,226,364,172,192,375,140,235,560,224,336,759,314,445,782,304,478
2023,Diciembre,CIUDAD LINEAL,8810,3732,5078,84,53,31,343,171,172,711,364,347,756,343,413,731,278,453,800,320,480,962,402,560,1156,469,687,1542,649,893,1725,683,1042
2023,Diciembre,HORTALEZA,6572,2678,3894,66,38,28,244,137,107,431,215,216,491,206,285,550,210,340,638,241,397,793,280,513,875,360,515,1149,447,702,1335,544,791
2023,Diciembre,VILLAVERDE,9292,3961,5331,194,105,89,554,296,258,746,332,414,863,343,520,943,368,575,1029,434,595,1053,422,631,1183,498,685,1342,568,774,1385,595,790
2023,Diciembre,VILLA DE VALLECAS,6257,2429,3828,141,76,65,389,185,204,503,217,286,612,232,380,693,256,437,679,240,439,832,319,513,761,285,476,775,302,473,872,317,555
2023,Diciembre,VICÁLVARO,4219,1717,2502,70,36,34,254,124,130,356,155,201,399,176,223,400,149,251,403,168,235,459,184,275,604,232,372,652,265,387,622,228,394
2023,Diciembre,SAN BLAS-CANILLEJAS,7576,3141,4435,142,76,66,389,218,171,546,248,298,620,261,359,660,261,399,660,263,397,735,276,459,957,374,583,1384,557,827,1483,607,876
2023,Diciembre,BARAJAS,1490,617,873,17,12,5,58,36,22,103,60,43,107,37,70,119,41,78,144,44,100,190,67,123,184,84,100,283,122,161,285,114,171
2024,Enero,MADRID,145086,61913,83173,2000,1134,866,7361,3696,3665,12027,5478,6549,13616,5847,7769,13578,5494,8084,14384,5869,8515,16269,6762,9507,18539,7900,10639,22916,9661,13255,24396,10072,14324
2024,Enero,CENTRO,6508,3389,3119,33,18,15,184,89,95,514,242,272,725,371,354,677,364,313,690,367,323,798,416,382,886,448,438,1010,563,447,991,511,480
2024,Enero,ARGANZUELA,5591,2454,3137,42,26,16,215,101,114,540,236,304,551,268,283,500,214,286,535,238,297,596,261,335,691,302,389,860,363,497,1061,445,616
2024,Enero,RETIRO,3267,1379,1888,14,10,4,121,60,61,288,142,146,290,126,164,266,114,152,339,143,196,344,138,206,421,176,245,580,227,353,604,243,361
2024,Enero,SALAMANCA,3934,1628,2306,32,22,10,148,66,82,335,149,186,393,169,224,325,145,180,310,114,196,410,161,249,482,206,276,713,277,436,786,319,467
2024,Enero,CHAMARTÍN,3763,1599,2164,19,9,10,98,51,47,316,139,177,320,156,164,346,137,209,295,123,172,409,172,237,467,215,252,696,267,429,797,330,467
2024,Enero,TETUÁN,6919,2976,3943,79,48,31,310,156,154,587,275,312,683,288,395,704,272,432,657,272,385,732,293,439,906,414,492,1106,472,634,1155,486,669
2024,Enero,CHAMBERÍ,3936,1643,2293,16,14,2,161,83,78,355,155,200,402,180,222,357,173,184,378,146,232,409,165,244,468,182,286,653,254,399,737,291,446
2024,Enero,FUENCARRAL - EL PARDO,7562,3161,4401,64,38,26,277,145,132,583,271,312,660,287,373,701,262,439,784,316,468,872,374,498,1023,432,591,1263,536,727,1335,500,835
2024,Enero,MONCLOA - ARAVACA,3484,1506,1978,27,17,10,151,78,73,289,129,160,316,140,176,303,131,172,292,118,174,393,150,243,432,203,229,610,255,355,671,285,386
2024,Enero,LATINA,11629,5018,6611,172,95,77,642,319,323,972,447,525,1052,440,612,1033,432,601,1206,496,710,1287,563,724,1513,637,876,1875,806,1069,1877,783,1094
2024,Enero,CARABANCHEL,14191,6011,8180,224,117,107,835,406,429,1181,512,669,1368,573,795,1373,514,859,1491,576,915,1723,754,969,1883,815,1068,2038,855,1183,2075,889,1186
2024,Enero,USERA,8314,3510,4804,157,92,65,563,258,305,709,305,404,776,324,452,795,316,479,841,330,511,976,419,557,1074,461,613,1182,500,682,1241,505,736
2024,Enero,PUENTE DE VALLECAS,15860,6898,8962,301,164,137,1004,524,480,1409,623,786,1559,637,922,1604,652,952,1599,666,933,1711,708,1003,1867,848,1019,2341,1027,1314,2465,1049,1416
2024,Enero,MORATALAZ,4383,1837,2546,70,38,32,226,119,107,362,170,192,401,169,232,385,151,234,401,188,213,396,146,250,577,230,347,765,317,448,800,309,491
2024,Enero,CIUDAD LINEAL,9109,3831,5278,82,48,34,371,179,192,733,362,371,832,357,475,723,282,441,871,354,517,992,404,588,1186,482,704,1577,673,904,1742,690,1052
2024,Enero,HORTALEZA,6655,2743,3912,78,50,28,286,156,130,461,236,225,498,223,275,571,222,349,628,241,387,807,289,518,871,360,511,1136,432,704,1319,534,785
2024,Enero,VILLAVERDE,9741,4084,5657,214,114,100,596,319,277,821,369,452,937,353,584,982,381,601,1073,429,644,1141,478,663,1227,496,731,1351,556,795,1399,589,810
2024,Enero,VILLA DE VALLECAS,6479,2546,3933,137,77,60,427,204,223,533,234,299,630,254,376,701,259,442,724,255,469,843,328,515,805,303,502,800,315,485,879,317,562
2024,Enero,VICÁLVARO,4403,1813,2590,97,52,45,283,134,149,363,163,200,424,188,236,424,167,257,408,172,236,488,187,301,601,227,374,671,284,387,644,239,405
2024,Enero,SAN BLAS-CANILLEJAS,7847,3258,4589,126,73,53,406,218,188,577,264,313,685,297,388,691,267,424,702,274,428,758,293,465,963,376,587,1406,557,849,1533,639,894
2024,Enero,BARAJAS,1511,629,882,16,12,4,57,31,26,99,55,44,114,47,67,117,39,78,160,51,109,184,63,121,196,87,109,283,125,158,285,119,166
2024,Febrero,MADRID,145433,62066,83367,2179,1234,945,7633,3781,3852,12200,5565,6635,13743,5901,7842,13522,5477,8045,14337,5892,8445,16180,6777,9403,18438,7837,10601,22731,9518,13213,24470,10084,14386
2024,Febrero,CENTRO,6482,3353,3129,31,19,12,199,103,96,506,231,275,733,369,364,663,338,325,685,370,315,789,400,389,860,436,424,1026,576,450,990,511,479
2024,Febrero,ARGANZUELA,5508,2400,3108,41,23,18,223,108,115,536,233,303,557,269,288,488,215,273,524,235,289,575,237,338,685,294,391,835,349,486,1044,437,607
2024,Febrero,RETIRO,3210,1341,1869,20,11,9,123,60,63,278,131,147,281,122,159,260,115,145,336,139,197,337,135,202,411,172,239,561,218,343,603,238,365
2024,Febrero,SALAMANCA,3912,1666,2246,30,20,10,139,60,79,348,157,191,386,173,213,327,145,182,310,125,185,420,180,240,478,217,261,684,270,414,790,319,471
2024,Febrero,CHAMARTÍN,3768,1626,2142,28,13,15,104,56,48,299,135,164,345,175,170,334,144,190,296,120,176,411,178,233,471,208,263,689,269,420,791,328,463
2024,Febrero,TETUÁN,6971,2990,3981,82,50,32,312,149,163,584,272,312,701,305,396,697,269,428,670,279,391,715,295,420,932,410,522,1111,471,640,1167,490,677
2024,Febrero,CHAMBERÍ,3915,1663,2252,16,12,4,166,89,77,378,174,204,423,194,229,336,158,178,384,161,223,415,177,238,443,164,279,630,247,383,724,287,437
2024,Febrero,FUENCARRAL - EL PARDO,7537,3153,4384,66,37,29,300,155,145,586,275,311,653,290,363,696,262,434,780,303,477,878,382,496,1027,445,582,1238,521,717,1313,483,830
2024,Febrero,MONCLOA - ARAVACA,3501,1518,1983,34,20,14,147,72,75,293,120,173,306,132,174,297,127,170,291,130,161,391,165,226,446,199,247,602,258,344,694,295,399
2024,Febrero,LATINA,11690,5048,6642,180,101,79,656,319,337,951,450,501,1069,443,626,1067,457,610,1223,507,716,1277,548,729,1546,669,877,1840,774,1066,1881,780,1101
2024,Febrero,CARABANCHEL,14295,6085,8210,264,139,125,889,426,463,1197,520,677,1375,578,797,1397,545,852,1486,579,907,1720,751,969,1853,811,1042,2030,850,1180,2084,886,1198
2024,Febrero,USERA,8401,3541,4860,173,102,71,563,255,308,756,340,416,772,322,450,795,322,473,845,322,523,979,404,575,1065,463,602,1208,503,705,1245,508,737
2024,Febrero,PUENTE DE VALLECAS,15907,6883,9024,316,171,145,1043,538,505,1478,658,820,1551,626,925,1570,629,941,1581,657,924,1716,719,997,1863,839,1024,2310,987,1323,2479,1059,1420
2024,Febrero,MORATALAZ,4411,1872,2539,84,47,37,232,120,112,381,185,196,416,190,226,361,140,221,405,191,214,407,158,249,548,212,336,759,317,442,818,312,506
2024,Febrero,CIUDAD LINEAL,9148,3851,5297,113,73,40,407,200,207,753,374,379,805,340,465,736,284,452,859,349,510,983,402,581,1167,474,693,1558,649,909,1767,706,1061
2024,Febrero,HORTALEZA,6614,2716,3898,91,58,33,294,153,141,451,231,220,497,217,280,563,220,343,622,230,392,787,284,503,849,352,497,1126,438,688,1334,533,801
2024,Febrero,VILLAVERDE,9874,4127,5747,229,124,105,643,328,315,828,376,452,975,365,610,1011,388,623,1084,444,640,1111,468,643,1227,492,735,1365,551,814,1401,591,810
2024,Febrero,VILLA DE VALLECAS,6544,2565,3979,136,82,54,414,197,217,556,232,324,654,271,383,711,245,466,729,262,467,836,335,501,827,313,514,798,307,491,883,321,562
2024,Febrero,VICÁLVARO,4435,1831,2604,98,47,51,303,149,154,369,168,201,433,183,250,422,164,258,398,173,225,493,194,299,600,227,373,678,285,393,641,241,400
2024,Febrero,SAN BLAS-CANILLEJAS,7797,3241,4556,129,73,56,427,218,209,573,254,319,697,293,404,669,273,396,664,266,398,747,298,449,953,359,594,1401,563,838,1537,644,893
2024,Febrero,BARAJAS,1513,596,917,18,12,6,49,26,23,99,49,50,114,44,70,122,37,85,165,50,115,193,67,126,187,81,106,282,115,167,284,115,169
2024,Marzo,MADRID,146168,62510,83658,2258,1296,962,7785,3866,3919,12095,5512,6583,13839,5958,7881,13582,5514,8068,14281,5887,8394,16176,6803,9373,18537,7872,10665,22985,9641,13344,24630,10161,14469
2024,Marzo,CENTRO,6543,3398,3145,29,18,11,204,103,101,514,241,273,740,369,371,685,354,331,686,362,324,803,412,391,879,450,429,1019,574,445,984,515,469
2024,Marzo,ARGANZUELA,5536,2441,3095,46,28,18,227,113,114,506,219,287,563,272,291,490,215,275,514,231,283,583,251,332,693,301,392,857,368,489,1057,443,614
2024,Marzo,RETIRO,3198,1346,1852,22,12,10,115,61,54,262,123,139,286,125,161,264,116,148,316,139,177,342,133,209,411,175,236,566,217,349,614,245,369
2024,Marzo,SALAMANCA,3897,1658,2239,26,16,10,142,63,79,367,170,197,401,186,215,323,144,179,289,117,172,390,166,224,477,202,275,692,276,416,790,318,472
2024,Marzo,CHAMARTÍN,3810,1628,2182,25,15,10,110,60,50,293,132,161,338,166,172,353,148,205,302,114,188,407,172,235,479,211,268,702,276,426,801,334,467
2024,Marzo,TETUÁN,7001,3015,3986,81,52,29,328,157,171,581,263,318,686,311,375,698,270,428,693,283,410,729,310,419,911,398,513,1108,476,632,1186,495,691
2024,Marzo,CHAMBERÍ,3888,1656,2232,15,8,7,148,75,73,364,150,214,410,198,212,336,165,171,372,153,219,422,182,240,455,175,280,613,245,368,753,305,448
2024,Marzo,FUENCARRAL - EL PARDO,7594,3193,4401,75,44,31,302,170,132,538,260,278,652,290,362,701,263,438,797,305,492,887,374,513,1033,447,586,1262,534,728,1347,506,841
2024,Marzo,MONCLOA - ARAVACA,3472,1501,1971,30,16,14,138,67,71,298,127,171,314,135,179,294,123,171,284,125,159,368,154,214,449,208,241,619,261,358,678,285,393
2024,Marzo,LATINA,11704,5119,6585,186,110,76,645,306,339,914,436,478,1074,448,626,1090,472,618,1216,522,694,1259,562,697,1540,676,864,1874,791,1083,1906,796,1110
2024,Marzo,CARABANCHEL,14465,6153,8312,258,144,114,935,472,463,1213,515,698,1396,587,809,1406,565,841,1483,562,921,1714,728,986,1869,802,1067,2090,881,1209,2101,897,1204
2024,Marzo,USERA,8522,3589,4933,177,96,81,585,259,326,740,328,412,829,351,478,791,312,479,839,330,509,1011,432,579,1089,470,619,1219,501,718,1242,510,732
2024,Marzo,PUENTE DE VALLECAS,15926,6886,9040,332,181,151,1053,524,529,1488,671,817,1561,634,927,1572,627,945,1596,659,937,1688,716,972,1862,838,1024,2291,982,1309,2483,1054,1429
2024,Marzo,MORATALAZ,4415,1857,2558,76,44,32,251,136,115,366,175,191,422,181,241,368,143,225,382,172,210,408,152,256,553,220,333,765,312,453,824,322,502
2024,Marzo,CIUDAD LINEAL,9210,3896,5314,141,87,54,410,190,220,732,362,370,817,362,455,734,281,453,860,354,506,982,412,570,1176,483,693,1581,658,923,1777,707,1070
2024,Marzo,HORTALEZA,6636,2746,3890,98,60,38,315,169,146,430,225,205,497,211,286,569,223,346,629,245,384,773,293,480,852,347,505,1139,444,695,1334,529,805
2024,Marzo,VILLAVERDE,9850,4138,5712,239,138,101,652,343,309,850,394,456,979,371,608,987,368,619,1062,440,622,1104,458,646,1217,488,729,1363,551,812,1397,587,810
2024,Marzo,VILLA DE VALLECAS,6572,2539,4033,139,80,59,425,198,227,567,235,332,634,248,386,723,253,470,714,258,456,850,328,522,828,318,510,808,304,504,884,317,567
2024,Marzo,VICÁLVARO,4520,1852,2668,100,51,49,296,144,152,384,173,211,440,181,259,417,154,263,410,187,223,501,193,308,623,231,392,702,294,408,647,244,403
2024,Marzo,SAN BLAS-CANILLEJAS,7890,3288,4602,149,84,65,444,226,218,585,264,321,690,285,405,671,280,391,673,276,397,753,303,450,952,355,597,1431,576,855,1542,639,903
2024,Marzo,BARAJAS,1519,611,908,14,12,2,60,30,30,103,49,54,110,47,63,110,38,72,164,53,111,202,72,130,189,77,112,284,120,164,283,113,170
2024,Abril,MADRID,,,,,,,,,,,,,,,,,,,,,,,,,,,,,,,,,
2024,Abril,CENTRO,,,,,,,,,,,,,,,,,,,,,,,,,,,,,,,,,
2024,Abril,ARGANZUELA,,,,,,,,,,,,,,,,,,,,,,,,,,,,,,,,,
2024,Abril,RETIRO,,,,,,,,,,,,,,,,,,,,,,,,,,,,,,,,,
2024,Abril,SALAMANCA,,,,,,,,,,,,,,,,,,,,,,,,,,,,,,,,,
2024,Abril,CHAMARTÍN,,,,,,,,,,,,,,,,,,,,,,,,,,,,,,,,,
2024,Abril,TETUÁN,,,,,,,,,,,,,,,,,,,,,,,,,,,,,,,,,
2024,Abril,CHAMBERÍ,,,,,,,,,,,,,,,,,,,,,,,,,,,,,,,,,
2024,Abril,FUENCARRAL - EL PARDO,,,,,,,,,,,,,,,,,,,,,,,,,,,,,,,,,
2024,Abril,MONCLOA - ARAVACA,,,,,,,,,,,,,,,,,,,,,,,,,,,,,,,,,
2024,Abril,LATINA,,,,,,,,,,,,,,,,,,,,,,,,,,,,,,,,,
2024,Abril,CARABANCHEL,,,,,,,,,,,,,,,,,,,,,,,,,,,,,,,,,
2024,Abril,USERA,,,,,,,,,,,,,,,,,,,,,,,,,,,,,,,,,
2024,Abril,PUENTE DE VALLECAS,,,,,,,,,,,,,,,,,,,,,,,,,,,,,,,,,
2024,Abril,MORATALAZ,,,,,,,,,,,,,,,,,,,,,,,,,,,,,,,,,
2024,Abril,CIUDAD LINEAL,,,,,,,,,,,,,,,,,,,,,,,,,,,,,,,,,
2024,Abril,HORTALEZA,,,,,,,,,,,,,,,,,,,,,,,,,,,,,,,,,
2024,Abril,VILLAVERDE,,,,,,,,,,,,,,,,,,,,,,,,,,,,,,,,,
2024,Abril,VILLA DE VALLECAS,,,,,,,,,,,,,,,,,,,,,,,,,,,,,,,,,
2024,Abril,VICÁLVARO,,,,,,,,,,,,,,,,,,,,,,,,,,,,,,,,,
2024,Abril,SAN BLAS-CANILLEJAS,,,,,,,,,,,,,,,,,,,,,,,,,,,,,,,,,
2024,Abril,BARAJAS,,,,,,,,,,,,,,,,,,,,,,,,,,,,,,,,,
2024,Mayo,MADRID,,,,,,,,,,,,,,,,,,,,,,,,,,,,,,,,,
2024,Mayo,CENTRO,,,,,,,,,,,,,,,,,,,,,,,,,,,,,,,,,
2024,Mayo,ARGANZUELA,,,,,,,,,,,,,,,,,,,,,,,,,,,,,,,,,
2024,Mayo,RETIRO,,,,,,,,,,,,,,,,,,,,,,,,,,,,,,,,,
2024,Mayo,SALAMANCA,,,,,,,,,,,,,,,,,,,,,,,,,,,,,,,,,
2024,Mayo,CHAMARTÍN,,,,,,,,,,,,,,,,,,,,,,,,,,,,,,,,,
2024,Mayo,TETUÁN,,,,,,,,,,,,,,,,,,,,,,,,,,,,,,,,,
2024,Mayo,CHAMBERÍ,,,,,,,,,,,,,,,,,,,,,,,,,,,,,,,,,
2024,Mayo,FUENCARRAL - EL PARDO,,,,,,,,,,,,,,,,,,,,,,,,,,,,,,,,,
2024,Mayo,MONCLOA - ARAVACA,,,,,,,,,,,,,,,,,,,,,,,,,,,,,,,,,
2024,Mayo,LATINA,,,,,,,,,,,,,,,,,,,,,,,,,,,,,,,,,
2024,Mayo,CARABANCHEL,,,,,,,,,,,,,,,,,,,,,,,,,,,,,,,,,
2024,Mayo,USERA,,,,,,,,,,,,,,,,,,,,,,,,,,,,,,,,,
2024,Mayo,PUENTE DE VALLECAS,,,,,,,,,,,,,,,,,,,,,,,,,,,,,,,,,
2024,Mayo,MORATALAZ,,,,,,,,,,,,,,,,,,,,,,,,,,,,,,,,,
2024,Mayo,CIUDAD LINEAL,,,,,,,,,,,,,,,,,,,,,,,,,,,,,,,,,
2024,Mayo,HORTALEZA,,,,,,,,,,,,,,,,,,,,,,,,,,,,,,,,,
2024,Mayo,VILLAVERDE,,,,,,,,,,,,,,,,,,,,,,,,,,,,,,,,,
2024,Mayo,VILLA DE VALLECAS,,,,,,,,,,,,,,,,,,,,,,,,,,,,,,,,,
2024,Mayo,VICÁLVARO,,,,,,,,,,,,,,,,,,,,,,,,,,,,,,,,,
2024,Mayo,SAN BLAS-CANILLEJAS,,,,,,,,,,,,,,,,,,,,,,,,,,,,,,,,,
2024,Mayo,BARAJAS,,,,,,,,,,,,,,,,,,,,,,,,,,,,,,,,,
2024,Junio,MADRID,,,,,,,,,,,,,,,,,,,,,,,,,,,,,,,,,
2024,Junio,CENTRO,,,,,,,,,,,,,,,,,,,,,,,,,,,,,,,,,
2024,Junio,ARGANZUELA,,,,,,,,,,,,,,,,,,,,,,,,,,,,,,,,,
2024,Junio,RETIRO,,,,,,,,,,,,,,,,,,,,,,,,,,,,,,,,,
2024,Junio,SALAMANCA,,,,,,,,,,,,,,,,,,,,,,,,,,,,,,,,,
2024,Junio,CHAMARTÍN,,,,,,,,,,,,,,,,,,,,,,,,,,,,,,,,,
2024,Junio,TETUÁN,,,,,,,,,,,,,,,,,,,,,,,,,,,,,,,,,
2024,Junio,CHAMBERÍ,,,,,,,,,,,,,,,,,,,,,,,,,,,,,,,,,
2024,Junio,FUENCARRAL - EL PARDO,,,,,,,,,,,,,,,,,,,,,,,,,,,,,,,,,
2024,Junio,MONCLOA - ARAVACA,,,,,,,,,,,,,,,,,,,,,,,,,,,,,,,,,
2024,Junio,LATINA,,,,,,,,,,,,,,,,,,,,,,,,,,,,,,,,,
2024,Junio,CARABANCHEL,,,,,,,,,,,,,,,,,,,,,,,,,,,,,,,,,
2024,Junio,USERA,,,,,,,,,,,,,,,,,,,,,,,,,,,,,,,,,
2024,Junio,PUENTE DE VALLECAS,,,,,,,,,,,,,,,,,,,,,,,,,,,,,,,,,
2024,Junio,MORATALAZ,,,,,,,,,,,,,,,,,,,,,,,,,,,,,,,,,
2024,Junio,CIUDAD LINEAL,,,,,,,,,,,,,,,,,,,,,,,,,,,,,,,,,
2024,Junio,HORTALEZA,,,,,,,,,,,,,,,,,,,,,,,,,,,,,,,,,
2024,Junio,VILLAVERDE,,,,,,,,,,,,,,,,,,,,,,,,,,,,,,,,,
2024,Junio,VILLA DE VALLECAS,,,,,,,,,,,,,,,,,,,,,,,,,,,,,,,,,
2024,Junio,VICÁLVARO,,,,,,,,,,,,,,,,,,,,,,,,,,,,,,,,,
2024,Junio,SAN BLAS-CANILLEJAS,,,,,,,,,,,,,,,,,,,,,,,,,,,,,,,,,
2024,Junio,BARAJAS,,,,,,,,,,,,,,,,,,,,,,,,,,,,,,,,,
2024,Julio,MADRID,,,,,,,,,,,,,,,,,,,,,,,,,,,,,,,,,
2024,Julio,CENTRO,,,,,,,,,,,,,,,,,,,,,,,,,,,,,,,,,
2024,Julio,ARGANZUELA,,,,,,,,,,,,,,,,,,,,,,,,,,,,,,,,,
2024,Julio,RETIRO,,,,,,,,,,,,,,,,,,,,,,,,,,,,,,,,,
2024,Julio,SALAMANCA,,,,,,,,,,,,,,,,,,,,,,,,,,,,,,,,,
2024,Julio,CHAMARTÍN,,,,,,,,,,,,,,,,,,,,,,,,,,,,,,,,,
2024,Julio,TETUÁN,,,,,,,,,,,,,,,,,,,,,,,,,,,,,,,,,
2024,Julio,CHAMBERÍ,,,,,,,,,,,,,,,,,,,,,,,,,,,,,,,,,
2024,Julio,FUENCARRAL - EL PARDO,,,,,,,,,,,,,,,,,,,,,,,,,,,,,,,,,
2024,Julio,MONCLOA - ARAVACA,,,,,,,,,,,,,,,,,,,,,,,,,,,,,,,,,
2024,Julio,LATINA,,,,,,,,,,,,,,,,,,,,,,,,,,,,,,,,,
2024,Julio,CARABANCHEL,,,,,,,,,,,,,,,,,,,,,,,,,,,,,,,,,
2024,Julio,USERA,,,,,,,,,,,,,,,,,,,,,,,,,,,,,,,,,
2024,Julio,PUENTE DE VALLECAS,,,,,,,,,,,,,,,,,,,,,,,,,,,,,,,,,
2024,Julio,MORATALAZ,,,,,,,,,,,,,,,,,,,,,,,,,,,,,,,,,
2024,Julio,CIUDAD LINEAL,,,,,,,,,,,,,,,,,,,,,,,,,,,,,,,,,
2024,Julio,HORTALEZA,,,,,,,,,,,,,,,,,,,,,,,,,,,,,,,,,
2024,Julio,VILLAVERDE,,,,,,,,,,,,,,,,,,,,,,,,,,,,,,,,,
2024,Julio,VILLA DE VALLECAS,,,,,,,,,,,,,,,,,,,,,,,,,,,,,,,,,
2024,Julio,VICÁLVARO,,,,,,,,,,,,,,,,,,,,,,,,,,,,,,,,,
2024,Julio,SAN BLAS-CANILLEJAS,,,,,,,,,,,,,,,,,,,,,,,,,,,,,,,,,
2024,Julio,BARAJAS,,,,,,,,,,,,,,,,,,,,,,,,,,,,,,,,,
2024,Agosto,MADRID,,,,,,,,,,,,,,,,,,,,,,,,,,,,,,,,,
2024,Agosto,CENTRO,,,,,,,,,,,,,,,,,,,,,,,,,,,,,,,,,
2024,Agosto,ARGANZUELA,,,,,,,,,,,,,,,,,,,,,,,,,,,,,,,,,
2024,Agosto,RETIRO,,,,,,,,,,,,,,,,,,,,,,,,,,,,,,,,,
2024,Agosto,SALAMANCA,,,,,,,,,,,,,,,,,,,,,,,,,,,,,,,,,
2024,Agosto,CHAMARTÍN,,,,,,,,,,,,,,,,,,,,,,,,,,,,,,,,,
2024,Agosto,TETUÁN,,,,,,,,,,,,,,,,,,,,,,,,,,,,,,,,,
2024,Agosto,CHAMBERÍ,,,,,,,,,,,,,,,,,,,,,,,,,,,,,,,,,
2024,Agosto,FUENCARRAL - EL PARDO,,,,,,,,,,,,,,,,,,,,,,,,,,,,,,,,,
2024,Agosto,MONCLOA - ARAVACA,,,,,,,,,,,,,,,,,,,,,,,,,,,,,,,,,
2024,Agosto,LATINA,,,,,,,,,,,,,,,,,,,,,,,,,,,,,,,,,
2024,Agosto,CARABANCHEL,,,,,,,,,,,,,,,,,,,,,,,,,,,,,,,,,
2024,Agosto,USERA,,,,,,,,,,,,,,,,,,,,,,,,,,,,,,,,,
2024,Agosto,PUENTE DE VALLECAS,,,,,,,,,,,,,,,,,,,,,,,,,,,,,,,,,
2024,Agosto,MORATALAZ,,,,,,,,,,,,,,,,,,,,,,,,,,,,,,,,,
2024,Agosto,CIUDAD LINEAL,,,,,,,,,,,,,,,,,,,,,,,,,,,,,,,,,
2024,Agosto,HORTALEZA,,,,,,,,,,,,,,,,,,,,,,,,,,,,,,,,,
2024,Agosto,VILLAVERDE,,,,,,,,,,,,,,,,,,,,,,,,,,,,,,,,,
2024,Agosto,VILLA DE VALLECAS,,,,,,,,,,,,,,,,,,,,,,,,,,,,,,,,,
2024,Agosto,VICÁLVARO,,,,,,,,,,,,,,,,,,,,,,,,,,,,,,,,,
2024,Agosto,SAN BLAS-CANILLEJAS,,,,,,,,,,,,,,,,,,,,,,,,,,,,,,,,,
2024,Agosto,BARAJAS,,,,,,,,,,,,,,,,,,,,,,,,,,,,,,,,,
2024,Septiembre,MADRID,,,,,,,,,,,,,,,,,,,,,,,,,,,,,,,,,
2024,Septiembre,CENTRO,,,,,,,,,,,,,,,,,,,,,,,,,,,,,,,,,
2024,Septiembre,ARGANZUELA,,,,,,,,,,,,,,,,,,,,,,,,,,,,,,,,,
2024,Septiembre,RETIRO,,,,,,,,,,,,,,,,,,,,,,,,,,,,,,,,,
2024,Septiembre,SALAMANCA,,,,,,,,,,,,,,,,,,,,,,,,,,,,,,,,,
2024,Septiembre,CHAMARTÍN,,,,,,,,,,,,,,,,,,,,,,,,,,,,,,,,,
2024,Septiembre,TETUÁN,,,,,,,,,,,,,,,,,,,,,,,,,,,,,,,,,
2024,Septiembre,CHAMBERÍ,,,,,,,,,,,,,,,,,,,,,,,,,,,,,,,,,
2024,Septiembre,FUENCARRAL - EL PARDO,,,,,,,,,,,,,,,,,,,,,,,,,,,,,,,,,
2024,Septiembre,MONCLOA - ARAVACA,,,,,,,,,,,,,,,,,,,,,,,,,,,,,,,,,
2024,Septiembre,LATINA,,,,,,,,,,,,,,,,,,,,,,,,,,,,,,,,,
2024,Septiembre,CARABANCHEL,,,,,,,,,,,,,,,,,,,,,,,,,,,,,,,,,
2024,Septiembre,USERA,,,,,,,,,,,,,,,,,,,,,,,,,,,,,,,,,
2024,Septiembre,PUENTE DE VALLECAS,,,,,,,,,,,,,,,,,,,,,,,,,,,,,,,,,
2024,Septiembre,MORATALAZ,,,,,,,,,,,,,,,,,,,,,,,,,,,,,,,,,
2024,Septiembre,CIUDAD LINEAL,,,,,,,,,,,,,,,,,,,,,,,,,,,,,,,,,
2024,Septiembre,HORTALEZA,,,,,,,,,,,,,,,,,,,,,,,,,,,,,,,,,
2024,Septiembre,VILLAVERDE,,,,,,,,,,,,,,,,,,,,,,,,,,,,,,,,,
2024,Septiembre,VILLA DE VALLECAS,,,,,,,,,,,,,,,,,,,,,,,,,,,,,,,,,
2024,Septiembre,VICÁLVARO,,,,,,,,,,,,,,,,,,,,,,,,,,,,,,,,,
2024,Septiembre,SAN BLAS-CANILLEJAS,,,,,,,,,,,,,,,,,,,,,,,,,,,,,,,,,
2024,Septiembre,BARAJAS,,,,,,,,,,,,,,,,,,,,,,,,,,,,,,,,,
2024,Octubre,MADRID,,,,,,,,,,,,,,,,,,,,,,,,,,,,,,,,,
2024,Octubre,CENTRO,,,,,,,,,,,,,,,,,,,,,,,,,,,,,,,,,
2024,Octubre,ARGANZUELA,,,,,,,,,,,,,,,,,,,,,,,,,,,,,,,,,
2024,Octubre,RETIRO,,,,,,,,,,,,,,,,,,,,,,,,,,,,,,,,,
2024,Octubre,SALAMANCA,,,,,,,,,,,,,,,,,,,,,,,,,,,,,,,,,
2024,Octubre,CHAMARTÍN,,,,,,,,,,,,,,,,,,,,,,,,,,,,,,,,,
2024,Octubre,TETUÁN,,,,,,,,,,,,,,,,,,,,,,,,,,,,,,,,,
2024,Octubre,CHAMBERÍ,,,,,,,,,,,,,,,,,,,,,,,,,,,,,,,,,
2024,Octubre,FUENCARRAL - EL PARDO,,,,,,,,,,,,,,,,,,,,,,,,,,,,,,,,,
2024,Octubre,MONCLOA - ARAVACA,,,,,,,,,,,,,,,,,,,,,,,,,,,,,,,,,
2024,Octubre,LATINA,,,,,,,,,,,,,,,,,,,,,,,,,,,,,,,,,
2024,Octubre,CARABANCHEL,,,,,,,,,,,,,,,,,,,,,,,,,,,,,,,,,
2024,Octubre,USERA,,,,,,,,,,,,,,,,,,,,,,,,,,,,,,,,,
2024,Octubre,PUENTE DE VALLECAS,,,,,,,,,,,,,,,,,,,,,,,,,,,,,,,,,
2024,Octubre,MORATALAZ,,,,,,,,,,,,,,,,,,,,,,,,,,,,,,,,,
2024,Octubre,CIUDAD LINEAL,,,,,,,,,,,,,,,,,,,,,,,,,,,,,,,,,
2024,Octubre,HORTALEZA,,,,,,,,,,,,,,,,,,,,,,,,,,,,,,,,,
2024,Octubre,VILLAVERDE,,,,,,,,,,,,,,,,,,,,,,,,,,,,,,,,,
2024,Octubre,VILLA DE VALLECAS,,,,,,,,,,,,,,,,,,,,,,,,,,,,,,,,,
2024,Octubre,VICÁLVARO,,,,,,,,,,,,,,,,,,,,,,,,,,,,,,,,,
2024,Octubre,SAN BLAS-CANILLEJAS,,,,,,,,,,,,,,,,,,,,,,,,,,,,,,,,,
2024,Octubre,BARAJAS,,,,,,,,,,,,,,,,,,,,,,,,,,,,,,,,,
2024,Noviembre,MADRID,,,,,,,,,,,,,,,,,,,,,,,,,,,,,,,,,
2024,Noviembre,CENTRO,,,,,,,,,,,,,,,,,,,,,,,,,,,,,,,,,
2024,Noviembre,ARGANZUELA,,,,,,,,,,,,,,,,,,,,,,,,,,,,,,,,,
2024,Noviembre,RETIRO,,,,,,,,,,,,,,,,,,,,,,,,,,,,,,,,,
2024,Noviembre,SALAMANCA,,,,,,,,,,,,,,,,,,,,,,,,,,,,,,,,,
2024,Noviembre,CHAMARTÍN,,,,,,,,,,,,,,,,,,,,,,,,,,,,,,,,,
2024,Noviembre,TETUÁN,,,,,,,,,,,,,,,,,,,,,,,,,,,,,,,,,
2024,Noviembre,CHAMBERÍ,,,,,,,,,,,,,,,,,,,,,,,,,,,,,,,,,
2024,Noviembre,FUENCARRAL - EL PARDO,,,,,,,,,,,,,,,,,,,,,,,,,,,,,,,,,
2024,Noviembre,MONCLOA - ARAVACA,,,,,,,,,,,,,,,,,,,,,,,,,,,,,,,,,
2024,Noviembre,LATINA,,,,,,,,,,,,,,,,,,,,,,,,,,,,,,,,,
2024,Noviembre,CARABANCHEL,,,,,,,,,,,,,,,,,,,,,,,,,,,,,,,,,
2024,Noviembre,USERA,,,,,,,,,,,,,,,,,,,,,,,,,,,,,,,,,
2024,Noviembre,PUENTE DE VALLECAS,,,,,,,,,,,,,,,,,,,,,,,,,,,,,,,,,
2024,Noviembre,MORATALAZ,,,,,,,,,,,,,,,,,,,,,,,,,,,,,,,,,
2024,Noviembre,CIUDAD LINEAL,,,,,,,,,,,,,,,,,,,,,,,,,,,,,,,,,
2024,Noviembre,HORTALEZA,,,,,,,,,,,,,,,,,,,,,,,,,,,,,,,,,
2024,Noviembre,VILLAVERDE,,,,,,,,,,,,,,,,,,,,,,,,,,,,,,,,,
2024,Noviembre,VILLA DE VALLECAS,,,,,,,,,,,,,,,,,,,,,,,,,,,,,,,,,
2024,Noviembre,VICÁLVARO,,,,,,,,,,,,,,,,,,,,,,,,,,,,,,,,,
2024,Noviembre,SAN BLAS-CANILLEJAS,,,,,,,,,,,,,,,,,,,,,,,,,,,,,,,,,
2024,Noviembre,BARAJAS,,,,,,,,,,,,,,,,,,,,,,,,,,,,,,,,,
2024,Diciembre,MADRID,,,,,,,,,,,,,,,,,,,,,,,,,,,,,,,,,
2024,Diciembre,CENTRO,,,,,,,,,,,,,,,,,,,,,,,,,,,,,,,,,
2024,Diciembre,ARGANZUELA,,,,,,,,,,,,,,,,,,,,,,,,,,,,,,,,,
2024,Diciembre,RETIRO,,,,,,,,,,,,,,,,,,,,,,,,,,,,,,,,,
2024,Diciembre,SALAMANCA,,,,,,,,,,,,,,,,,,,,,,,,,,,,,,,,,
2024,Diciembre,CHAMARTÍN,,,,,,,,,,,,,,,,,,,,,,,,,,,,,,,,,
2024,Diciembre,TETUÁN,,,,,,,,,,,,,,,,,,,,,,,,,,,,,,,,,
2024,Diciembre,CHAMBERÍ,,,,,,,,,,,,,,,,,,,,,,,,,,,,,,,,,
2024,Diciembre,FUENCARRAL - EL PARDO,,,,,,,,,,,,,,,,,,,,,,,,,,,,,,,,,
2024,Diciembre,MONCLOA - ARAVACA,,,,,,,,,,,,,,,,,,,,,,,,,,,,,,,,,
2024,Diciembre,LATINA,,,,,,,,,,,,,,,,,,,,,,,,,,,,,,,,,
2024,Diciembre,CARABANCHEL,,,,,,,,,,,,,,,,,,,,,,,,,,,,,,,,,
2024,Diciembre,USERA,,,,,,,,,,,,,,,,,,,,,,,,,,,,,,,,,
2024,Diciembre,PUENTE DE VALLECAS,,,,,,,,,,,,,,,,,,,,,,,,,,,,,,,,,
2024,Diciembre,MORATALAZ,,,,,,,,,,,,,,,,,,,,,,,,,,,,,,,,,
2024,Diciembre,CIUDAD LINEAL,,,,,,,,,,,,,,,,,,,,,,,,,,,,,,,,,
2024,Diciembre,HORTALEZA,,,,,,,,,,,,,,,,,,,,,,,,,,,,,,,,,
2024,Diciembre,VILLAVERDE,,,,,,,,,,,,,,,,,,,,,,,,,,,,,,,,,
2024,Diciembre,VILLA DE VALLECAS,,,,,,,,,,,,,,,,,,,,,,,,,,,,,,,,,
2024,Diciembre,VICÁLVARO,,,,,,,,,,,,,,,,,,,,,,,,,,,,,,,,,
2024,Diciembre,SAN BLAS-CANILLEJAS,,,,,,,,,,,,,,,,,,,,,,,,,,,,,,,,,
2024,Diciembre,BARAJAS,,,,,,,,,,,,,,,,,,,,,,,,,,,,,,,,,
,,,,,,,,,,,,,,,,,,,,,,,,,,,,,,,,,,,
,,,,,,,,,,,,,,,,,,,,,,,,,,,,,,,,,,,
Fuente: Servicio Público de Empleo Estatal Elaboración: Subdirección General de Estadística Ayuntamiento de Madrid,,,,,,,,,,,,,,,,,,,,,,,,,,,,,,,,,,,
